Polar Angle 	 Azimuth Angle 	 Intensity 
90.0	0.0	1.1597138175792796
89.0	0.0	1.1612855525679169
88.0	0.0	1.167749153576641
87.00000000000001	0.0	1.1787836145435984
86.0	0.0	1.1938885263851788
85.0	0.0	1.2124001370918505
84.0	0.0	1.2335174004201837
83.0	0.0	1.2563297872783181
82.0	0.0	1.279852147885214
81.0	0.0	1.3030597697847284
80.0	0.0	1.3249261778272716
79.0	0.0	1.3444605424418146
78.00000000000001	0.0	1.3607439127789251
77.0	0.0	1.3729605534831304
76.0	0.0	1.380428889755619
75.0	0.0	1.382622855530412
74.0	0.0	1.379190891392606
73.0	0.0	1.3699659331745615
72.0	0.0	1.3549695249072744
71.0	0.0	1.3344088809979704
70.0	0.0	1.308666114214603
69.00000000000001	0.0	1.2782825672996765
68.0	0.0	1.2439364855199384
67.0	0.0	1.2064165762647028
66.0	0.0	1.1665920432572805
65.0	0.0	1.125380074653658
64.0	0.0	1.0837121560122103
63.0	0.0	1.0425017542472057
62.0	0.0	1.0026123932919655
61.0	0.0	0.9648286675844314
60.00000000000001	0.0	0.9298329353427233
59.00000000000001	0.0	0.8981837745341426
58.00000000000001	0.0	0.8703024688920921
57.00000000000001	0.0	0.8464638027391962
55.99999999999999	0.0	0.826793710729373
55.00000000000001	0.0	0.8112718239605891
54.0	0.0	0.7997412627162215
53.00000000000001	0.0	0.7919215628836561
52.0	0.0	0.7874272821628757
51.00000000000001	0.0	0.7857897399522842
50.00000000000001	0.0	0.7864809116376301
49.00000000000001	0.0	0.7889384980098946
48.0	0.0	0.792590994683178
47.0	0.0	0.7968831532222419
46.00000000000001	0.0	0.8012975251735066
45.0	0.0	0.8053744392574288
44.0	0.0	0.808728061464337
43.0	0.0	0.811057950489238
42.0	0.0	0.8121559126507708
41.0	0.0	0.8119091355684427
40.00000000000001	0.0	0.8102972503402203
39.0	0.0	0.8073862600428846
37.99999999999999	0.0	0.8033175718617066
37.0	0.0	0.7982942872525388
36.0	0.0	0.7925647501363272
35.0	0.0	0.786405507529141
34.0	0.0	0.7801011364949666
33.0	0.0	0.7739277923402188
31.99999999999999	0.0	0.76813479825998
31.0	0.0	0.7629299562259564
30.000000000000004	0.0	0.758467599842017
29.00000000000001	0.0	0.7548393891673119
28.000000000000007	0.0	0.7520688267811106
27.00000000000001	0.0	0.7501106702183198
25.999999999999996	0.0	0.7488534780822371
25.000000000000004	0.0	0.7481256815441965
24.000000000000004	0.0	0.7477061605042387
22.999999999999993	0.0	0.7473371700097099
21.999999999999996	0.0	0.7467394210769597
21.0	0.0	0.7456281407871741
20.00000000000001	0.0	0.7437314826401381
19.000000000000014	0.0	0.7408063907952409
18.00000000000001	0.0	0.7366548560221385
17.000000000000007	0.0	0.7311374296838327
15.999999999999995	0.0	0.7241847791714788
14.999999999999996	0.0	0.7158051303878213
14.0	0.0	0.7060881848437383
12.999999999999996	0.0	0.6952053155130684
12.000000000000018	0.0	0.6834054538812396
10.999999999999993	0.0	0.6710072557521787
10.000000000000012	0.0	0.6583869582490226
8.999999999999984	0.0	0.6459638865569016
7.999999999999981	0.0	0.6341828269884884
7.000000000000025	0.0	0.623495029065754
6.000000000000026	0.0	0.6143382283275902
4.999999999999992	0.0	0.6071170608470842
4.000000000000042	0.0	0.602183281893967
3.0000000000000444	0.0	0.5998193141291255
1.9999999999999472	0.0	0.6002231667829038
0.9999999999999002	0.0	0.6034982512040868
0.0	0.0	0.6096455466668111
0.9999999999999002	180.0	0.6185608584029824
1.9999999999999472	180.0	0.6300365802957215
3.0000000000000444	180.0	0.6437685497983177
4.000000000000042	180.0	0.6593654489659363
4.999999999999992	180.0	0.676364081132144
6.000000000000026	180.0	0.6942468019885336
6.9999999999999725	180.0	0.7124618884867572
7.999999999999981	180.0	0.730445670434005
8.999999999999984	180.0	0.7476450537981384
10.000000000000012	180.0	0.7635404357224777
10.999999999999993	180.0	0.7776666609923171
11.999999999999988	180.0	0.7896328033724765
12.999999999999996	180.0	0.7991374422838265
14.0	180.0	0.8059821767863685
14.999999999999996	180.0	0.8100790680626698
15.999999999999995	180.0	0.811454360659581
16.99999999999999	180.0	0.8102476990689274
17.999999999999986	180.0	0.8067044893892464
18.999999999999996	180.0	0.8011670858585617
19.999999999999993	180.0	0.794058339048894
21.0	180.0	0.7858645564962915
21.999999999999996	180.0	0.7771137628150058
23.00000000000001	180.0	0.7683533722471848
24.000000000000004	180.0	0.7601266860836053
24.99999999999999	180.0	0.7529497817940566
26.000000000000007	180.0	0.7472893814318623
26.999999999999996	180.0	0.7435436578608106
28.000000000000007	180.0	0.74202617465932
28.999999999999996	180.0	0.742952176282532
29.999999999999993	180.0	0.7464319289981857
31.0	180.0	0.7524664120804172
31.99999999999999	180.0	0.7609500597773414
33.0	180.0	0.7716768328106974
34.0	180.0	0.7843509903913458
35.000000000000014	180.0	0.7986041295892397
36.0	180.0	0.8140124205582218
37.000000000000014	180.0	0.830118346421849
37.99999999999999	180.0	0.8464545975623158
38.99999999999999	180.0	0.8625660073611058
40.00000000000001	180.0	0.8780340340523974
40.999999999999986	180.0	0.8924967379154429
42.0	180.0	0.9056685626121197
43.0	180.0	0.9173546325893194
44.00000000000001	180.0	0.9274627002234099
45.0	180.0	0.9360076504812618
46.000000000000014	180.0	0.9431140470330025
47.0	180.0	0.9490104524620265
47.999999999999986	180.0	0.9540204189429418
49.00000000000001	180.0	0.9585479949843537
49.99999999999999	180.0	0.9630593150751043
51.00000000000001	180.0	0.9680596846694846
51.99999999999999	180.0	0.9740698817531377
53.000000000000014	180.0	0.9815999122962084
53.99999999999999	180.0	0.9911217864323559
55.000000000000014	180.0	1.0030454283150032
55.99999999999999	180.0	1.017694194263931
56.999999999999986	180.0	1.0352852872825535
58.00000000000001	180.0	1.0559136969620844
58.99999999999999	180.0	1.0795404481919018
60.00000000000001	180.0	1.1059879006436948
61.0	180.0	1.1349393570618094
62.000000000000014	180.0	1.1659459181822007
63.0	180.0	1.1984390174413784
64.00000000000001	180.0	1.2317478520560292
65.0	180.0	1.265122298037807
65.99999999999999	180.0	1.2977603298691456
67.0	180.0	1.3288370070176905
68.0	180.0	1.3575365941279687
69.00000000000001	180.0	1.3830850729227095
70.0	180.0	1.4047810872655502
71.00000000000001	180.0	1.4220255172399499
72.0	180.0	1.4343473319863853
73.00000000000001	180.0	1.4414253295881754
74.0	180.0	1.4431036096028338
74.99999999999999	180.0	1.4394023450775668
76.0	180.0	1.4305201328071997
77.0	180.0	1.4168308596569428
78.00000000000001	180.0	1.398872538837237
79.0	180.0	1.3773306622434376
80.00000000000001	180.0	1.3530145020217195
81.0	180.0	1.3268296908932613
82.00000000000001	180.0	1.2997447309787873
83.0	180.0	1.2727563274941447
83.99999999999999	180.0	1.2468533514620914
85.0	180.0	1.2229792355854643
86.0	180.0	1.2019963286686206
87.00000000000001	180.0	1.1846547546999078
88.0	180.0	1.1715624470630923
89.00000000000001	180.0	1.1631618418129197
90.0	180.0	1.1597138175792796
91.00000000000001	180.0	1.1612855525679169
92.0	180.0	1.167749153576641
92.99999999999999	180.0	1.1787836145435984
94.0	180.0	1.1938885263851788
95.0	180.0	1.2124001370918505
96.00000000000001	180.0	1.2335174004201837
97.0	180.0	1.2563297872783181
98.00000000000001	180.0	1.279852147885214
99.0	180.0	1.3030597697847284
100.00000000000001	180.0	1.3249261778272716
101.0	180.0	1.3444605424418146
102.00000000000001	180.0	1.3607439127789251
103.0	180.0	1.3729605534831304
104.0	180.0	1.380428889755619
105.00000000000001	180.0	1.382622855530412
106.0	180.0	1.379190891392606
107.00000000000001	180.0	1.3699659331745615
108.0	180.0	1.3549695249072744
109.00000000000001	180.0	1.3344088809979704
110.0	180.0	1.308666114214603
111.00000000000001	180.0	1.2782825672996765
112.0	180.0	1.2439364855199384
113.0	180.0	1.2064165762647028
114.00000000000001	180.0	1.1665920432572805
115.0	180.0	1.125380074653658
116.00000000000001	180.0	1.0837121560122103
117.0	180.0	1.0425017542472057
118.00000000000001	180.0	1.0026123932919655
119.0	180.0	0.9648286675844314
120.00000000000001	180.0	0.9298329353427233
121.0	180.0	0.8981837745341426
122.0	180.0	0.8703024688920921
123.00000000000001	180.0	0.8464638027391962
124.0	180.0	0.826793710729373
125.00000000000001	180.0	0.8112718239605891
126.0	180.0	0.7997412627162215
127.00000000000001	180.0	0.7919215628836561
128.0	180.0	0.7874272821628757
129.00000000000003	180.0	0.7857897399522842
130.0	180.0	0.7864809116376301
131.0	180.0	0.7889384980098946
132.0	180.0	0.792590994683178
133.0	180.0	0.7968831532222419
134.0	180.0	0.8012975251735066
135.0	180.0	0.8053744392574288
136.0	180.0	0.808728061464337
137.0	180.0	0.811057950489238
138.00000000000003	180.0	0.8121559126507708
139.0	180.0	0.8119091355684427
140.0	180.0	0.8102972503402203
140.99999999999997	180.0	0.8073862600428846
142.00000000000003	180.0	0.8033175718617066
143.0	180.0	0.7982942872525388
144.0	180.0	0.7925647501363272
145.0	180.0	0.786405507529141
146.00000000000003	180.0	0.7801011364949666
147.00000000000003	180.0	0.7739277923402188
148.0	180.0	0.76813479825998
149.0	180.0	0.7629299562259564
149.99999999999997	180.0	0.758467599842017
151.00000000000003	180.0	0.7548393891673119
152.0	180.0	0.7520688267811106
153.0	180.0	0.7501106702183198
154.0	180.0	0.7488534780822371
155.00000000000003	180.0	0.7481256815441965
156.00000000000003	180.0	0.7477061605042387
157.0	180.0	0.7473371700097099
158.0	180.0	0.7467394210769597
158.99999999999997	180.0	0.7456281407871741
160.00000000000003	180.0	0.7437314826401381
161.0	180.0	0.7408063907952409
162.0	180.0	0.7366548560221385
163.0	180.0	0.7311374296838327
164.00000000000003	180.0	0.7241847791714788
165.00000000000003	180.0	0.7158051303878213
166.0	180.0	0.7060881848437383
167.0	180.0	0.6952053155130684
167.99999999999997	180.0	0.6834054538812396
169.00000000000003	180.0	0.6710072557521787
169.99999999999997	180.0	0.6583869582490226
170.99999999999997	180.0	0.6459638865569016
172.0	180.0	0.6341828269884884
173.00000000000003	180.0	0.623495029065754
174.00000000000003	180.0	0.6143382283275902
175.0	180.0	0.6071170608470842
175.99999999999997	180.0	0.602183281893967
176.99999999999994	180.0	0.5998193141291255
178.00000000000006	180.0	0.6002231667829038
179.0000000000001	180.0	0.6034982512040868
180.0	180.0	0.6096455466668111
179.0000000000001	0.0	0.6185608584029824
178.00000000000006	0.0	0.6300365802957215
176.99999999999994	0.0	0.6437685497983177
176.00000000000006	0.0	0.6593654489659363
175.0	0.0	0.676364081132144
174.00000000000003	0.0	0.6942468019885336
172.99999999999997	0.0	0.7124618884867572
172.0	0.0	0.730445670434005
171.00000000000003	0.0	0.7476450537981384
170.00000000000003	0.0	0.7635404357224777
168.99999999999997	0.0	0.7776666609923171
167.99999999999997	0.0	0.7896328033724765
167.00000000000003	0.0	0.7991374422838265
166.00000000000003	0.0	0.8059821767863685
165.00000000000003	0.0	0.8100790680626698
163.99999999999997	0.0	0.811454360659581
163.0	0.0	0.8102476990689274
162.00000000000003	0.0	0.8067044893892464
161.00000000000003	0.0	0.8011670858585617
160.0	0.0	0.794058339048894
159.0	0.0	0.7858645564962915
158.00000000000003	0.0	0.7771137628150058
157.00000000000003	0.0	0.7683533722471848
156.00000000000003	0.0	0.7601266860836053
154.99999999999997	0.0	0.7529497817940566
154.0	0.0	0.7472893814318623
153.00000000000003	0.0	0.7435436578608106
152.0	0.0	0.74202617465932
150.99999999999997	0.0	0.742952176282532
150.0	0.0	0.7464319289981857
149.0	0.0	0.7524664120804172
148.0	0.0	0.7609500597773414
147.00000000000003	0.0	0.7716768328106974
146.0	0.0	0.7843509903913458
145.0	0.0	0.7986041295892397
144.00000000000003	0.0	0.8140124205582218
143.0	0.0	0.830118346421849
142.0	0.0	0.8464545975623158
140.99999999999997	0.0	0.8625660073611058
140.00000000000003	0.0	0.8780340340523974
139.00000000000003	0.0	0.8924967379154429
138.00000000000003	0.0	0.9056685626121197
137.0	0.0	0.9173546325893194
136.0	0.0	0.9274627002234099
135.00000000000003	0.0	0.9360076504812618
134.00000000000003	0.0	0.9431140470330025
132.99999999999997	0.0	0.9490104524620265
131.99999999999997	0.0	0.9540204189429418
131.00000000000003	0.0	0.9585479949843537
130.00000000000003	0.0	0.9630593150751043
129.00000000000003	0.0	0.9680596846694846
128.0	0.0	0.9740698817531377
126.99999999999999	0.0	0.9815999122962084
126.00000000000003	0.0	0.9911217864323559
125.00000000000004	0.0	1.0030454283150032
123.99999999999997	0.0	1.017694194263931
122.99999999999999	0.0	1.0352852872825535
122.0	0.0	1.0559136969620844
121.0	0.0	1.0795404481919018
120.00000000000001	0.0	1.1059879006436948
119.0	0.0	1.1349393570618094
118.00000000000001	0.0	1.1659459181822007
117.00000000000003	0.0	1.1984390174413784
116.00000000000004	0.0	1.2317478520560292
115.0	0.0	1.265122298037807
114.00000000000001	0.0	1.2977603298691456
113.00000000000001	0.0	1.3288370070176905
112.00000000000003	0.0	1.3575365941279687
111.00000000000004	0.0	1.3830850729227095
110.0	0.0	1.4047810872655502
109.00000000000001	0.0	1.4220255172399499
108.00000000000003	0.0	1.4343473319863853
107.00000000000004	0.0	1.4414253295881754
106.0	0.0	1.4431036096028338
105.0	0.0	1.4394023450775668
104.00000000000001	0.0	1.4305201328071997
103.00000000000001	0.0	1.4168308596569428
102.00000000000003	0.0	1.398872538837237
100.99999999999999	0.0	1.3773306622434376
100.0	0.0	1.3530145020217195
99.00000000000001	0.0	1.3268296908932613
98.00000000000003	0.0	1.2997447309787873
96.99999999999999	0.0	1.2727563274941447
96.0	0.0	1.2468533514620914
95.0	0.0	1.2229792355854643
94.00000000000001	0.0	1.2019963286686206
93.00000000000003	0.0	1.1846547546999078
91.99999999999999	0.0	1.1715624470630923
91.0	0.0	1.1631618418129197
90.0	90.0	2.128977030162182
89.0	90.0	2.1268267400138643
88.0	90.0	2.121862603562524
87.00000000000001	90.0	2.114102443597441
86.0	90.0	2.1035979657930075
85.0	90.0	2.090432212595976
84.0	90.0	2.0747174088223557
83.0	90.0	2.0565910445608737
82.0	90.0	2.036210978802289
81.0	90.0	2.0137507389235405
80.0	90.0	1.9893944284622371
79.0	90.0	1.9633308514718433
78.00000000000001	90.0	1.9357488120058226
77.0	90.0	1.9068322177469574
76.0	90.0	1.8767557712011502
75.0	90.0	1.8456814443105323
74.0	90.0	1.813756324050364
73.0	90.0	1.781110653880763
72.0	90.0	1.747857833746704
71.0	90.0	1.7140946159328456
70.0	90.0	1.6799028677569763
69.00000000000001	90.0	1.6453521176827677
68.0	90.0	1.6105028848518386
67.0	90.0	1.575410008615817
66.0	90.0	1.5401271531973681
65.0	90.0	1.5047111164963936
64.0	90.0	1.4692255513317465
63.0	90.0	1.4337454701022627
62.0	90.0	1.398359203335029
61.0	90.0	1.3631717292174483
60.00000000000001	90.0	1.3283060445810306
59.00000000000001	90.0	1.29390257733691
58.00000000000001	90.0	1.2601191864758454
57.00000000000001	90.0	1.2271286159554669
55.99999999999999	90.0	1.1951147734585568
55.00000000000001	90.0	1.164269792570642
54.0	90.0	1.134786982006213
53.00000000000001	90.0	1.1068559292380424
52.0	90.0	1.0806558414330591
51.00000000000001	90.0	1.0563481029689128
50.00000000000001	90.0	1.0340702039343284
49.00000000000001	90.0	1.0139290810649821
48.0	90.0	0.9959956338083361
47.0	90.0	0.9802990445336501
46.00000000000001	90.0	0.9668240365643987
45.0	90.0	0.9555079363558641
44.0	90.0	0.9462398900758253
43.0	90.0	0.9388620387335237
42.0	90.0	0.9331716725827609
41.0	90.0	0.9289257357829266
40.00000000000001	90.0	0.9258459186245063
39.0	90.0	0.9236262958673439
37.99999999999999	90.0	0.9219417484982138
37.0	90.0	0.9204561896335639
36.0	90.0	0.9188337282446701
35.0	90.0	0.9167478743345159
34.0	90.0	0.9138917233888088
33.0	90.0	0.9099879449721707
31.99999999999999	90.0	0.9047968127760543
31.0	90.0	0.8981250180859692
30.000000000000004	90.0	0.8898307620069903
29.00000000000001	90.0	0.8798294352537481
28.000000000000007	90.0	0.8680955766987006
27.00000000000001	90.0	0.8546644402107522
25.999999999999996	90.0	0.8396310153811161
25.000000000000004	90.0	0.8231461104267707
24.000000000000004	90.0	0.8054124350939142
22.999999999999993	90.0	0.786677745739011
21.999999999999996	90.0	0.7672266194260471
21.0	90.0	0.7473714446044778
20.00000000000001	90.0	0.7274422366582101
19.000000000000014	90.0	0.7077766493094134
18.00000000000001	90.0	0.6887088108933671
17.000000000000007	90.0	0.670558944052616
15.999999999999995	90.0	0.65362416056009
14.999999999999996	90.0	0.638168864432569
14.0	90.0	0.6244180928665575
12.999999999999996	90.0	0.6125508571741566
12.000000000000018	90.0	0.602695833976866
10.999999999999993	90.0	0.594929210802484
10.000000000000012	90.0	0.5892735109561434
8.999999999999984	90.0	0.585699356213758
7.999999999999981	90.0	0.5841276212251206
7.000000000000025	90.0	0.5844345257394128
6.000000000000026	90.0	0.5864579019596761
4.999999999999992	90.0	0.5900032660424567
4.000000000000042	90.0	0.5948522398553768
3.0000000000000444	90.0	0.6007717561540157
1.9999999999999472	90.0	0.6075213052105168
0.9999999999999002	90.0	0.6148625317001238
0.0	90.0	0.6225670688942694
0.9999999999999002	270.0	0.6304235894343567
1.9999999999999472	270.0	0.6382442685410582
3.0000000000000444	270.0	0.6458702679494788
4.000000000000042	270.0	0.6531746737315637
4.999999999999992	270.0	0.6600660216829899
6.000000000000026	270.0	0.666487905613511
6.9999999999999725	270.0	0.6724193690566118
7.999999999999981	270.0	0.6778723591567541
8.999999999999984	270.0	0.6828891805566231
10.000000000000012	270.0	0.6875372073167904
10.999999999999993	270.0	0.6919053575288252
11.999999999999988	270.0	0.6960976301059945
12.999999999999996	270.0	0.7002272291384455
14.0	270.0	0.7044114716676978
14.999999999999996	270.0	0.7087649327676893
15.999999999999995	270.0	0.7133961160127137
16.99999999999999	270.0	0.7184015778326022
17.999999999999986	270.0	0.7238624021258343
18.999999999999996	270.0	0.7298430251305735
19.999999999999993	270.0	0.7363881017474314
21.0	270.0	0.7435228972491226
21.999999999999996	270.0	0.7512540706997735
23.00000000000001	270.0	0.7595708500838854
24.000000000000004	270.0	0.7684481659835712
24.99999999999999	270.0	0.7778490018364816
26.000000000000007	270.0	0.7877290944516595
26.999999999999996	270.0	0.7980402635416026
28.000000000000007	270.0	0.8087355039477723
28.999999999999996	270.0	0.8197717276081746
29.999999999999993	270.0	0.8311146599280419
31.0	270.0	0.842741777602241
31.99999999999999	270.0	0.8546442671635459
33.0	270.0	0.8668291793857376
34.0	270.0	0.8793206044125669
35.000000000000014	270.0	0.8921586924836189
36.0	270.0	0.9053998497891401
37.000000000000014	270.0	0.9191132130831481
37.99999999999999	270.0	0.9333796704092946
38.99999999999999	270.0	0.9482871605850125
40.00000000000001	270.0	0.9639279312339338
40.999999999999986	270.0	0.9803930548507275
42.0	270.0	0.9977698826883444
43.0	270.0	1.0161365608228552
44.00000000000001	270.0	1.0355583089117324
45.0	270.0	1.056084874081096
46.000000000000014	270.0	1.0777468096839962
47.0	270.0	1.1005539084617952
47.999999999999986	270.0	1.124494223270031
49.00000000000001	270.0	1.1495330878042813
49.99999999999999	270.0	1.1756150751484362
51.00000000000001	270.0	1.2026641936295246
51.99999999999999	270.0	1.2305874122046054
53.000000000000014	270.0	1.2592770107186941
53.99999999999999	270.0	1.2886146928561348
55.000000000000014	270.0	1.3184749156726638
55.99999999999999	270.0	1.3487301776757452
56.999999999999986	270.0	1.3792541525018063
58.00000000000001	270.0	1.4099259977224368
58.99999999999999	270.0	1.440634467795762
60.00000000000001	270.0	1.4712796767598872
61.0	270.0	1.501777015329443
62.000000000000014	270.0	1.5320565633311027
63.0	270.0	1.5620656358163378
64.00000000000001	270.0	1.5917668245131444
65.0	270.0	1.6211376061163896
65.99999999999999	270.0	1.6501677961750563
67.0	270.0	1.678856611269836
68.0	270.0	1.7072091436262367
69.00000000000001	270.0	1.7352326398728668
70.0	270.0	1.7629318005255796
71.00000000000001	270.0	1.7903048628909304
72.0	270.0	1.8173394881148026
73.00000000000001	270.0	1.844008844085864
74.0	270.0	1.8702684717583296
74.99999999999999	270.0	1.896053739039209
76.0	270.0	1.9212790573689962
77.0	270.0	1.9458361190282252
78.00000000000001	270.0	1.9695950722664326
79.0	270.0	1.9924060881407764
80.00000000000001	270.0	2.014101710773963
81.0	270.0	2.034499991031481
82.00000000000001	270.0	2.0534095787471136
83.0	270.0	2.070633835674307
83.99999999999999	270.0	2.0859765152761622
85.0	270.0	2.099247442515425
86.0	270.0	2.110268389499302
87.00000000000001	270.0	2.118877384285663
88.0	270.0	2.124935565801991
89.00000000000001	270.0	2.1283297299581387
90.0	270.0	2.128977030162182
91.00000000000001	270.0	2.1268267400138643
92.0	270.0	2.121862603562524
92.99999999999999	270.0	2.114102443597441
94.0	270.0	2.1035979657930075
95.0	270.0	2.090432212595976
96.00000000000001	270.0	2.0747174088223557
97.0	270.0	2.0565910445608737
98.00000000000001	270.0	2.036210978802289
99.0	270.0	2.0137507389235405
100.00000000000001	270.0	1.9893944284622371
101.0	270.0	1.9633308514718433
102.00000000000001	270.0	1.9357488120058226
103.0	270.0	1.9068322177469574
104.0	270.0	1.8767557712011502
105.00000000000001	270.0	1.8456814443105323
106.0	270.0	1.813756324050364
107.00000000000001	270.0	1.781110653880763
108.0	270.0	1.747857833746704
109.00000000000001	270.0	1.7140946159328456
110.0	270.0	1.6799028677569763
111.00000000000001	270.0	1.6453521176827677
112.0	270.0	1.6105028848518386
113.0	270.0	1.575410008615817
114.00000000000001	270.0	1.5401271531973681
115.0	270.0	1.5047111164963936
116.00000000000001	270.0	1.4692255513317465
117.0	270.0	1.4337454701022627
118.00000000000001	270.0	1.398359203335029
119.0	270.0	1.3631717292174483
120.00000000000001	270.0	1.3283060445810306
121.0	270.0	1.29390257733691
122.0	270.0	1.2601191864758454
123.00000000000001	270.0	1.2271286159554669
124.0	270.0	1.1951147734585568
125.00000000000001	270.0	1.164269792570642
126.0	270.0	1.134786982006213
127.00000000000001	270.0	1.1068559292380424
128.0	270.0	1.0806558414330591
129.00000000000003	270.0	1.0563481029689128
130.0	270.0	1.0340702039343284
131.0	270.0	1.0139290810649821
132.0	270.0	0.9959956338083361
133.0	270.0	0.9802990445336501
134.0	270.0	0.9668240365643987
135.0	270.0	0.9555079363558641
136.0	270.0	0.9462398900758253
137.0	270.0	0.9388620387335237
138.00000000000003	270.0	0.9331716725827609
139.0	270.0	0.9289257357829266
140.0	270.0	0.9258459186245063
140.99999999999997	270.0	0.9236262958673439
142.00000000000003	270.0	0.9219417484982138
143.0	270.0	0.9204561896335639
144.0	270.0	0.9188337282446701
145.0	270.0	0.9167478743345159
146.00000000000003	270.0	0.9138917233888088
147.00000000000003	270.0	0.9099879449721707
148.0	270.0	0.9047968127760543
149.0	270.0	0.8981250180859692
149.99999999999997	270.0	0.8898307620069903
151.00000000000003	270.0	0.8798294352537481
152.0	270.0	0.8680955766987006
153.0	270.0	0.8546644402107522
154.0	270.0	0.8396310153811161
155.00000000000003	270.0	0.8231461104267707
156.00000000000003	270.0	0.8054124350939142
157.0	270.0	0.786677745739011
158.0	270.0	0.7672266194260471
158.99999999999997	270.0	0.7473714446044778
160.00000000000003	270.0	0.7274422366582101
161.0	270.0	0.7077766493094134
162.0	270.0	0.6887088108933671
163.0	270.0	0.670558944052616
164.00000000000003	270.0	0.65362416056009
165.00000000000003	270.0	0.638168864432569
166.0	270.0	0.6244180928665575
167.0	270.0	0.6125508571741566
167.99999999999997	270.0	0.602695833976866
169.00000000000003	270.0	0.594929210802484
169.99999999999997	270.0	0.5892735109561434
170.99999999999997	270.0	0.585699356213758
172.0	270.0	0.5841276212251206
173.00000000000003	270.0	0.5844345257394128
174.00000000000003	270.0	0.5864579019596761
175.0	270.0	0.5900032660424567
175.99999999999997	270.0	0.5948522398553768
176.99999999999994	270.0	0.6007717561540157
178.00000000000006	270.0	0.6075213052105168
179.0000000000001	270.0	0.6148625317001238
180.0	270.0	0.6225670688942694
179.0000000000001	90.0	0.6304235894343567
178.00000000000006	90.0	0.6382442685410582
176.99999999999994	90.0	0.6458702679494788
176.00000000000006	90.0	0.6531746737315637
175.0	90.0	0.6600660216829899
174.00000000000003	90.0	0.666487905613511
172.99999999999997	90.0	0.6724193690566118
172.0	90.0	0.6778723591567541
171.00000000000003	90.0	0.6828891805566231
170.00000000000003	90.0	0.6875372073167904
168.99999999999997	90.0	0.6919053575288252
167.99999999999997	90.0	0.6960976301059945
167.00000000000003	90.0	0.7002272291384455
166.00000000000003	90.0	0.7044114716676978
165.00000000000003	90.0	0.7087649327676893
163.99999999999997	90.0	0.7133961160127137
163.0	90.0	0.7184015778326022
162.00000000000003	90.0	0.7238624021258343
161.00000000000003	90.0	0.7298430251305735
160.0	90.0	0.7363881017474314
159.0	90.0	0.7435228972491226
158.00000000000003	90.0	0.7512540706997735
157.00000000000003	90.0	0.7595708500838854
156.00000000000003	90.0	0.7684481659835712
154.99999999999997	90.0	0.7778490018364816
154.0	90.0	0.7877290944516595
153.00000000000003	90.0	0.7980402635416026
152.0	90.0	0.8087355039477723
150.99999999999997	90.0	0.8197717276081746
150.0	90.0	0.8311146599280419
149.0	90.0	0.842741777602241
148.0	90.0	0.8546442671635459
147.00000000000003	90.0	0.8668291793857376
146.0	90.0	0.8793206044125669
145.0	90.0	0.8921586924836189
144.00000000000003	90.0	0.9053998497891401
143.0	90.0	0.9191132130831481
142.0	90.0	0.9333796704092946
140.99999999999997	90.0	0.9482871605850125
140.00000000000003	90.0	0.9639279312339338
139.00000000000003	90.0	0.9803930548507275
138.00000000000003	90.0	0.9977698826883444
137.0	90.0	1.0161365608228552
136.0	90.0	1.0355583089117324
135.00000000000003	90.0	1.056084874081096
134.00000000000003	90.0	1.0777468096839962
132.99999999999997	90.0	1.1005539084617952
131.99999999999997	90.0	1.124494223270031
131.00000000000003	90.0	1.1495330878042813
130.00000000000003	90.0	1.1756150751484362
129.00000000000003	90.0	1.2026641936295246
128.0	90.0	1.2305874122046054
126.99999999999999	90.0	1.2592770107186941
126.00000000000003	90.0	1.2886146928561348
125.00000000000004	90.0	1.3184749156726638
123.99999999999997	90.0	1.3487301776757452
122.99999999999999	90.0	1.3792541525018063
122.0	90.0	1.4099259977224368
121.0	90.0	1.440634467795762
120.00000000000001	90.0	1.4712796767598872
119.0	90.0	1.501777015329443
118.00000000000001	90.0	1.5320565633311027
117.00000000000003	90.0	1.5620656358163378
116.00000000000004	90.0	1.5917668245131444
115.0	90.0	1.6211376061163896
114.00000000000001	90.0	1.6501677961750563
113.00000000000001	90.0	1.678856611269836
112.00000000000003	90.0	1.7072091436262367
111.00000000000004	90.0	1.7352326398728668
110.0	90.0	1.7629318005255796
109.00000000000001	90.0	1.7903048628909304
108.00000000000003	90.0	1.8173394881148026
107.00000000000004	90.0	1.844008844085864
106.0	90.0	1.8702684717583296
105.0	90.0	1.896053739039209
104.00000000000001	90.0	1.9212790573689962
103.00000000000001	90.0	1.9458361190282252
102.00000000000003	90.0	1.9695950722664326
100.99999999999999	90.0	1.9924060881407764
100.0	90.0	2.014101710773963
99.00000000000001	90.0	2.034499991031481
98.00000000000003	90.0	2.0534095787471136
96.99999999999999	90.0	2.070633835674307
96.0	90.0	2.0859765152761622
95.0	90.0	2.099247442515425
94.00000000000001	90.0	2.110268389499302
93.00000000000003	90.0	2.118877384285663
91.99999999999999	90.0	2.124935565801991
91.0	90.0	2.1283297299581387
90.0	45.0	1.395643284445629
89.0	45.0	1.3924776828728755
88.0	45.0	1.3887135489480629
87.00000000000001	45.0	1.3843440277522372
86.0	45.0	1.3793509047864652
85.0	45.0	1.3737055852459685
84.0	45.0	1.3673712484232257
83.0	45.0	1.36030500211107
82.0	45.0	1.3524602328606175
81.0	45.0	1.3437907189326381
80.0	45.0	1.3342521971361747
79.0	45.0	1.323806867489569
78.00000000000001	45.0	1.3124257434783893
77.0	45.0	1.3000911981681829
76.0	45.0	1.2867995103172325
75.0	45.0	1.2725622353603454
74.0	45.0	1.2574079681022994
73.0	45.0	1.2413833219919788
72.0	45.0	1.2245511664289288
71.0	45.0	1.2069923894568018
70.0	45.0	1.1888025682312926
69.00000000000001	45.0	1.1700915773104859
68.0	45.0	1.1509810425421
67.0	45.0	1.1316010115314261
66.0	45.0	1.1120881909478804
65.0	45.0	1.0925826169929425
64.0	45.0	1.0732241300132654
63.0	45.0	1.0541502200975745
62.0	45.0	1.0354925016897782
61.0	45.0	1.017374755040695
60.00000000000001	45.0	0.9999103800953
59.00000000000001	45.0	0.9832012213637596
58.00000000000001	45.0	0.9673356093731615
57.00000000000001	45.0	0.9523873813933769
55.99999999999999	45.0	0.9384160772918878
55.00000000000001	45.0	0.9254667436789609
54.0	45.0	0.9135693463431642
53.00000000000001	45.0	0.9027405329448138
52.0	45.0	0.8929832413063183
51.00000000000001	45.0	0.8842886579604516
50.00000000000001	45.0	0.8766370015696622
49.00000000000001	45.0	0.8699977187808996
48.0	45.0	0.8643316386287152
47.0	45.0	0.8595907766804339
46.00000000000001	45.0	0.8557197060199457
45.0	45.0	0.8526557531025323
44.0	45.0	0.8503291936096944
43.0	45.0	0.848663840013634
42.0	45.0	0.8475766498675997
41.0	45.0	0.8469781175155403
40.00000000000001	45.0	0.8467716865276247
39.0	45.0	0.8468541414098945
37.99999999999999	45.0	0.8471161951687477
37.0	45.0	0.8474415100368009
36.0	45.0	0.8477088518759898
35.0	45.0	0.8477922860323959
34.0	45.0	0.8475625483200381
33.0	45.0	0.8468890035691441
31.99999999999999	45.0	0.8456418000292509
31.0	45.0	0.8436946113367857
30.000000000000004	45.0	0.8409273784826476
29.00000000000001	45.0	0.837229835199098
28.000000000000007	45.0	0.8325042499273418
27.00000000000001	45.0	0.8266699304785545
25.999999999999996	45.0	0.8196663577111171
25.000000000000004	45.0	0.8114559274981988
24.000000000000004	45.0	0.8020276719694742
22.999999999999993	45.0	0.791399218059395
21.999999999999996	45.0	0.7796187460554633
21.0	45.0	0.7667663605820224
20.00000000000001	45.0	0.7529538947454288
19.000000000000014	45.0	0.7383247142792254
18.00000000000001	45.0	0.7230513672862148
17.000000000000007	45.0	0.7073336256901862
15.999999999999995	45.0	0.6913939805748898
14.999999999999996	45.0	0.6754741167971449
14.0	45.0	0.6598284497775424
12.999999999999996	45.0	0.6447186415652809
12.000000000000018	45.0	0.6304067459192138
10.999999999999993	45.0	0.6171485492437221
10.000000000000012	45.0	0.6051863239601076
8.999999999999984	45.0	0.5947417777328109
7.999999999999981	45.0	0.5860097861149406
7.000000000000025	45.0	0.5791525169034548
6.000000000000026	45.0	0.5742937503491724
4.999999999999992	45.0	0.5715155496247086
4.000000000000042	45.0	0.5708545395827584
3.0000000000000444	45.0	0.572300731627132
1.9999999999999472	45.0	0.5757971320031015
0.9999999999999002	45.0	0.5812409169263634
0.0	45.0	0.5884859786957932
0.9999999999999002	225.0	0.5973468427899905
1.9999999999999472	225.0	0.6076043476572687
3.0000000000000444	225.0	0.6190111286508176
4.000000000000042	225.0	0.631300039786276
4.999999999999992	225.0	0.6441906169510296
6.000000000000026	225.0	0.6573986747907465
6.9999999999999725	225.0	0.6706443367572946
7.999999999999981	225.0	0.6836600651566574
8.999999999999984	225.0	0.6961986911968526
10.000000000000012	225.0	0.7080412491810208
10.999999999999993	225.0	0.7190026562974158
11.999999999999988	225.0	0.7289362172804313
12.999999999999996	225.0	0.7377391083457642
14.0	225.0	0.7453535523193773
14.999999999999996	225.0	0.7517672103471541
15.999999999999995	225.0	0.7570141611690352
16.99999999999999	225.0	0.761170788167646
17.999999999999986	225.0	0.7643534291103697
18.999999999999996	225.0	0.7667132839238391
19.999999999999993	225.0	0.768429559774983
21.0	225.0	0.7697037912810359
21.999999999999996	225.0	0.770751418751967
23.00000000000001	225.0	0.7717947374166987
24.000000000000004	225.0	0.7730540839558809
24.99999999999999	225.0	0.7747409815829382
26.000000000000007	225.0	0.7770510892702874
26.999999999999996	225.0	0.7801567592659041
28.000000000000007	225.0	0.7842031199967762
28.999999999999996	225.0	0.7893022004240876
29.999999999999993	225.0	0.7955313632046
31.0	225.0	0.802930954432726
31.99999999999999	225.0	0.8115037160760465
33.0	225.0	0.8212167445235848
34.0	225.0	0.8320038408437321
35.000000000000014	225.0	0.8437684486066569
36.0	225.0	0.8563891378194675
37.000000000000014	225.0	0.8697245012968935
37.99999999999999	225.0	0.8836190303061026
38.99999999999999	225.0	0.8979107529049636
40.00000000000001	225.0	0.9124357386030729
40.999999999999986	225.0	0.9270361284096713
42.0	225.0	0.9415648353494983
43.0	225.0	0.9558914201076087
44.00000000000001	225.0	0.9699060081259188
45.0	225.0	0.9835232066997497
46.000000000000014	225.0	0.9966838676712735
47.0	225.0	1.009356458413304
47.999999999999986	225.0	1.0215374535389505
49.00000000000001	225.0	1.0332491804985195
49.99999999999999	225.0	1.044538644450549
51.00000000000001	225.0	1.055473023600784
51.99999999999999	225.0	1.0661369272345946
53.000000000000014	225.0	1.0766273034914664
53.99999999999999	225.0	1.0870477595750119
55.000000000000014	225.0	1.0975040570919432
55.99999999999999	225.0	1.1080988239717364
56.999999999999986	225.0	1.1189256788218143
58.00000000000001	225.0	1.130066293105138
58.99999999999999	225.0	1.1415847113502164
60.00000000000001	225.0	1.153525196748007
61.0	225.0	1.1659098808939878
62.000000000000014	225.0	1.1787368052398868
63.0	225.0	1.1919805086581625
64.00000000000001	225.0	1.2055916357323488
65.0	225.0	1.2194996787246377
65.99999999999999	225.0	1.2336141527048423
67.0	225.0	1.247828512646942
68.0	225.0	1.2620240705256258
69.00000000000001	225.0	1.276073324848358
70.0	225.0	1.2898448570260577
71.00000000000001	225.0	1.3032078360341253
72.0	225.0	1.3160359355089877
73.00000000000001	225.0	1.3282116425542987
74.0	225.0	1.3396289997085191
74.99999999999999	225.0	1.3501977178962885
76.0	225.0	1.3598439598477365
77.0	225.0	1.3685128862112341
78.00000000000001	225.0	1.3761684596985686
79.0	225.0	1.3827934450849424
80.00000000000001	225.0	1.3883880382251825
81.0	225.0	1.392969082634432
82.00000000000001	225.0	1.3965665441012598
83.0	225.0	1.3992215521393867
83.99999999999999	225.0	1.4009828746007968
85.0	225.0	1.4019031964340187
86.0	225.0	1.4020369652810267
87.00000000000001	225.0	1.4014354951065588
88.0	225.0	1.400145203504672
89.00000000000001	225.0	1.3982048697311602
90.0	225.0	1.395643284445629
91.00000000000001	225.0	1.3924776828728755
92.0	225.0	1.3887135489480629
92.99999999999999	225.0	1.3843440277522372
94.0	225.0	1.3793509047864652
95.0	225.0	1.3737055852459685
96.00000000000001	225.0	1.3673712484232257
97.0	225.0	1.36030500211107
98.00000000000001	225.0	1.3524602328606175
99.0	225.0	1.3437907189326381
100.00000000000001	225.0	1.3342521971361747
101.0	225.0	1.323806867489569
102.00000000000001	225.0	1.3124257434783893
103.0	225.0	1.3000911981681829
104.0	225.0	1.2867995103172325
105.00000000000001	225.0	1.2725622353603454
106.0	225.0	1.2574079681022994
107.00000000000001	225.0	1.2413833219919788
108.0	225.0	1.2245511664289288
109.00000000000001	225.0	1.2069923894568018
110.0	225.0	1.1888025682312926
111.00000000000001	225.0	1.1700915773104859
112.0	225.0	1.1509810425421
113.0	225.0	1.1316010115314261
114.00000000000001	225.0	1.1120881909478804
115.0	225.0	1.0925826169929425
116.00000000000001	225.0	1.0732241300132654
117.0	225.0	1.0541502200975745
118.00000000000001	225.0	1.0354925016897782
119.0	225.0	1.017374755040695
120.00000000000001	225.0	0.9999103800953
121.0	225.0	0.9832012213637596
122.0	225.0	0.9673356093731615
123.00000000000001	225.0	0.9523873813933769
124.0	225.0	0.9384160772918878
125.00000000000001	225.0	0.9254667436789609
126.0	225.0	0.9135693463431642
127.00000000000001	225.0	0.9027405329448138
128.0	225.0	0.8929832413063183
129.00000000000003	225.0	0.8842886579604516
130.0	225.0	0.8766370015696622
131.0	225.0	0.8699977187808996
132.0	225.0	0.8643316386287152
133.0	225.0	0.8595907766804339
134.0	225.0	0.8557197060199457
135.0	225.0	0.8526557531025323
136.0	225.0	0.8503291936096944
137.0	225.0	0.848663840013634
138.00000000000003	225.0	0.8475766498675997
139.0	225.0	0.8469781175155403
140.0	225.0	0.8467716865276247
140.99999999999997	225.0	0.8468541414098945
142.00000000000003	225.0	0.8471161951687477
143.0	225.0	0.8474415100368009
144.0	225.0	0.8477088518759898
145.0	225.0	0.8477922860323959
146.00000000000003	225.0	0.8475625483200381
147.00000000000003	225.0	0.8468890035691441
148.0	225.0	0.8456418000292509
149.0	225.0	0.8436946113367857
149.99999999999997	225.0	0.8409273784826476
151.00000000000003	225.0	0.837229835199098
152.0	225.0	0.8325042499273418
153.0	225.0	0.8266699304785545
154.0	225.0	0.8196663577111171
155.00000000000003	225.0	0.8114559274981988
156.00000000000003	225.0	0.8020276719694742
157.0	225.0	0.791399218059395
158.0	225.0	0.7796187460554633
158.99999999999997	225.0	0.7667663605820224
160.00000000000003	225.0	0.7529538947454288
161.0	225.0	0.7383247142792254
162.0	225.0	0.7230513672862148
163.0	225.0	0.7073336256901862
164.00000000000003	225.0	0.6913939805748898
165.00000000000003	225.0	0.6754741167971449
166.0	225.0	0.6598284497775424
167.0	225.0	0.6447186415652809
167.99999999999997	225.0	0.6304067459192138
169.00000000000003	225.0	0.6171485492437221
169.99999999999997	225.0	0.6051863239601076
170.99999999999997	225.0	0.5947417777328109
172.0	225.0	0.5860097861149406
173.00000000000003	225.0	0.5791525169034548
174.00000000000003	225.0	0.5742937503491724
175.0	225.0	0.5715155496247086
175.99999999999997	225.0	0.5708545395827584
176.99999999999994	225.0	0.572300731627132
178.00000000000006	225.0	0.5757971320031015
179.0000000000001	225.0	0.5812409169263634
180.0	225.0	0.5884859786957932
179.0000000000001	45.0	0.5973468427899905
178.00000000000006	45.0	0.6076043476572687
176.99999999999994	45.0	0.6190111286508176
176.00000000000006	45.0	0.631300039786276
175.0	45.0	0.6441906169510296
174.00000000000003	45.0	0.6573986747907465
172.99999999999997	45.0	0.6706443367572946
172.0	45.0	0.6836600651566574
171.00000000000003	45.0	0.6961986911968526
170.00000000000003	45.0	0.7080412491810208
168.99999999999997	45.0	0.7190026562974158
167.99999999999997	45.0	0.7289362172804313
167.00000000000003	45.0	0.7377391083457642
166.00000000000003	45.0	0.7453535523193773
165.00000000000003	45.0	0.7517672103471541
163.99999999999997	45.0	0.7570141611690352
163.0	45.0	0.761170788167646
162.00000000000003	45.0	0.7643534291103697
161.00000000000003	45.0	0.7667132839238391
160.0	45.0	0.768429559774983
159.0	45.0	0.7697037912810359
158.00000000000003	45.0	0.770751418751967
157.00000000000003	45.0	0.7717947374166987
156.00000000000003	45.0	0.7730540839558809
154.99999999999997	45.0	0.7747409815829382
154.0	45.0	0.7770510892702874
153.00000000000003	45.0	0.7801567592659041
152.0	45.0	0.7842031199967762
150.99999999999997	45.0	0.7893022004240876
150.0	45.0	0.7955313632046
149.0	45.0	0.802930954432726
148.0	45.0	0.8115037160760465
147.00000000000003	45.0	0.8212167445235848
146.0	45.0	0.8320038408437321
145.0	45.0	0.8437684486066569
144.00000000000003	45.0	0.8563891378194675
143.0	45.0	0.8697245012968935
142.0	45.0	0.8836190303061026
140.99999999999997	45.0	0.8979107529049636
140.00000000000003	45.0	0.9124357386030729
139.00000000000003	45.0	0.9270361284096713
138.00000000000003	45.0	0.9415648353494983
137.0	45.0	0.9558914201076087
136.0	45.0	0.9699060081259188
135.00000000000003	45.0	0.9835232066997497
134.00000000000003	45.0	0.9966838676712735
132.99999999999997	45.0	1.009356458413304
131.99999999999997	45.0	1.0215374535389505
131.00000000000003	45.0	1.0332491804985195
130.00000000000003	45.0	1.044538644450549
129.00000000000003	45.0	1.055473023600784
128.0	45.0	1.0661369272345946
126.99999999999999	45.0	1.0766273034914664
126.00000000000003	45.0	1.0870477595750119
125.00000000000004	45.0	1.0975040570919432
123.99999999999997	45.0	1.1080988239717364
122.99999999999999	45.0	1.1189256788218143
122.0	45.0	1.130066293105138
121.0	45.0	1.1415847113502164
120.00000000000001	45.0	1.153525196748007
119.0	45.0	1.1659098808939878
118.00000000000001	45.0	1.1787368052398868
117.00000000000003	45.0	1.1919805086581625
116.00000000000004	45.0	1.2055916357323488
115.0	45.0	1.2194996787246377
114.00000000000001	45.0	1.2336141527048423
113.00000000000001	45.0	1.247828512646942
112.00000000000003	45.0	1.2620240705256258
111.00000000000004	45.0	1.276073324848358
110.0	45.0	1.2898448570260577
109.00000000000001	45.0	1.3032078360341253
108.00000000000003	45.0	1.3160359355089877
107.00000000000004	45.0	1.3282116425542987
106.0	45.0	1.3396289997085191
105.0	45.0	1.3501977178962885
104.00000000000001	45.0	1.3598439598477365
103.00000000000001	45.0	1.3685128862112341
102.00000000000003	45.0	1.3761684596985686
100.99999999999999	45.0	1.3827934450849424
100.0	45.0	1.3883880382251825
99.00000000000001	45.0	1.392969082634432
98.00000000000003	45.0	1.3965665441012598
96.99999999999999	45.0	1.3992215521393867
96.0	45.0	1.4009828746007968
95.0	45.0	1.4019031964340187
94.00000000000001	45.0	1.4020369652810267
93.00000000000003	45.0	1.4014354951065588
91.99999999999999	45.0	1.400145203504672
91.0	45.0	1.3982048697311602
90.0	0.0	0.8653741738741378
89.29291116952395	0.7071426817872533	0.8650153678306258
88.58593006627854	1.4145007934175506	0.8649519108665986
87.87916453235917	2.122289895867879	0.8652251283506047
87.1727226397129	2.8307258121018455	0.8658626358132858
86.4667128053692	3.540024757356371	0.8668765762539308
85.76124390703504	4.250403468570711	0.8682622491566858
85.05642539917308	4.962079332655645	0.8699985022002086
84.3523674296794	5.675270513286652	0.8720489063866317
83.64918095727445	6.390196075887154	0.8743629311705258
82.94697786971682	7.107076110446535	0.8768792739909637
82.24587110294536	7.826131851792348	0.8795287980939277
81.54597476125012	8.547585796906942	0.8822386454836831
80.84740423856572	9.271661818845425	0.8849357623096676
80.15027634097487	9.998585276774412	0.8875515993823456
79.45470941050044	10.728583121609057	0.8900250499956168
78.76082345025607	11.461883996679509	0.8923065628781884
78.0687402510143	12.198718332806749	0.8943606883063292
77.37858351923944	12.939318437111838	0.8961676449424872
76.69047900661849	13.683918574821595	0.8977256700932176
76.00455464110858	14.432755043267381	0.8990500404350451
75.32094065950206	15.186066237202516	0.9001730720144653
74.63976974149092	15.944092704486447	0.9011425534093257
73.96117714519126	16.707077191101824	0.902019003761245
73.28530084406378	17.47526467438212	0.902873518372513
72.61228166514054	18.2489023832344	0.9037832640450638
71.94226342843773	19.028239804042187	0.9048279536935862
71.27539308740191	19.813528670829413	0.9060863209586323
70.61182087020094	20.605022938156644	0.9076320072552462
69.95170042163069	21.402978735106455	0.9095306239505547
69.29518894536457	22.207654298596484	0.9118360311220501
68.64244734622547	23.019309884136224	0.9145893582834538
67.99364037210603	23.838207652018653	0.917816458271962
67.34893675510656	24.664611526811417	0.9215292782320367
66.70850935139694	25.498787027884514	0.9257252720509237
66.07253527924108	26.34100106858589	0.930389358906925
65.44119605454999	27.191521721553002	0.9354972528014626
64.81467772324949	28.05061794753063	0.9410180086718315
64.19317098966519	28.918559284955432	0.9469185270522277
63.57687134003648	29.79561549746857	0.9531672753154645
62.965979160175145	30.68205617643342	0.9597393798984821
62.36069984618289	31.5781502954692	0.9666213268182007
61.761243907035045	32.484165713968785	0.9738133119294473
61.16782705772538	33.400368626554155	0.9813341372956375
60.58067030155157	34.32702295544232	0.989222778027393
59.99999999999999	35.264389682754654	0.9975393615566776
59.42604792856702	36.212726119908915	1.00636575520128
58.8590513167294	37.17228511139536	1.0158034117617123
58.29925287015328	38.143314170462425	1.025970823408458
57.74690077310915	39.12605454453247	1.036998821166116
57.20224866894282	40.12074020854298	1.0490258743975485
56.66555561634145	41.12759678487194	1.062190060755963
56.13708601903233	42.14684038906587	1.0766231905400943
55.61710952646371	43.178676401255004	1.0924412098076721
55.10590090294487	44.223298163918535	1.1097367578919823
54.60373986267208	45.28088560756104	1.1285713332087806
54.11091086804023	46.3516038068849	1.1489666756438903
53.62770288864506	47.435601471194154	1.1708994784728697
53.154409118419395	48.53300937404573	1.194294729296884
52.691326648427214	49.643938728569864	1.2190239473492608
52.23875609296496	50.76847951640774	1.2449014622537722
51.79700116679687	51.90669877984987	1.2716869601373895
51.36636821158484	53.05863888848747	1.2990866587592456
50.94716566986906	54.22431579349069	1.3267595748651078
50.539703505316	55.40371728447302	1.3543239873966764
50.14429256838126	56.59680126575802	1.3813676219426019
49.76124390703504	57.80349407069134	1.4074592061732918
49.390868022772075	59.02368883439022	1.4321600252757183
49.03347407277117	60.25724394694163	1.4550397861944249
48.68936901978189	61.503981610489745	1.4756895440501254
48.35885673209022	62.76368652482927	1.4937371746710548
48.04223703674405	64.03610472697835	1.5088618678501868
47.73980473009234	65.32094261067617	1.5208058786348675
47.45184855059514	66.61786615176922	1.5293880413098961
47.178650119779434	67.92650036495783	1.5345117994454402
46.920482858129056	69.2464290163152	1.5361722566708196
46.677610883583455	70.57719461432482	1.534461073045184
46.450287901158305	71.91829869987819	1.5295662692026883
46.23875609296496	73.2692024527246	1.5217708553687015
46.043245018569806	74.62932762827676	1.511445780586024
45.86397053617525	75.99805783448308	1.499041902666973
45.701133755495384	77.37474015373697	1.4850772576296103
45.554920033420714	78.7586871095844	1.4701227622953539
45.42549802359849	80.14917897242118	1.4547841956448708
45.31301879088406	81.5454663925662	1.4396845718836262
45.21761500123496	82.94677334320139	1.4254433798301942
45.1394001970194	84.35230034984485	1.41265660572388
45.07846816689916	85.76122797743554	1.4018767560323409
45.03489241843145	87.17272054092642	1.3935930761140332
45.00872576033472	88.58593000067151	1.3882158818320345
45.0	90.0	1.386059324329245
45.00872576033472	91.41406999932849	1.387331205577371
45.03489241843145	92.82727945907358	1.392123185635563
45.07846816689916	94.23877202256445	1.4004060821345616
45.1394001970194	95.64769965015516	1.4120284992929069
45.21761500123496	97.05322665679864	1.4267201574490012
45.31301879088406	98.45453360743382	1.444099139689718
45.42549802359848	99.85082102757882	1.4636816845917626
45.554920033420714	101.2413128904156	1.4848974628982
45.701133755495384	102.62525984626303	1.507106421033594
45.86397053617525	104.00194216551692	1.5296181707319083
46.043245018569806	105.37067237172324	1.551713728922328
46.238756092964955	106.73079754727539	1.5726682368892206
46.450287901158305	108.08170130012182	1.5917732877224433
46.677610883583455	109.42280538567519	1.6083590579128197
46.920482858129056	110.7535709836848	1.6218160472379646
47.178650119779434	112.07349963504215	1.631613097406391
47.45184855059512	113.38213384823077	1.6373148231371335
47.73980473009234	114.67905738932384	1.6385937551590404
48.04223703674405	115.96389527302166	1.6352411122262687
48.3588567320902	117.23631347517073	1.627171501634139
48.68936901978189	118.49601838951025	1.6144250736222374
49.03347407277117	119.74275605305839	1.5971649752616583
49.39086802277208	120.9763111656098	1.5756708872457066
49.76124390703504	122.19650592930867	1.5503292311485362
50.14429256838125	123.40319873424197	1.521619067877587
50.539703505316005	124.59628271552698	1.4900968209970606
50.94716566986905	125.77568420650928	1.4563768871000233
51.36636821158484	126.94136111151253	1.421112637890163
51.79700116679685	128.09330122015012	1.3849752678604466
52.23875609296496	129.23152048359225	1.3486326419717776
52.691326648427214	130.35606127143015	1.3127302977347544
53.154409118419395	131.46699062595425	1.277871272162463
53.62770288864506	132.56439852880584	1.2446000416746428
54.11091086804023	133.64839619311508	1.2133882246952992
54.60373986267208	134.71911439243897	1.1846226345082398
55.10590090294487	135.7767018360815	1.1585972492091585
55.617109526463715	136.821323598745	1.135508707044609
56.13708601903233	137.8531596109341	1.1154545437185595
56.66555561634144	138.87240321512806	1.0984359343599728
57.20224866894282	139.879259791457	1.084362198183835
57.74690077310915	140.87394545546752	1.0730600036680344
58.29925287015328	141.85668582953758	1.0642835530043797
58.8590513167294	142.82771488860465	1.0577277043720232
59.42604792856702	143.7872738800911	1.0530420734850248
59.99999999999999	144.73561031724535	1.049846310268876
60.58067030155157	145.6729770445577	1.0477455713918509
61.16782705772538	146.59963137344585	1.0463459927963616
61.76124390703503	147.5158342860312	1.0452682036820347
62.36069984618289	148.4218497045308	1.0441618197629303
62.96597916017513	149.31794382356657	1.0427146484444205
63.57687134003648	150.20438450253144	1.0406636566935157
64.19317098966519	151.08144071504458	1.037800454974028
64.81467772324949	151.9493820524694	1.0339758019075966
65.44119605454999	152.808478278447	1.02910097525748
66.0725352792411	153.65899893141415	1.0231477719285553
66.70850935139694	154.5012129721155	1.0161440033062905
67.34893675510656	155.3353884731886	1.0081691864505475
67.99364037210603	156.16179234798136	0.999346514047663
68.64244734622547	156.98069011586378	0.9898358036366683
69.29518894536457	157.79234570140352	0.9798227255937914
69.95170042163069	158.59702126489356	0.9695097938104031
70.61182087020094	159.39497706184335	0.9591059853871733
71.2753930874019	160.1864713291706	0.9488171437475362
71.94226342843773	160.9717601959578	0.9388379485897725
72.61228166514054	161.7510976167656	0.9293429065649574
73.28530084406377	162.52473532561788	0.9204808673417967
73.96117714519126	163.29292280889817	0.9123701272359459
74.63976974149092	164.05590729551355	0.9050950996779477
75.32094065950206	164.8139337627975	0.8987049442294403
76.00455464110858	165.56724495673262	0.8932143500024669
76.6904790066185	166.31608142517842	0.8886052983529212
77.37858351923944	167.06068156288816	0.8848300007029556
78.0687402510143	167.80128166719328	0.8818159907664894
78.76082345025605	168.5381160033205	0.8794712167747178
79.45470941050044	169.27141687839094	0.8776905046854104
80.15027634097487	170.0014147232256	0.8763610421180746
80.84740423856572	170.72833818115458	0.8753696249825628
81.54597476125012	171.45241420309307	0.8746075538497543
82.24587110294536	172.17386814820765	0.8739765095963724
82.94697786971682	172.8929238895535	0.873393058066011
83.64918095727445	173.60980392411287	0.8727911961818885
84.3523674296794	174.32472948671335	0.872125289769257
85.05642539917308	175.03792066734437	0.8713708569747111
85.76124390703502	175.7495965314293	0.8705239807017058
86.4667128053692	176.45997524264365	0.8696005251912476
87.17272263971289	177.16927418789817	0.8686330023446597
87.87916453235917	177.87771010413212	0.8676680256108259
88.58593006627854	178.58549920658245	0.8667618053251654
89.29291116952395	179.29285731821275	0.8659762316130876
90.0	180.0	0.8653741738741378
90.70708883047607	180.70714268178725	0.8650153678306258
91.41406993372146	181.41450079341755	0.8649519108665986
92.12083546764083	182.12228989586788	0.8652251283506047
92.82727736028711	182.83072581210183	0.8658626358132858
93.5332871946308	183.54002475735635	0.8668765762539308
94.23875609296496	184.2504034685707	0.8682622491566858
94.94357460082692	184.96207933265563	0.8699985022002086
95.64763257032061	185.67527051328665	0.8720489063866317
96.35081904272555	186.39019607588713	0.8743629311705258
97.05302213028318	187.1070761104465	0.8768792739909637
97.75412889705464	187.82613185179233	0.8795287980939277
98.45402523874989	188.54758579690696	0.8822386454836831
99.15259576143428	189.27166181884542	0.8849357623096676
99.84972365902512	189.9985852767744	0.8875515993823456
100.54529058949956	190.72858312160906	0.8900250499956168
101.23917654974393	191.4618839966795	0.8923065628781884
101.93125974898571	192.19871833280675	0.8943606883063292
102.62141648076054	192.93931843711184	0.8961676449424872
103.30952099338153	193.68391857482158	0.8977256700932176
103.99544535889142	194.43275504326738	0.8990500404350451
104.67905934049796	195.18606623720254	0.9001730720144653
105.36023025850908	195.94409270448645	0.9011425534093257
106.03882285480874	196.7070771911018	0.902019003761245
106.71469915593623	197.4752646743821	0.902873518372513
107.38771833485946	198.2489023832344	0.9037832640450638
108.05773657156229	199.0282398040422	0.9048279536935862
108.7246069125981	199.8135286708294	0.9060863209586323
109.38817912979906	200.60502293815665	0.9076320072552462
110.04829957836931	201.40297873510644	0.9095306239505547
110.70481105463544	202.20765429859648	0.9118360311220501
111.35755265377453	203.01930988413622	0.9145893582834538
112.00635962789397	203.83820765201864	0.917816458271962
112.65106324489344	204.6646115268114	0.9215292782320367
113.29149064860306	205.49878702788448	0.9257252720509237
113.92746472075892	206.34100106858588	0.930389358906925
114.55880394545001	207.191521721553	0.9354972528014626
115.18532227675053	208.05061794753064	0.9410180086718315
115.8068290103348	208.91855928495542	0.9469185270522277
116.42312865996352	209.79561549746856	0.9531672753154645
117.03402083982486	210.68205617643343	0.9597393798984821
117.63930015381712	211.5781502954692	0.9666213268182007
118.23875609296496	212.48416571396876	0.9738133119294473
118.83217294227461	213.40036862655413	0.9813341372956375
119.41932969844842	214.32702295544232	0.989222778027393
120.00000000000001	215.26438968275463	0.9975393615566776
120.573952071433	216.2127261199089	1.00636575520128
121.14094868327061	217.17228511139535	1.0158034117617123
121.70074712984672	218.14331417046245	1.025970823408458
122.25309922689084	219.12605454453248	1.036998821166116
122.79775133105717	220.12074020854297	1.0490258743975485
123.33444438365854	221.1275967848719	1.062190060755963
123.86291398096766	222.1468403890659	1.0766231905400943
124.38289047353629	223.17867640125502	1.0924412098076721
124.89409909705513	224.2232981639185	1.1097367578919823
125.39626013732791	225.28088560756103	1.1285713332087806
125.88908913195978	226.35160380688492	1.1489666756438903
126.37229711135494	227.43560147119416	1.1708994784728697
126.84559088158062	228.53300937404572	1.194294729296884
127.30867335157278	229.64393872856982	1.2190239473492608
127.76124390703504	230.7684795164077	1.2449014622537722
128.20299883320317	231.90669877984988	1.2716869601373895
128.6336317884152	233.05863888848748	1.2990866587592456
129.05283433013093	234.2243157934907	1.3267595748651078
129.460296494684	235.40371728447298	1.3543239873966764
129.85570743161875	236.59680126575802	1.3813676219426019
130.23875609296496	237.80349407069136	1.4074592061732918
130.60913197722795	239.0236888343902	1.4321600252757183
130.96652592722884	240.25724394694157	1.4550397861944249
131.31063098021812	241.50398161048972	1.4756895440501254
131.6411432679098	242.7636865248293	1.4937371746710548
131.95776296325596	244.03610472697835	1.5088618678501868
132.26019526990768	245.32094261067616	1.5208058786348675
132.54815144940486	246.6178661517692	1.5293880413098961
132.8213498802206	247.92650036495786	1.5345117994454402
133.07951714187095	249.2464290163152	1.5361722566708196
133.32238911641656	250.5771946143248	1.534461073045184
133.5497120988417	251.91829869987816	1.5295662692026883
133.76124390703504	253.26920245272458	1.5217708553687015
133.9567549814302	254.62932762827677	1.511445780586024
134.13602946382477	255.99805783448306	1.499041902666973
134.2988662445046	257.374740153737	1.4850772576296103
134.44507996657927	258.75868710958434	1.4701227622953539
134.57450197640154	260.14917897242117	1.4547841956448708
134.68698120911597	261.5454663925662	1.4396845718836262
134.78238499876502	262.94677334320136	1.4254433798301942
134.8605998029806	264.3523003498448	1.41265660572388
134.92153183310086	265.7612279774355	1.4018767560323409
134.96510758156856	267.17272054092643	1.3935930761140332
134.99127423966527	268.5859300006715	1.3882158818320345
135.0	270.0	1.386059324329245
134.99127423966527	271.4140699993285	1.387331205577371
134.96510758156856	272.82727945907357	1.392123185635563
134.92153183310086	274.2387720225645	1.4004060821345616
134.8605998029806	275.6476996501551	1.4120284992929069
134.78238499876502	277.0532266567986	1.4267201574490012
134.68698120911597	278.45453360743375	1.444099139689718
134.57450197640154	279.85082102757883	1.4636816845917626
134.44507996657927	281.2413128904156	1.4848974628982
134.2988662445046	282.625259846263	1.507106421033594
134.13602946382477	284.0019421655169	1.5296181707319083
133.9567549814302	285.37067237172323	1.551713728922328
133.76124390703504	286.7307975472754	1.5726682368892206
133.5497120988417	288.08170130012184	1.5917732877224433
133.32238911641656	289.42280538567513	1.6083590579128197
133.07951714187095	290.75357098368477	1.6218160472379646
132.82134988022057	292.0734996350422	1.631613097406391
132.54815144940488	293.38213384823075	1.6373148231371335
132.26019526990768	294.6790573893238	1.6385937551590404
131.95776296325596	295.9638952730216	1.6352411122262687
131.6411432679098	297.23631347517073	1.627171501634139
131.31063098021812	298.49601838951025	1.6144250736222374
130.96652592722884	299.7427560530584	1.5971649752616583
130.60913197722795	300.9763111656098	1.5756708872457066
130.23875609296496	302.1965059293086	1.5503292311485362
129.85570743161873	303.403198734242	1.521619067877587
129.46029649468403	304.59628271552697	1.4900968209970606
129.05283433013096	305.7756842065093	1.4563768871000233
128.6336317884152	306.9413611115125	1.421112637890163
128.20299883320317	308.0933012201501	1.3849752678604466
127.76124390703505	309.23152048359225	1.3486326419717776
127.3086733515728	310.3560612714301	1.3127302977347544
126.84559088158062	311.4669906259543	1.277871272162463
126.37229711135495	312.5643985288058	1.2446000416746428
125.88908913195978	313.6483961931151	1.2133882246952992
125.39626013732794	314.71911439243894	1.1846226345082398
124.89409909705515	315.77670183608143	1.1585972492091585
124.38289047353632	316.821323598745	1.135508707044609
123.86291398096766	317.85315961093414	1.1154545437185595
123.33444438365856	318.8724032151281	1.0984359343599728
122.7977513310572	319.879259791457	1.084362198183835
122.25309922689087	320.8739454554675	1.0730600036680344
121.70074712984675	321.8566858295375	1.0642835530043797
121.14094868327061	322.82771488860465	1.0577277043720232
120.57395207143298	323.7872738800911	1.0530420734850248
120.00000000000001	324.73561031724535	1.049846310268876
119.41932969844845	325.6729770445577	1.0477455713918509
118.83217294227461	326.59963137344585	1.0463459927963616
118.23875609296496	327.51583428603124	1.0452682036820347
117.63930015381712	328.4218497045308	1.0441618197629303
117.03402083982486	329.31794382356657	1.0427146484444205
116.42312865996352	330.2043845025314	1.0406636566935157
115.8068290103348	331.08144071504455	1.037800454974028
115.18532227675053	331.9493820524694	1.0339758019075966
114.55880394545002	332.808478278447	1.02910097525748
113.92746472075895	333.6589989314141	1.0231477719285553
113.29149064860304	334.5012129721155	1.0161440033062905
112.65106324489344	335.3353884731886	1.0081691864505475
112.00635962789399	336.16179234798136	0.999346514047663
111.35755265377455	336.98069011586375	0.9898358036366683
110.70481105463546	337.79234570140346	0.9798227255937914
110.04829957836931	338.59702126489356	0.9695097938104031
109.38817912979906	339.39497706184335	0.9591059853871733
108.7246069125981	340.18647132917056	0.9488171437475362
108.05773657156229	340.9717601959578	0.9388379485897725
107.38771833485946	341.7510976167656	0.9293429065649574
106.71469915593623	342.5247353256179	0.9204808673417967
106.03882285480876	343.2929228088982	0.9123701272359459
105.36023025850909	344.0559072955135	0.9050950996779477
104.67905934049797	344.8139337627975	0.8987049442294403
103.99544535889142	345.5672449567326	0.8932143500024669
103.30952099338151	346.3160814251784	0.8886052983529212
102.62141648076056	347.06068156288813	0.8848300007029556
101.93125974898572	347.8012816671932	0.8818159907664894
101.23917654974393	348.5381160033205	0.8794712167747178
100.54529058949956	349.27141687839094	0.8776905046854104
99.84972365902513	350.0014147232256	0.8763610421180746
99.15259576143428	350.7283381811546	0.8753696249825628
98.4540252387499	351.45241420309304	0.8746075538497543
97.75412889705464	352.17386814820765	0.8739765095963724
97.05302213028318	352.89292388955346	0.873393058066011
96.35081904272556	353.60980392411284	0.8727911961818885
95.64763257032062	354.32472948671335	0.872125289769257
94.94357460082692	355.03792066734434	0.8713708569747111
94.23875609296496	355.7495965314293	0.8705239807017058
93.53328719463082	356.4599752426436	0.8696005251912476
92.82727736028713	357.16927418789817	0.8686330023446597
92.12083546764086	357.8777101041321	0.8676680256108259
91.41406993372146	358.5854992065825	0.8667618053251654
90.70708883047607	359.2928573182127	0.8659762316130876
90.0	90.0	2.089132715817208
89.29291116952395	89.29285731821274	2.1057412051675444
88.58593006627854	88.58549920658245	2.117875782699134
87.87916453235917	87.87771010413212	2.1253184619892536
87.1727226397129	87.16927418789815	2.1279615228829187
86.4667128053692	86.45997524264364	2.1258108410249466
85.76124390703504	85.74959653142929	2.1189837334568566
85.05642539917308	85.03792066734437	2.1077052373751526
84.3523674296794	84.32472948671335	2.092299688373752
83.64918095727445	83.60980392411285	2.0731789691543496
82.94697786971682	82.89292388955346	2.0508289955433394
82.24587110294536	82.17386814820766	2.025793068831498
81.54597476125012	81.45241420309306	1.9986536612750496
80.84740423856572	80.72833818115458	1.9700142015967357
80.15027634097487	80.0014147232256	1.9404792936482598
79.45470941050044	79.27141687839094	1.9106365019113554
78.76082345025607	78.5381160033205	1.8810389204181612
78.0687402510143	77.80128166719327	1.852188720945732
77.37858351923944	77.06068156288816	1.824524030742614
76.69047900661849	76.31608142517841	1.7984079646585185
76.00455464110858	75.56724495673262	1.7741205950964056
75.32094065950206	74.81393376279749	1.751854447351456
74.63976974149092	74.05590729551355	1.7317127369176277
73.96117714519126	73.29292280889818	1.7137115238907552
73.28530084406378	72.52473532561788	1.6977844134844025
72.61228166514054	71.7510976167656	1.6837899985132985
71.94226342843773	70.97176019595781	1.6715222396991827
71.27539308740191	70.18647132917059	1.6607222169604372
70.61182087020094	69.39497706184336	1.6510904682662055
69.95170042163069	68.59702126489356	1.6423026580225704
69.29518894536457	67.79234570140352	1.6340219159266713
68.64244734622547	66.98069011586378	1.6259137219335746
67.99364037210603	66.16179234798135	1.617658832674872
67.34893675510656	65.33538847318859	1.6089636617645235
66.70850935139694	64.50121297211548	1.5995710518143573
66.07253527924108	63.65899893141411	1.589267521062677
65.44119605454999	62.808478278447	1.5778875721804604
64.81467772324949	61.94938205246937	1.565317609367906
64.19317098966519	61.081440715044565	1.5514957424996048
63.57687134003648	60.20438450253143	1.5364096327214398
62.965979160175145	59.31794382356658	1.520092575354043
62.36069984618289	58.4218497045308	1.5026176242479765
61.761243907035045	57.515834286031215	1.4840905410099525
61.16782705772538	56.59963137344585	1.4646409815356065
60.58067030155157	55.67297704455769	1.4444138783971
59.99999999999999	54.735610317245346	1.4235606273758923
59.42604792856702	53.787273880091085	1.4022310574148262
58.8590513167294	52.827714888604646	1.3805644212960722
58.29925287015328	51.85668582953758	1.3586844992704488
57.74690077310915	50.87394545546753	1.3366931358481233
57.20224866894282	49.87925979145702	1.314668085395512
56.66555561634145	48.87240321512806	1.2926608577321794
56.13708601903233	47.85315961093413	1.2706969139856683
55.61710952646371	46.821323598745	1.2487784085590778
55.10590090294487	45.776701836081465	1.2268879103727832
54.60373986267208	44.71911439243896	1.204993495089944
54.11091086804023	43.6483961931151	1.1830548166161472
53.62770288864506	42.564398528805846	1.1610305495828448
53.154409118419395	41.46699062595427	1.1388858318307868
52.691326648427214	40.356061271430136	1.1165993151838038
52.23875609296496	39.23152048359226	1.0941702162225868
51.79700116679687	38.09330122015014	1.0716236043650231
51.36636821158484	36.941361111512535	1.0490156899465317
50.94716566986906	35.77568420650932	1.0264367620424728
50.539703505316	34.59628271552699	1.0040117760326277
50.14429256838126	33.40319873424199	0.9819005494560287
49.76124390703504	32.19650592930866	0.9602946283337204
49.390868022772075	30.976311165609783	0.9394121949432536
49.03347407277117	29.742756053058372	0.9194929755931753
48.68936901978189	28.496018389510258	0.9007892313009767
48.35885673209022	27.236313475170732	0.8835569443258661
48.04223703674405	25.963895273021652	0.8680458295725806
47.73980473009234	24.679057389323834	0.8544891501403683
47.45184855059514	23.382133848230776	0.843092553597836
47.178650119779434	22.07349963504216	0.8340254543705502
46.920482858129056	20.753570983684796	0.8274102617255388
46.677610883583455	19.422805385675183	0.8233168958361279
46.450287901158305	18.08170130012181	0.82175514944368
46.23875609296496	16.730797547275397	0.8226717500351844
46.043245018569806	15.370672371723243	0.8259489888594673
45.86397053617525	14.001942165516926	0.8314049167820183
45.701133755495384	12.625259846263035	0.8387974572363633
45.554920033420714	11.241312890415616	0.8478294984495723
45.42549802359849	9.850821027578828	0.8581573151998312
45.31301879088406	8.454533607433808	0.8693999698481493
45.21761500123496	7.053226656798624	0.8811502802086852
45.1394001970194	5.647699650155149	0.8929889210963085
45.07846816689916	4.238772022564465	0.9044959797614066
45.03489241843145	2.8272794590735852	0.9152650574374475
45.00872576033472	1.414069999328503	0.9249167833240582
45.0	4.961562726608714e-15	0.9331103700218334
45.00872576033472	358.5859300006715	0.9395553648219693
45.03489241843145	357.17272054092643	0.9440200714638358
45.07846816689916	355.76122797743557	0.94633977603772
45.1394001970194	354.3523003498448	0.9464208599361993
45.21761500123496	352.94677334320136	0.9442431501120673
45.31301879088406	351.5454663925662	0.9398607024976435
45.42549802359848	350.14917897242117	0.9333978849082283
45.554920033420714	348.7586871095844	0.9250452640907306
45.701133755495384	347.374740153737	0.9150511839660965
45.86397053617525	345.99805783448306	0.9037135397265648
46.043245018569806	344.62932762827677	0.8913686141105145
46.238756092964955	343.26920245272464	0.8783795219676568
46.450287901158305	341.91829869987816	0.8651236755500921
46.677610883583455	340.5771946143248	0.8519806415130202
46.920482858129056	339.2464290163152	0.8393201937702789
47.178650119779434	337.92650036495786	0.8274905622047091
47.45184855059512	336.61786615176925	0.8168098150557556
47.73980473009234	335.3209426106762	0.8075562620329328
48.04223703674405	334.03610472697835	0.7999629703806623
48.3588567320902	332.76368652482927	0.7942132602172444
48.68936901978189	331.50398161048975	0.7904385501317606
49.03347407277117	330.2572439469416	0.7887185530388989
49.39086802277208	329.0236888343902	0.7890832347272283
49.76124390703504	327.80349407069133	0.7915165351009144
50.14429256838125	326.596801265758	0.7959624396793653
50.539703505316005	325.40371728447303	0.802331834516185
50.94716566986905	324.2243157934907	0.8105097528277806
51.36636821158484	323.05863888848745	0.8203634050412804
51.79700116679685	321.9066987798499	0.8317511881165867
52.23875609296496	320.76847951640775	0.8445299321749836
52.691326648427214	319.6439387285699	0.8585619512729183
53.154409118419395	318.5330093740457	0.8737215066113
53.62770288864506	317.43560147119416	0.8898989194868714
54.11091086804023	316.3516038068849	0.9070040966791001
54.60373986267208	315.28088560756106	0.9249677055791419
55.10590090294487	314.2232981639185	0.943740782480185
55.617109526463715	313.17867640125496	0.9632931657388343
56.13708601903233	312.14684038906586	0.9836095786785645
56.66555561634144	311.12759678487197	1.0046859083480033
57.20224866894282	310.120740208543	1.0265221547471512
57.74690077310915	309.1260545445325	1.049117534456699
58.29925287015328	308.1433141704624	1.0724634298642475
58.8590513167294	307.17228511139535	1.096537121809837
59.42604792856702	306.2127261199089	1.1212965015056093
59.99999999999999	305.26438968275465	1.1466747824554748
60.58067030155157	304.3270229554423	1.1725775626327009
61.16782705772538	303.40036862655415	1.198880865931642
61.76124390703503	302.4841657139688	1.2254307504580841
62.36069984618289	301.5781502954692	1.2520454629323439
62.96597916017513	300.68205617643343	1.2785185723665062
63.57687134003648	299.7956154974686	1.304625433273721
64.19317098966519	298.91855928495545	1.3301286696033683
64.81467772324949	298.0506179475306	1.3547883591920733
65.44119605454999	297.191521721553	1.3783702596664515
66.0725352792411	296.3410010685859	1.4006565804586073
66.70850935139694	295.49878702788453	1.42145616725715
67.34893675510656	294.6646115268114	1.4406142947485558
67.99364037210603	293.83820765201864	1.4580218717940503
68.64244734622547	293.0193098841362	1.4736238631871772
69.29518894536457	292.2076542985965	1.4874245777341362
69.95170042163069	291.40297873510644	1.4994925646244626
70.61182087020094	290.60502293815665	1.509961788559992
71.2753930874019	289.81352867082944	1.519031238045205
71.94226342843773	289.0282398040422	1.526961204145509
72.61228166514054	288.2489023832344	1.5340666214231133
73.28530084406377	287.4752646743821	1.5407090378891117
73.96117714519126	286.7070771911018	1.5472852554235015
74.63976974149092	285.9440927044865	1.5542136199372771
75.32094065950206	285.1860662372025	1.5619203115345224
76.00455464110858	284.4327550432674	1.5708232844165773
76.6904790066185	283.6839185748216	1.5813162067862032
77.37858351923944	282.93931843711187	1.5937525966065769
78.0687402510143	282.1987183328067	1.6084307407795913
78.76082345025605	281.4618839966795	1.6255801811627772
79.45470941050044	280.72858312160906	1.6453497674248407
80.15027634097487	279.9985852767744	1.6677984518687823
80.84740423856572	279.2716618188454	1.6928892179322523
81.54597476125012	278.54758579690696	1.7204859465103166
82.24587110294536	277.82613185179235	1.7503528283909722
82.94697786971682	277.10707611044654	1.782159848190312
83.64918095727445	276.39019607588716	1.8154888558521691
84.3523674296794	275.67527051328665	1.8498441428087877
85.05642539917308	274.96207933265566	1.88466615181873
85.76124390703502	274.2504034685707	1.9193479287723652
86.4667128053692	273.5400247573564	1.9532515744973578
87.17272263971289	272.83072581210183	1.9857288095155283
87.87916453235917	272.1222898958679	2.0161405595255784
88.58593006627854	271.4145007934176	2.0438759533213315
89.29291116952395	270.7071426817872	2.0683722999841145
90.0	270.0	2.089132715817208
90.70708883047607	269.2928573182127	2.1057412051675444
91.41406993372146	268.5854992065824	2.117875782699134
92.12083546764083	267.8777101041321	2.1253184619892536
92.82727736028711	267.16927418789817	2.1279615228829187
93.5332871946308	266.4599752426436	2.1258108410249466
94.23875609296496	265.7495965314293	2.1189837334568566
94.94357460082692	265.03792066734434	2.1077052373751526
95.64763257032061	264.32472948671335	2.092299688373752
96.35081904272555	263.60980392411284	2.0731789691543496
97.05302213028318	262.89292388955346	2.0508289955433394
97.75412889705464	262.17386814820765	2.025793068831498
98.45402523874989	261.45241420309304	1.9986536612750496
99.15259576143428	260.7283381811546	1.9700142015967357
99.84972365902512	260.0014147232256	1.9404792936482598
100.54529058949956	259.27141687839094	1.9106365019113554
101.23917654974393	258.5381160033205	1.8810389204181612
101.93125974898571	257.8012816671933	1.852188720945732
102.62141648076054	257.06068156288813	1.824524030742614
103.30952099338153	256.31608142517837	1.7984079646585185
103.99544535889142	255.56724495673262	1.7741205950964056
104.67905934049796	254.8139337627975	1.751854447351456
105.36023025850908	254.05590729551355	1.7317127369176277
106.03882285480874	253.2929228088982	1.7137115238907552
106.71469915593623	252.52473532561788	1.6977844134844025
107.38771833485946	251.7510976167656	1.6837899985132985
108.05773657156229	250.9717601959578	1.6715222396991827
108.7246069125981	250.18647132917056	1.6607222169604372
109.38817912979906	249.39497706184335	1.6510904682662055
110.04829957836931	248.59702126489356	1.6423026580225704
110.70481105463544	247.79234570140352	1.6340219159266713
111.35755265377453	246.98069011586378	1.6259137219335746
112.00635962789397	246.16179234798136	1.617658832674872
112.65106324489344	245.33538847318857	1.6089636617645235
113.29149064860306	244.50121297211547	1.5995710518143573
113.92746472075892	243.6589989314141	1.589267521062677
114.55880394545001	242.808478278447	1.5778875721804604
115.18532227675053	241.9493820524694	1.565317609367906
115.8068290103348	241.08144071504458	1.5514957424996048
116.42312865996352	240.2043845025314	1.5364096327214398
117.03402083982486	239.31794382356657	1.520092575354043
117.63930015381712	238.4218497045308	1.5026176242479765
118.23875609296496	237.5158342860312	1.4840905410099525
118.83217294227461	236.59963137344585	1.4646409815356065
119.41932969844842	235.67297704455768	1.4444138783971
120.00000000000001	234.73561031724535	1.4235606273758923
120.573952071433	233.78727388009108	1.4022310574148262
121.14094868327061	232.82771488860465	1.3805644212960722
121.70074712984672	231.85668582953755	1.3586844992704488
122.25309922689084	230.87394545546752	1.3366931358481233
122.79775133105717	229.879259791457	1.314668085395512
123.33444438365854	228.8724032151281	1.2926608577321794
123.86291398096766	227.8531596109341	1.2706969139856683
124.38289047353629	226.82132359874498	1.2487784085590778
124.89409909705513	225.7767018360815	1.2268879103727832
125.39626013732791	224.71911439243897	1.204993495089944
125.88908913195978	223.64839619311508	1.1830548166161472
126.37229711135494	222.56439852880584	1.1610305495828448
126.84559088158062	221.46699062595428	1.1388858318307868
127.30867335157278	220.35606127143015	1.1165993151838038
127.76124390703504	219.23152048359228	1.0941702162225868
128.20299883320317	218.0933012201501	1.0716236043650231
128.6336317884152	216.94136111151252	1.0490156899465317
129.05283433013093	215.7756842065093	1.0264367620424728
129.460296494684	214.59628271552702	1.0040117760326277
129.85570743161875	213.40319873424195	0.9819005494560287
130.23875609296496	212.19650592930864	0.9602946283337204
130.60913197722795	210.9763111656098	0.9394121949432536
130.96652592722884	209.74275605305837	0.9194929755931753
131.31063098021812	208.49601838951028	0.9007892313009767
131.6411432679098	207.2363134751707	0.8835569443258661
131.95776296325596	205.96389527302162	0.8680458295725806
132.26019526990768	204.67905738932384	0.8544891501403683
132.54815144940486	203.38213384823078	0.843092553597836
132.8213498802206	202.07349963504214	0.8340254543705502
133.07951714187095	200.75357098368477	0.8274102617255388
133.32238911641656	199.4228053856752	0.8233168958361279
133.5497120988417	198.08170130012184	0.82175514944368
133.76124390703504	196.73079754727542	0.8226717500351844
133.9567549814302	195.3706723717232	0.8259489888594673
134.13602946382477	194.0019421655169	0.8314049167820183
134.2988662445046	192.62525984626305	0.8387974572363633
134.44507996657927	191.24131289041563	0.8478294984495723
134.57450197640154	189.8508210275788	0.8581573151998312
134.68698120911597	188.4545336074338	0.8693999698481493
134.78238499876502	187.0532266567986	0.8811502802086852
134.8605998029806	185.64769965015518	0.8929889210963085
134.92153183310086	184.2387720225645	0.9044959797614066
134.96510758156856	182.82727945907357	0.9152650574374475
134.99127423966527	181.4140699993285	0.9249167833240582
135.0	180.0	0.9331103700218334
134.99127423966527	178.58593000067157	0.9395553648219693
134.96510758156856	177.1727205409264	0.9440200714638358
134.92153183310086	175.76122797743554	0.94633977603772
134.8605998029806	174.35230034984485	0.9464208599361993
134.78238499876502	172.94677334320141	0.9442431501120673
134.68698120911597	171.54546639256625	0.9398607024976435
134.57450197640154	170.14917897242117	0.9333978849082283
134.44507996657927	168.7586871095844	0.9250452640907306
134.2988662445046	167.37474015373698	0.9150511839660965
134.13602946382477	165.9980578344831	0.9037135397265648
133.9567549814302	164.62932762827674	0.8913686141105145
133.76124390703504	163.2692024527246	0.8783795219676568
133.5497120988417	161.9182986998782	0.8651236755500921
133.32238911641656	160.57719461432484	0.8519806415130202
133.07951714187095	159.24642901631526	0.8393201937702789
132.82134988022057	157.92650036495783	0.8274905622047091
132.54815144940488	156.61786615176925	0.8168098150557556
132.26019526990768	155.32094261067618	0.8075562620329328
131.95776296325596	154.03610472697838	0.7999629703806623
131.6411432679098	152.76368652482927	0.7942132602172444
131.31063098021812	151.50398161048975	0.7904385501317606
130.96652592722884	150.25724394694163	0.7887185530388989
130.60913197722795	149.02368883439024	0.7890832347272283
130.23875609296496	147.80349407069139	0.7915165351009144
129.85570743161873	146.596801265758	0.7959624396793653
129.46029649468403	145.403717284473	0.802331834516185
129.05283433013096	144.22431579349072	0.8105097528277806
128.6336317884152	143.0586388884875	0.8203634050412804
128.20299883320317	141.90669877984988	0.8317511881165867
127.76124390703505	140.76847951640775	0.8445299321749836
127.3086733515728	139.64393872856988	0.8585619512729183
126.84559088158062	138.53300937404575	0.8737215066113
126.37229711135495	137.4356014711942	0.8898989194868714
125.88908913195978	136.35160380688492	0.9070040966791001
125.39626013732794	135.28088560756106	0.9249677055791419
124.89409909705515	134.22329816391854	0.943740782480185
124.38289047353632	133.17867640125502	0.9632931657388343
123.86291398096766	132.14684038906586	0.9836095786785645
123.33444438365856	131.12759678487194	1.0046859083480033
122.7977513310572	130.120740208543	1.0265221547471512
122.25309922689087	129.12605454453248	1.049117534456699
121.70074712984675	128.14331417046245	1.0724634298642475
121.14094868327061	127.17228511139534	1.096537121809837
120.57395207143298	126.21272611990892	1.1212965015056093
120.00000000000001	125.26438968275468	1.1466747824554748
119.41932969844845	124.32702295544235	1.1725775626327009
118.83217294227461	123.40036862655414	1.198880865931642
118.23875609296496	122.48416571396879	1.2254307504580841
117.63930015381712	121.57815029546921	1.2520454629323439
117.03402083982486	120.68205617643345	1.2785185723665062
116.42312865996352	119.79561549746859	1.304625433273721
115.8068290103348	118.91855928495542	1.3301286696033683
115.18532227675053	118.05061794753063	1.3547883591920733
114.55880394545002	117.19152172155302	1.3783702596664515
113.92746472075895	116.34100106858591	1.4006565804586073
113.29149064860304	115.49878702788452	1.42145616725715
112.65106324489344	114.66461152681141	1.4406142947485558
112.00635962789399	113.83820765201867	1.4580218717940503
111.35755265377455	113.01930988413625	1.4736238631871772
110.70481105463546	112.20765429859652	1.4874245777341362
110.04829957836931	111.40297873510644	1.4994925646244626
109.38817912979906	110.60502293815665	1.509961788559992
108.7246069125981	109.81352867082943	1.519031238045205
108.05773657156229	109.02823980404222	1.526961204145509
107.38771833485946	108.2489023832344	1.5340666214231133
106.71469915593623	107.47526467438213	1.5407090378891117
106.03882285480876	106.70707719110183	1.5472852554235015
105.36023025850909	105.94409270448648	1.5542136199372771
104.67905934049797	105.18606623720254	1.5619203115345224
103.99544535889142	104.43275504326738	1.5708232844165773
103.30952099338151	103.68391857482159	1.5813162067862032
102.62141648076056	102.93931843711185	1.5937525966065769
101.93125974898572	102.19871833280676	1.6084307407795913
101.23917654974393	101.4618839966795	1.6255801811627772
100.54529058949956	100.72858312160906	1.6453497674248407
99.84972365902513	99.99858527677442	1.6677984518687823
99.15259576143428	99.27166181884544	1.6928892179322523
98.4540252387499	98.54758579690696	1.7204859465103166
97.75412889705464	97.82613185179234	1.7503528283909722
97.05302213028318	97.10707611044654	1.782159848190312
96.35081904272556	96.39019607588716	1.8154888558521691
95.64763257032062	95.67527051328666	1.8498441428087877
94.94357460082692	94.96207933265563	1.88466615181873
94.23875609296496	94.25040346857071	1.9193479287723652
93.53328719463082	93.54002475735638	1.9532515744973578
92.82727736028713	92.83072581210186	1.9857288095155283
92.12083546764086	92.12228989586791	2.0161405595255784
91.41406993372146	91.41450079341756	2.0438759533213315
90.70708883047607	90.70714268178726	2.0683722999841145
90.0	0.0	2.0221521275930217
90.0	1.0	2.0275698638242603
90.0	2.0	2.030008452278282
90.0	3.0000000000000004	2.029516464952244
90.0	4.0	2.026184190921505
90.0	5.0	2.020139719243084
90.0	6.000000000000001	2.0115430633108398
90.0	7.0	2.000582243758927
90.0	8.0	1.9874676086718055
90.0	9.0	1.972426741358734
90.0	10.0	1.9556989764186055
90.0	11.0	1.9375310909337478
90.0	12.0	1.9181724080992435
90.0	13.0	1.897870292561902
90.0	14.0	1.8768674084526797
90.0	14.999999999999998	1.8553970188708246
90.0	16.0	1.8336814190452595
90.0	17.000000000000004	1.811928802657345
90.0	18.0	1.7903314991474357
90.0	19.0	1.769064602731088
90.0	20.0	1.7482842097056153
90.0	21.0	1.7281274184500892
90.0	22.0	1.7087109584415479
90.0	23.0	1.690131190254995
90.0	24.000000000000004	1.6724641055634017
90.0	25.0	1.6557657188473596
90.0	26.0	1.6400712839757732
90.0	26.999999999999996	1.6253978403186127
90.0	28.0	1.611743037617951
90.0	29.000000000000004	1.5990874862458906
90.0	29.999999999999996	1.5873955406238736
90.0	31.0	1.5766166702064706
90.0	32.0	1.5666874180296544
90.0	33.0	1.5575339468235536
90.0	34.00000000000001	1.54907301828659
90.0	35.0	1.541215322617539
90.0	36.0	1.5338682204831147
90.0	37.0	1.5269377015662395
90.0	38.0	1.5203315182432813
90.0	39.0	1.5139625151161162
90.0	40.0	1.5077501958507469
90.0	41.0	1.5016242485641924
90.0	42.0	1.4955257209534518
90.0	43.0	1.4894095664082596
90.0	44.0	1.483246014994874
90.0	45.0	1.4770207693109063
90.0	46.00000000000001	1.4707357879046292
90.0	47.0	1.4644088935653217
90.0	48.00000000000001	1.4580725981943066
90.0	49.00000000000001	1.4517725359663314
90.0	50.0	1.4455647213619889
90.0	51.0	1.4395141781839234
90.0	52.0	1.4336898473313253
90.0	53.0	1.428162628251657
90.0	54.0	1.4230004825699731
90.0	55.0	1.418265496266509
90.0	56.0	1.414009179160831
90.0	57.00000000000001	1.4102703105087326
90.0	58.00000000000001	1.4070704343412115
90.0	59.00000000000001	1.4044126843355031
90.0	59.99999999999999	1.4022792377023283
90.0	61.0	1.4006307276214112
90.0	62.0	1.399406047386651
90.0	63.0	1.3985237213899144
90.0	64.0	1.3978830802499975
90.0	65.0	1.397367786199517
90.0	66.0	1.396849358471801
90.0	67.0	1.3961914821070864
90.0	68.0	1.395254904323203
90.0	69.0	1.3939035060152158
90.0	70.0	1.3920095898357612
90.0	71.0	1.3894603434043462
90.0	72.0	1.3861617564038937
90.0	73.0	1.3820456713545226
90.0	74.0	1.3770725255811294
90.0	75.0	1.3712360517292421
90.0	76.0	1.3645644528939842
90.0	77.0	1.3571229487328282
90.0	78.0	1.3490120127721503
90.0	79.0	1.3403669806975764
90.0	80.0	1.3313553083864007
90.0	81.0	1.3221708921175956
90.0	82.0	1.3130301514752658
90.0	83.0	1.3041645868652145
90.0	84.0	1.2958133370315075
90.0	85.0	1.2882155407182103
90.0	86.0	1.2816025024762987
90.0	87.0	1.2761878999222962
90.0	88.0	1.2721611246741487
90.0	89.0	1.269678860593651
90.0	90.0	1.2688592081416328
90.0	91.0	1.2697758087331374
90.0	92.0	1.272453927640879
90.0	93.0	1.2768681037373164
90.0	94.0	1.2829421494946514
90.0	95.0	1.2905487592751745
90.0	96.00000000000001	1.2995136222826387
90.0	97.0	1.3096201230781113
90.0	98.0	1.3206148255151378
90.0	99.0	1.3322160903521407
90.0	100.0	1.344122301155163
90.0	101.0	1.356022244603714
90.0	102.0	1.367604511522474
90.0	103.0	1.3785690523161047
90.0	104.0	1.3886371655654375
90.0	105.00000000000001	1.3975603114946984
90.0	106.0	1.4051302964225272
90.0	107.0	1.4111857359712736
90.0	108.0	1.4156187141311265
90.0	109.0	1.4183781127921748
90.0	110.0	1.4194729412764717
90.0	111.0	1.4189711612090712
90.0	112.0	1.4169985113890642
90.0	113.0	1.413734590693034
90.0	114.00000000000001	1.4094060031561026
90.0	115.0	1.4042795030529767
90.0	116.00000000000001	1.3986527897210685
90.0	117.0	1.3928429521256867
90.0	118.00000000000001	1.3871772636831567
90.0	119.0	1.3819800599873957
90.0	119.99999999999999	1.3775617709395862
90.0	121.0	1.3742083445875053
90.0	122.0	1.3721704751100259
90.0	123.00000000000001	1.3716543976402364
90.0	124.0	1.3728148374916604
90.0	125.00000000000001	1.375749917932747
90.0	126.0	1.3804958721065368
90.0	127.00000000000001	1.3870274347403146
90.0	128.0	1.3952576462907846
90.0	129.0	1.4050407907664764
90.0	130.0	1.4161780755177367
90.0	131.0	1.428424290300856
90.0	132.0	1.4414970124549469
90.0	133.0	1.4550858120788275
90.0	134.0	1.4688645908851348
90.0	135.0	1.4825021583609992
90.0	136.0	1.4956753540414667
90.0	137.0	1.5080798195249994
90.0	138.0	1.5194415539082822
90.0	139.0	1.529527489946894
90.0	140.0	1.538153328248398
90.0	141.0	1.5451907839009487
90.0	142.0	1.5505730704084557
90.0	143.0	1.5542978375129923
90.0	144.0	1.5564275629044493
90.0	145.0	1.5570883770915724
90.0	146.0	1.5564661463054164
90.0	147.0	1.554801380273838
90.0	148.0	1.5523812021735772
90.0	149.0	1.5495307310178603
90.0	150.0	1.5466021137860726
90.0	151.0	1.5439637534082615
90.0	152.0	1.5419885574755003
90.0	153.0	1.5410417952406004
90.0	154.0	1.5414693463284752
90.0	155.0	1.5435871245754702
90.0	156.0	1.5476705018686918
90.0	157.0	1.553946082243261
90.0	158.0	1.5625838676892267
90.0	159.0	1.5736925576357097
90.0	160.0	1.5873156318543578
90.0	161.0	1.603429587765902
90.0	162.0	1.6219447238594642
90.0	163.0	1.6427074899504848
90.0	164.0	1.6655038167127854
90.0	165.0	1.6900661664523497
90.0	166.0	1.716079800461796
90.0	167.0	1.7431913966327757
90.0	168.0	1.771017471213543
90.0	169.0	1.7991557383889383
90.0	170.0	1.8271931403283026
90.0	171.0	1.854717206765459
90.0	172.0	1.881324868465938
90.0	173.0	1.9066312706942046
90.0	174.0	1.93027878253571
90.0	175.0	1.9519428725417096
90.0	176.0	1.9713387677933907
90.0	177.0	1.9882257627080688
90.0	178.0	2.002411136135736
90.0	179.0	2.013751130633195
90.0	180.0	2.0221521275930217
90.0	181.0	2.0275698638242603
90.0	181.99999999999997	2.030008452278282
90.0	182.99999999999997	2.029516464952244
90.0	183.99999999999997	2.026184190921505
90.0	184.99999999999997	2.020139719243084
90.0	185.99999999999997	2.0115430633108398
90.0	186.99999999999997	2.000582243758927
90.0	188.0	1.9874676086718055
90.0	188.99999999999997	1.972426741358734
90.0	190.0	1.9556989764186055
90.0	190.99999999999997	1.9375310909337478
90.0	192.0	1.9181724080992435
90.0	192.99999999999997	1.897870292561902
90.0	193.99999999999997	1.8768674084526797
90.0	194.99999999999997	1.8553970188708246
90.0	195.99999999999997	1.8336814190452595
90.0	197.0	1.811928802657345
90.0	197.99999999999997	1.7903314991474357
90.0	199.0	1.769064602731088
90.0	199.99999999999997	1.7482842097056153
90.0	201.0	1.7281274184500892
90.0	201.99999999999997	1.7087109584415479
90.0	203.0	1.690131190254995
90.0	203.99999999999997	1.6724641055634017
90.0	204.99999999999997	1.6557657188473596
90.0	206.0	1.6400712839757732
90.0	206.99999999999997	1.6253978403186127
90.0	208.0	1.611743037617951
90.0	208.99999999999997	1.5990874862458906
90.0	210.0	1.5873955406238736
90.0	210.99999999999997	1.5766166702064706
90.0	212.0	1.5666874180296544
90.0	212.99999999999997	1.5575339468235536
90.0	214.0	1.54907301828659
90.0	215.0	1.541215322617539
90.0	216.0	1.5338682204831147
90.0	217.0	1.5269377015662395
90.0	217.99999999999997	1.5203315182432813
90.0	219.00000000000003	1.5139625151161162
90.0	219.99999999999997	1.5077501958507469
90.0	220.99999999999997	1.5016242485641924
90.0	221.99999999999997	1.4955257209534518
90.0	223.0	1.4894095664082596
90.0	224.0	1.483246014994874
90.0	224.99999999999997	1.4770207693109063
90.0	226.0	1.4707357879046292
90.0	227.0	1.4644088935653217
90.0	228.0	1.4580725981943066
90.0	229.0	1.4517725359663314
90.0	230.0	1.4455647213619889
90.0	230.99999999999997	1.4395141781839234
90.0	232.00000000000003	1.4336898473313253
90.0	233.0	1.428162628251657
90.0	233.99999999999997	1.4230004825699731
90.0	234.99999999999994	1.418265496266509
90.0	236.0	1.414009179160831
90.0	237.0	1.4102703105087326
90.0	238.0	1.4070704343412115
90.0	239.0	1.4044126843355031
90.0	239.99999999999994	1.4022792377023283
90.0	241.0	1.4006307276214112
90.0	242.0	1.399406047386651
90.0	242.99999999999997	1.3985237213899144
90.0	243.99999999999994	1.3978830802499975
90.0	245.0	1.397367786199517
90.0	246.0	1.396849358471801
90.0	247.0	1.3961914821070864
90.0	248.0	1.395254904323203
90.0	248.99999999999997	1.3939035060152158
90.0	250.0	1.3920095898357612
90.0	251.0	1.3894603434043462
90.0	252.0	1.3861617564038937
90.0	252.99999999999997	1.3820456713545226
90.0	254.0	1.3770725255811294
90.0	255.0	1.3712360517292421
90.0	256.0	1.3645644528939842
90.0	257.0	1.3571229487328282
90.0	258.0	1.3490120127721503
90.0	259.0	1.3403669806975764
90.0	260.0	1.3313553083864007
90.0	261.0	1.3221708921175956
90.0	262.0	1.3130301514752658
90.0	263.0	1.3041645868652145
90.0	264.0	1.2958133370315075
90.0	265.0	1.2882155407182103
90.0	266.0	1.2816025024762987
90.0	267.0	1.2761878999222962
90.0	268.0	1.2721611246741487
90.0	269.0	1.269678860593651
90.0	270.0	1.2688592081416328
90.0	271.0	1.2697758087331374
90.0	272.0	1.272453927640879
90.0	273.0	1.2768681037373164
90.0	274.0	1.2829421494946514
90.0	275.0	1.2905487592751745
90.0	276.0	1.2995136222826387
90.0	277.0	1.3096201230781113
90.0	278.0	1.3206148255151378
90.0	279.0	1.3322160903521407
90.0	280.0	1.344122301155163
90.0	281.0	1.356022244603714
90.0	282.0	1.367604511522474
90.0	283.0	1.3785690523161047
90.0	284.0	1.3886371655654375
90.0	285.0	1.3975603114946984
90.0	286.0	1.4051302964225272
90.0	287.0	1.4111857359712736
90.0	288.0	1.4156187141311265
90.0	289.0	1.4183781127921748
90.0	290.0	1.4194729412764717
90.0	291.0	1.4189711612090712
90.0	292.0	1.4169985113890642
90.0	293.0	1.413734590693034
90.0	294.0	1.4094060031561026
90.0	295.0	1.4042795030529767
90.0	296.0	1.3986527897210685
90.0	297.0	1.3928429521256867
90.0	298.0	1.3871772636831567
90.0	299.0	1.3819800599873957
90.0	300.0	1.3775617709395862
90.0	301.0	1.3742083445875053
90.0	302.0	1.3721704751100259
90.0	303.0	1.3716543976402364
90.0	304.0	1.3728148374916604
90.0	305.0	1.375749917932747
90.0	306.0	1.3804958721065368
90.0	307.0	1.3870274347403146
90.0	308.0	1.3952576462907846
90.0	309.0	1.4050407907664764
90.0	310.0	1.4161780755177367
90.0	311.0	1.428424290300856
90.0	311.99999999999994	1.4414970124549469
90.0	313.0	1.4550858120788275
90.0	314.0	1.4688645908851348
90.0	315.0	1.4825021583609992
90.0	316.0	1.4956753540414667
90.0	317.0	1.5080798195249994
90.0	318.0	1.5194415539082822
90.0	319.0	1.529527489946894
90.0	320.0	1.538153328248398
90.0	321.0	1.5451907839009487
90.0	322.0	1.5505730704084557
90.0	323.0	1.5542978375129923
90.0	324.0	1.5564275629044493
90.0	325.0	1.5570883770915724
90.0	326.0	1.5564661463054164
90.0	327.0	1.554801380273838
90.0	328.0	1.5523812021735772
90.0	329.0	1.5495307310178603
90.0	330.0	1.5466021137860726
90.0	331.0	1.5439637534082615
90.0	332.0	1.5419885574755003
90.0	333.0	1.5410417952406004
90.0	334.0	1.5414693463284752
90.0	335.0	1.5435871245754702
90.0	336.0	1.5476705018686918
90.0	337.0	1.553946082243261
90.0	338.0	1.5625838676892267
90.0	338.99999999999994	1.5736925576357097
90.0	340.0	1.5873156318543578
90.0	341.0	1.603429587765902
90.0	342.0	1.6219447238594642
90.0	343.0	1.6427074899504848
90.0	344.0	1.6655038167127854
90.0	345.0	1.6900661664523497
90.0	346.0	1.716079800461796
90.0	347.0	1.7431913966327757
90.0	347.99999999999994	1.771017471213543
90.0	349.0	1.7991557383889383
90.0	350.0	1.8271931403283026
90.0	351.0	1.854717206765459
90.0	352.0	1.881324868465938
90.0	353.0	1.9066312706942046
90.0	354.0	1.93027878253571
90.0	355.0	1.9519428725417096
90.0	356.0	1.9713387677933907
90.0	356.99999999999994	1.9882257627080688
90.0	358.0	2.002411136135736
90.0	359.0	2.013751130633195
