Polar Angle 	 Azimuth Angle 	 Intensity 
90.0	0.0	2.8355629778801794
89.0	0.0	2.8061728568012403
88.0	0.0	2.7597334180342323
87.00000000000001	0.0	2.6973022050190956
86.0	0.0	2.6203321910184396
85.0	0.0	2.5306242164976864
84.0	0.0	2.4302669652221915
83.0	0.0	2.321567871994937
82.0	0.0	2.2069767510308735
81.0	0.0	2.089006216476227
80.0	0.0	1.9701506840688487
79.0	0.0	1.8528087657221584
78.00000000000001	0.0	1.739210229133562
77.0	0.0	1.631351964062778
76.0	0.0	1.5309440656914315
75.0	0.0	1.439369119539905
74.0	0.0	1.3576549346995386
73.0	0.0	1.2864626994448054
72.0	0.0	1.2260895721931457
71.0	0.0	1.1764865097762254
70.0	0.0	1.137288988820854
69.00000000000001	0.0	1.107860003344367
68.0	0.0	1.0873426242255948
67.0	0.0	1.074719776349663
66.0	0.0	1.0688785190877457
65.0	0.0	1.0686759923938576
64.0	0.0	1.0730032037684476
63.0	0.0	1.0808452989193584
62.0	0.0	1.0913338744747159
61.0	0.0	1.1037904074049512
60.00000000000001	0.0	1.117758333573157
59.00000000000001	0.0	1.1330219247281832
58.00000000000001	0.0	1.149612457456628
57.00000000000001	0.0	1.167800131855728
55.99999999999999	0.0	1.188072850338509
55.00000000000001	0.0	1.211103213740627
54.0	0.0	1.237704228245071
53.00000000000001	0.0	1.2687772394273507
52.0	0.0	1.3052530804534965
51.00000000000001	0.0	1.3480304442496611
50.00000000000001	0.0	1.3979134537079654
49.00000000000001	0.0	1.455551822852177
48.0	0.0	1.5213865700601839
47.0	0.0	1.5956030106498167
46.00000000000001	0.0	1.6780947301992188
45.0	0.0	1.7684390321179175
44.0	0.0	1.8658859569122803
43.0	0.0	1.9693613049719885
42.0	0.0	2.077484094704177
41.0	0.0	2.1885972222248307
40.00000000000001	0.0	2.3008115693655253
39.0	0.0	2.4120604755195165
37.99999999999999	0.0	2.520163154468212
37.0	0.0	2.622895143812918
36.0	0.0	2.7180613453664235
35.0	0.0	2.8035708545406535
34.0	0.0	2.8775082117421813
33.0	0.0	2.938200397190853
31.99999999999999	0.0	2.9842753742741897
31.0	0.0	3.014710083993887
30.000000000000004	0.0	3.0288668417825586
29.00000000000001	0.0	3.0265153606623563
28.000000000000007	0.0	3.0078404007454305
27.00000000000001	0.0	2.9734345515601053
25.999999999999996	0.0	2.924276764097947
25.000000000000004	0.0	2.8616968176502904
24.000000000000004	0.0	2.7873283123940618
22.999999999999993	0.0	2.7030511130696966
21.999999999999996	0.0	2.6109263282271487
21.0	0.0	2.51312641599982
20.00000000000001	0.0	2.4118629456767415
19.000000000000014	0.0	2.309315161238508
18.00000000000001	0.0	2.2075623696434468
17.000000000000007	0.0	2.1085223129972235
15.999999999999995	0.0	2.0138984857028306
14.999999999999996	0.0	1.9251376920708856
14.0	0.0	1.843400065212951
12.999999999999996	0.0	1.7695415472178775
12.000000000000018	0.0	1.704110249470129
10.999999999999993	0.0	1.647355459319691
10.000000000000012	0.0	1.5992491080350013
8.999999999999984	0.0	1.5595180344218664
7.999999999999981	0.0	1.5276856869389264
7.000000000000025	0.0	1.503120179833669
6.000000000000026	0.0	1.4850877162666807
4.999999999999992	0.0	1.4728069367786896
4.000000000000042	0.0	1.4655028976204962
3.0000000000000444	0.0	1.4624578412278648
1.9999999999999472	0.0	1.463055736054902
0.9999999999999002	0.0	1.4668189201488893
0.0	0.0	1.4734353062285657
0.9999999999999002	180.0	1.4827745443383462
1.9999999999999472	180.0	1.494892525183276
3.0000000000000444	180.0	1.5100239156971198
4.000000000000042	180.0	1.528563898944467
4.999999999999992	180.0	1.5510384397721315
6.000000000000026	180.0	1.578066654202002
6.9999999999999725	180.0	1.6103149741177438
7.999999999999981	180.0	1.6484471787536654
8.999999999999984	180.0	1.6930714650866303
10.000000000000012	180.0	1.7446878266755674
10.999999999999993	180.0	1.8036380851503377
11.999999999999988	180.0	1.870061535446914
12.999999999999996	180.0	1.943857685337351
14.0	180.0	2.0246587419039033
14.999999999999996	180.0	2.1118135722638445
15.999999999999995	180.0	2.2043832619240353
16.99999999999999	180.0	2.3011499363822714
17.999999999999986	180.0	2.400638105701173
18.999999999999996	180.0	2.501147853469903
19.999999999999993	180.0	2.600799808464185
21.0	180.0	2.6975885060810314
21.999999999999996	180.0	2.789443831100581
23.00000000000001	180.0	2.8742969020933726
24.000000000000004	180.0	2.950148238339851
24.99999999999999	180.0	3.0151354949232356
26.000000000000007	180.0	3.0675978665883163
26.999999999999996	180.0	3.106134322648255
28.000000000000007	180.0	3.1296537605642767
28.999999999999996	180.0	3.137414302169857
29.999999999999993	180.0	3.129050683817567
31.0	180.0	3.104588198210571
31.99999999999999	180.0	3.0644429411607126
33.0	180.0	3.009407622998926
34.0	180.0	2.940624671944558
35.000000000000014	180.0	2.8595465677440575
36.0	180.0	2.7678858731598464
37.000000000000014	180.0	2.667556382168314
37.99999999999999	180.0	2.560608469342948
38.99999999999999	180.0	2.449160799555784
40.00000000000001	180.0	2.3353312357150973
40.999999999999986	180.0	2.2211701523943765
42.0	180.0	2.1085983761752813
43.0	180.0	1.999352343664441
44.00000000000001	180.0	1.8949387596963123
45.0	180.0	1.7966002979601068
46.000000000000014	180.0	1.70529370122022
47.0	180.0	1.6216804045092037
47.999999999999986	180.0	1.546130791704641
49.00000000000001	180.0	1.478740358183363
49.99999999999999	180.0	1.4193575944844534
51.00000000000001	180.0	1.3676218019849566
51.99999999999999	180.0	1.3230086814550965
53.000000000000014	180.0	1.2848815353598084
53.99999999999999	180.0	1.2525452461886648
55.000000000000014	180.0	1.2253010567495641
55.99999999999999	180.0	1.2024986978130598
56.999999999999986	180.0	1.1835832721474968
58.00000000000001	180.0	1.1681356611545577
58.99999999999999	180.0	1.1559032462501817
60.00000000000001	180.0	1.1468197112004577
61.0	180.0	1.1410137403439329
62.000000000000014	180.0	1.1388047620147388
63.0	180.0	1.1406871560254914
64.00000000000001	180.0	1.1473026784518892
65.0	180.0	1.159402645957003
65.99999999999999	180.0	1.1778017303408594
67.0	180.0	1.2033255841380297
68.0	180.0	1.236753962880267
69.00000000000001	180.0	1.2787633538429828
70.0	180.0	1.3298707768926035
71.00000000000001	180.0	1.3903819652898377
72.0	180.0	1.4603463323401398
73.00000000000001	180.0	1.5395216849883144
74.0	180.0	1.6273496713895919
74.99999999999999	180.0	1.7229440599008419
76.0	180.0	1.825093083282331
77.0	180.0	1.9322752312148224
78.00000000000001	180.0	2.0426892314062544
79.0	180.0	2.1542971705661635
80.00000000000001	180.0	2.2648786578041706
81.0	180.0	2.3720949200411767
82.00000000000001	180.0	2.4735604852315034
83.0	180.0	2.566918320198156
83.99999999999999	180.0	2.6499178061859965
85.0	180.0	2.720490431902682
86.0	180.0	2.7768208598456097
87.00000000000001	180.0	2.817411083402631
88.0	180.0	2.8411343434924587
89.00000000000001	180.0	2.8472762754744525
90.0	180.0	2.8355629778801794
91.00000000000001	180.0	2.8061728568012403
92.0	180.0	2.7597334180342323
92.99999999999999	180.0	2.6973022050190956
94.0	180.0	2.6203321910184396
95.0	180.0	2.5306242164976864
96.00000000000001	180.0	2.4302669652221915
97.0	180.0	2.321567871994937
98.00000000000001	180.0	2.2069767510308735
99.0	180.0	2.089006216476227
100.00000000000001	180.0	1.9701506840688487
101.0	180.0	1.8528087657221584
102.00000000000001	180.0	1.739210229133562
103.0	180.0	1.631351964062778
104.0	180.0	1.5309440656914315
105.00000000000001	180.0	1.439369119539905
106.0	180.0	1.3576549346995386
107.00000000000001	180.0	1.2864626994448054
108.0	180.0	1.2260895721931457
109.00000000000001	180.0	1.1764865097762254
110.0	180.0	1.137288988820854
111.00000000000001	180.0	1.107860003344367
112.0	180.0	1.0873426242255948
113.0	180.0	1.074719776349663
114.00000000000001	180.0	1.0688785190877457
115.0	180.0	1.0686759923938576
116.00000000000001	180.0	1.0730032037684476
117.0	180.0	1.0808452989193584
118.00000000000001	180.0	1.0913338744747159
119.0	180.0	1.1037904074049512
120.00000000000001	180.0	1.117758333573157
121.0	180.0	1.1330219247281832
122.0	180.0	1.149612457456628
123.00000000000001	180.0	1.167800131855728
124.0	180.0	1.188072850338509
125.00000000000001	180.0	1.211103213740627
126.0	180.0	1.237704228245071
127.00000000000001	180.0	1.2687772394273507
128.0	180.0	1.3052530804534965
129.00000000000003	180.0	1.3480304442496611
130.0	180.0	1.3979134537079654
131.0	180.0	1.455551822852177
132.0	180.0	1.5213865700601839
133.0	180.0	1.5956030106498167
134.0	180.0	1.6780947301992188
135.0	180.0	1.7684390321179175
136.0	180.0	1.8658859569122803
137.0	180.0	1.9693613049719885
138.00000000000003	180.0	2.077484094704177
139.0	180.0	2.1885972222248307
140.0	180.0	2.3008115693655253
140.99999999999997	180.0	2.4120604755195165
142.00000000000003	180.0	2.520163154468212
143.0	180.0	2.622895143812918
144.0	180.0	2.7180613453664235
145.0	180.0	2.8035708545406535
146.00000000000003	180.0	2.8775082117421813
147.00000000000003	180.0	2.938200397190853
148.0	180.0	2.9842753742741897
149.0	180.0	3.014710083993887
149.99999999999997	180.0	3.0288668417825586
151.00000000000003	180.0	3.0265153606623563
152.0	180.0	3.0078404007454305
153.0	180.0	2.9734345515601053
154.0	180.0	2.924276764097947
155.00000000000003	180.0	2.8616968176502904
156.00000000000003	180.0	2.7873283123940618
157.0	180.0	2.7030511130696966
158.0	180.0	2.6109263282271487
158.99999999999997	180.0	2.51312641599982
160.00000000000003	180.0	2.4118629456767415
161.0	180.0	2.309315161238508
162.0	180.0	2.2075623696434468
163.0	180.0	2.1085223129972235
164.00000000000003	180.0	2.0138984857028306
165.00000000000003	180.0	1.9251376920708856
166.0	180.0	1.843400065212951
167.0	180.0	1.7695415472178775
167.99999999999997	180.0	1.704110249470129
169.00000000000003	180.0	1.647355459319691
169.99999999999997	180.0	1.5992491080350013
170.99999999999997	180.0	1.5595180344218664
172.0	180.0	1.5276856869389264
173.00000000000003	180.0	1.503120179833669
174.00000000000003	180.0	1.4850877162666807
175.0	180.0	1.4728069367786896
175.99999999999997	180.0	1.4655028976204962
176.99999999999994	180.0	1.4624578412278648
178.00000000000006	180.0	1.463055736054902
179.0000000000001	180.0	1.4668189201488893
180.0	180.0	1.4734353062285657
179.0000000000001	0.0	1.4827745443383462
178.00000000000006	0.0	1.494892525183276
176.99999999999994	0.0	1.5100239156971198
176.00000000000006	0.0	1.528563898944467
175.0	0.0	1.5510384397721315
174.00000000000003	0.0	1.578066654202002
172.99999999999997	0.0	1.6103149741177438
172.0	0.0	1.6484471787536654
171.00000000000003	0.0	1.6930714650866303
170.00000000000003	0.0	1.7446878266755674
168.99999999999997	0.0	1.8036380851503377
167.99999999999997	0.0	1.870061535446914
167.00000000000003	0.0	1.943857685337351
166.00000000000003	0.0	2.0246587419039033
165.00000000000003	0.0	2.1118135722638445
163.99999999999997	0.0	2.2043832619240353
163.0	0.0	2.3011499363822714
162.00000000000003	0.0	2.400638105701173
161.00000000000003	0.0	2.501147853469903
160.0	0.0	2.600799808464185
159.0	0.0	2.6975885060810314
158.00000000000003	0.0	2.789443831100581
157.00000000000003	0.0	2.8742969020933726
156.00000000000003	0.0	2.950148238339851
154.99999999999997	0.0	3.0151354949232356
154.0	0.0	3.0675978665883163
153.00000000000003	0.0	3.106134322648255
152.0	0.0	3.1296537605642767
150.99999999999997	0.0	3.137414302169857
150.0	0.0	3.129050683817567
149.0	0.0	3.104588198210571
148.0	0.0	3.0644429411607126
147.00000000000003	0.0	3.009407622998926
146.0	0.0	2.940624671944558
145.0	0.0	2.8595465677440575
144.00000000000003	0.0	2.7678858731598464
143.0	0.0	2.667556382168314
142.0	0.0	2.560608469342948
140.99999999999997	0.0	2.449160799555784
140.00000000000003	0.0	2.3353312357150973
139.00000000000003	0.0	2.2211701523943765
138.00000000000003	0.0	2.1085983761752813
137.0	0.0	1.999352343664441
136.0	0.0	1.8949387596963123
135.00000000000003	0.0	1.7966002979601068
134.00000000000003	0.0	1.70529370122022
132.99999999999997	0.0	1.6216804045092037
131.99999999999997	0.0	1.546130791704641
131.00000000000003	0.0	1.478740358183363
130.00000000000003	0.0	1.4193575944844534
129.00000000000003	0.0	1.3676218019849566
128.0	0.0	1.3230086814550965
126.99999999999999	0.0	1.2848815353598084
126.00000000000003	0.0	1.2525452461886648
125.00000000000004	0.0	1.2253010567495641
123.99999999999997	0.0	1.2024986978130598
122.99999999999999	0.0	1.1835832721474968
122.0	0.0	1.1681356611545577
121.0	0.0	1.1559032462501817
120.00000000000001	0.0	1.1468197112004577
119.0	0.0	1.1410137403439329
118.00000000000001	0.0	1.1388047620147388
117.00000000000003	0.0	1.1406871560254914
116.00000000000004	0.0	1.1473026784518892
115.0	0.0	1.159402645957003
114.00000000000001	0.0	1.1778017303408594
113.00000000000001	0.0	1.2033255841380297
112.00000000000003	0.0	1.236753962880267
111.00000000000004	0.0	1.2787633538429828
110.0	0.0	1.3298707768926035
109.00000000000001	0.0	1.3903819652898377
108.00000000000003	0.0	1.4603463323401398
107.00000000000004	0.0	1.5395216849883144
106.0	0.0	1.6273496713895919
105.0	0.0	1.7229440599008419
104.00000000000001	0.0	1.825093083282331
103.00000000000001	0.0	1.9322752312148224
102.00000000000003	0.0	2.0426892314062544
100.99999999999999	0.0	2.1542971705661635
100.0	0.0	2.2648786578041706
99.00000000000001	0.0	2.3720949200411767
98.00000000000003	0.0	2.4735604852315034
96.99999999999999	0.0	2.566918320198156
96.0	0.0	2.6499178061859965
95.0	0.0	2.720490431902682
94.00000000000001	0.0	2.7768208598456097
93.00000000000003	0.0	2.817411083402631
91.99999999999999	0.0	2.8411343434924587
91.0	0.0	2.8472762754744525
90.0	90.0	1.0960937761420049
89.0	90.0	1.087876485330958
88.0	90.0	1.0784691419911887
87.00000000000001	90.0	1.0680323239430418
86.0	90.0	1.0567906427285356
85.0	90.0	1.045026451280331
84.0	90.0	1.0330706521832633
83.0	90.0	1.0212914701817186
82.0	90.0	1.0100819292070893
81.0	90.0	0.999845602098673
80.0	90.0	0.9909816200503343
79.0	90.0	0.9838704223314021
78.00000000000001	90.0	0.978858827422851
77.0	90.0	0.9762472015971575
76.0	90.0	0.9762775528409567
75.0	90.0	0.9791241540480147
74.0	90.0	0.9848862019663582
73.0	90.0	0.9935838690690004
72.0	90.0	1.0051564528683423
71.0	90.0	1.0194643499808118
70.0	90.0	1.0362934977722962
69.00000000000001	90.0	1.0553627771005327
68.0	90.0	1.0763338209487758
67.0	90.0	1.0988228588136209
66.0	90.0	1.1224143500889057
65.0	90.0	1.1466757895504909
64.0	90.0	1.1711724511515202
63.0	90.0	1.1954829337814397
62.0	90.0	1.2192130414079783
61.0	90.0	1.2420092313924909
60.00000000000001	90.0	1.2635698419825825
59.00000000000001	90.0	1.2836541606715361
58.00000000000001	90.0	1.3020890866664645
57.00000000000001	90.0	1.318772893949024
55.99999999999999	90.0	1.333676279997254
55.00000000000001	90.0	1.3468400215838194
54.0	90.0	1.3583704097515383
53.00000000000001	90.0	1.3684316620024293
52.0	90.0	1.3772366071802074
51.00000000000001	90.0	1.3850345943243774
50.00000000000001	90.0	1.3920994015243315
49.00000000000001	90.0	1.398715109019289
48.0	90.0	1.4051625275039124
47.0	90.0	1.4117058731920071
46.00000000000001	90.0	1.4185799980858973
45.0	90.0	1.4259794092418825
44.0	90.0	1.4340492004108079
43.0	90.0	1.4428778960537538
42.0	90.0	1.4524931330756436
41.0	90.0	1.4628599952082046
40.00000000000001	90.0	1.4738818766632462
39.0	90.0	1.4854041218143357
37.99999999999999	90.0	1.4972202558383108
37.0	90.0	1.5090804361795067
36.0	90.0	1.5207015079415038
35.0	90.0	1.5317789099644705
34.0	90.0	1.5419988893501086
33.0	90.0	1.5510517647084336
31.99999999999999	90.0	1.5586447575779188
31.0	90.0	1.5645138985028386
30.000000000000004	90.0	1.5684353162154134
29.00000000000001	90.0	1.5702344293742778
28.000000000000007	90.0	1.56979353437543
27.00000000000001	90.0	1.5670569255823843
25.999999999999996	90.0	1.5620336713545688
25.000000000000004	90.0	1.554797984184444
24.000000000000004	90.0	1.5454868148062255
22.999999999999993	90.0	1.5342955339294917
21.999999999999996	90.0	1.5214710230129505
21.0	90.0	1.5073034078687726
20.00000000000001	90.0	1.4921158798918044
19.000000000000014	90.0	1.4762539003935813
18.00000000000001	90.0	1.460073664662106
17.000000000000007	90.0	1.4439305043321007
15.999999999999995	90.0	1.4281677215819044
14.999999999999996	90.0	1.4131063486731668
14.0	90.0	1.3990360179018981
12.999999999999996	90.0	1.386207250408483
12.000000000000018	90.0	1.3748261508789639
10.999999999999993	90.0	1.3650503977262494
10.000000000000012	90.0	1.3569877625416347
8.999999999999984	90.0	1.3506964185424015
7.999999999999981	90.0	1.3461874698421354
7.000000000000025	90.0	1.3434288995799992
6.000000000000026	90.0	1.342351430425126
4.999999999999992	90.0	1.3428551253552499
4.000000000000042	90.0	1.3448170371571757
3.0000000000000444	90.0	1.3480992280643689
1.9999999999999472	90.0	1.3525569744631034
0.9999999999999002	90.0	1.3580459228767738
0.0	90.0	1.3644294310187628
0.9999999999999002	270.0	1.3715841815387566
1.9999999999999472	270.0	1.3794046236681765
3.0000000000000444	270.0	1.3878059343171365
4.000000000000042	270.0	1.3967254369334006
4.999999999999992	270.0	1.4061222930547839
6.000000000000026	270.0	1.4159755282445143
6.9999999999999725	270.0	1.426280885925718
7.999999999999981	270.0	1.4370462006674238
8.999999999999984	270.0	1.448285784438253
10.000000000000012	270.0	1.460014689481065
10.999999999999993	270.0	1.4722419224657681
11.999999999999988	270.0	1.4849642755373265
12.999999999999996	270.0	1.498160774258968
14.0	270.0	1.5117872489344324
14.999999999999996	270.0	1.5257726332367747
15.999999999999995	270.0	1.5400165583170902
16.99999999999999	270.0	1.5543881190141142
17.999999999999986	270.0	1.5687266141284624
18.999999999999996	270.0	1.5828441990719875
19.999999999999993	270.0	1.596529402170413
21.0	270.0	1.6095530468572465
21.999999999999996	270.0	1.6216750992104911
23.00000000000001	270.0	1.6326520090055128
24.000000000000004	270.0	1.6422457780744717
24.99999999999999	270.0	1.6502324734600682
26.000000000000007	270.0	1.6564110490168926
26.999999999999996	270.0	1.660611488428053
28.000000000000007	270.0	1.6627022696370857
28.999999999999996	270.0	1.662596348731388
29.999999999999993	270.0	1.66025591003525
31.0	270.0	1.6556950804487338
31.99999999999999	270.0	1.648980731411429
33.0	270.0	1.6402313684910963
34.0	270.0	1.6296139235286318
35.000000000000014	270.0	1.6173385110288736
36.0	270.0	1.6036517040029303
37.000000000000014	270.0	1.5888279591249133
37.99999999999999	270.0	1.5731601165458697
38.99999999999999	270.0	1.5569493445020353
40.00000000000001	270.0	1.5404939118222092
40.999999999999986	270.0	1.5240793176045686
42.0	270.0	1.5079676189297209
43.0	270.0	1.492388670948878
44.00000000000001	270.0	1.4775323540043448
45.0	270.0	1.4635426514356082
46.000000000000014	270.0	1.4505131462443823
47.0	270.0	1.4384855405461312
47.999999999999986	270.0	1.4274494705015088
49.00000000000001	270.0	1.4173452823447552
49.99999999999999	270.0	1.4080681655815313
51.00000000000001	270.0	1.3994749388361092
51.99999999999999	270.0	1.3913919461099216
53.000000000000014	270.0	1.3836243102095507
53.99999999999999	270.0	1.3759661732070332
55.000000000000014	270.0	1.368211368726805
55.99999999999999	270.0	1.3601637857850504
56.999999999999986	270.0	1.3516474858709648
58.00000000000001	270.0	1.342515462858586
58.99999999999999	270.0	1.3326577243339015
60.00000000000001	270.0	1.3220067819621217
61.0	270.0	1.3105417229959955
62.000000000000014	270.0	1.2982898142033257
63.0	270.0	1.2853260083508116
64.00000000000001	270.0	1.2717701681756521
65.0	270.0	1.2577818227763538
65.99999999999999	270.0	1.2435534434550577
67.0	270.0	1.2293018688742725
68.0	270.0	1.2152583113546482
69.00000000000001	270.0	1.201657807967069
70.0	270.0	1.1887283631771488
71.00000000000001	270.0	1.176679721352606
72.0	270.0	1.1656933730610368
73.00000000000001	270.0	1.1559135484000078
74.0	270.0	1.1474393824280256
74.99999999999999	270.0	1.1403194864867852
76.0	270.0	1.1345486169670933
77.0	270.0	1.1300663181394317
78.00000000000001	270.0	1.126758464391953
79.0	270.0	1.124461455117837
80.00000000000001	270.0	1.1229680752196822
81.0	270.0	1.1220359465737335
82.00000000000001	270.0	1.1213978918692304
83.0	270.0	1.120773162101029
83.99999999999999	270.0	1.1198798978526285
85.0	270.0	1.118448145784871
86.0	270.0	1.116232196539926
87.00000000000001	270.0	1.1130224908186357
88.0	270.0	1.1086567851836173
89.00000000000001	270.0	1.1030284184549342
90.0	270.0	1.0960937761420049
91.00000000000001	270.0	1.087876485330958
92.0	270.0	1.0784691419911887
92.99999999999999	270.0	1.0680323239430418
94.0	270.0	1.0567906427285356
95.0	270.0	1.045026451280331
96.00000000000001	270.0	1.0330706521832633
97.0	270.0	1.0212914701817186
98.00000000000001	270.0	1.0100819292070893
99.0	270.0	0.999845602098673
100.00000000000001	270.0	0.9909816200503343
101.0	270.0	0.9838704223314021
102.00000000000001	270.0	0.978858827422851
103.0	270.0	0.9762472015971575
104.0	270.0	0.9762775528409567
105.00000000000001	270.0	0.9791241540480147
106.0	270.0	0.9848862019663582
107.00000000000001	270.0	0.9935838690690004
108.0	270.0	1.0051564528683423
109.00000000000001	270.0	1.0194643499808118
110.0	270.0	1.0362934977722962
111.00000000000001	270.0	1.0553627771005327
112.0	270.0	1.0763338209487758
113.0	270.0	1.0988228588136209
114.00000000000001	270.0	1.1224143500889057
115.0	270.0	1.1466757895504909
116.00000000000001	270.0	1.1711724511515202
117.0	270.0	1.1954829337814397
118.00000000000001	270.0	1.2192130414079783
119.0	270.0	1.2420092313924909
120.00000000000001	270.0	1.2635698419825825
121.0	270.0	1.2836541606715361
122.0	270.0	1.3020890866664645
123.00000000000001	270.0	1.318772893949024
124.0	270.0	1.333676279997254
125.00000000000001	270.0	1.3468400215838194
126.0	270.0	1.3583704097515383
127.00000000000001	270.0	1.3684316620024293
128.0	270.0	1.3772366071802074
129.00000000000003	270.0	1.3850345943243774
130.0	270.0	1.3920994015243315
131.0	270.0	1.398715109019289
132.0	270.0	1.4051625275039124
133.0	270.0	1.4117058731920071
134.0	270.0	1.4185799980858973
135.0	270.0	1.4259794092418825
136.0	270.0	1.4340492004108079
137.0	270.0	1.4428778960537538
138.00000000000003	270.0	1.4524931330756436
139.0	270.0	1.4628599952082046
140.0	270.0	1.4738818766632462
140.99999999999997	270.0	1.4854041218143357
142.00000000000003	270.0	1.4972202558383108
143.0	270.0	1.5090804361795067
144.0	270.0	1.5207015079415038
145.0	270.0	1.5317789099644705
146.00000000000003	270.0	1.5419988893501086
147.00000000000003	270.0	1.5510517647084336
148.0	270.0	1.5586447575779188
149.0	270.0	1.5645138985028386
149.99999999999997	270.0	1.5684353162154134
151.00000000000003	270.0	1.5702344293742778
152.0	270.0	1.56979353437543
153.0	270.0	1.5670569255823843
154.0	270.0	1.5620336713545688
155.00000000000003	270.0	1.554797984184444
156.00000000000003	270.0	1.5454868148062255
157.0	270.0	1.5342955339294917
158.0	270.0	1.5214710230129505
158.99999999999997	270.0	1.5073034078687726
160.00000000000003	270.0	1.4921158798918044
161.0	270.0	1.4762539003935813
162.0	270.0	1.460073664662106
163.0	270.0	1.4439305043321007
164.00000000000003	270.0	1.4281677215819044
165.00000000000003	270.0	1.4131063486731668
166.0	270.0	1.3990360179018981
167.0	270.0	1.386207250408483
167.99999999999997	270.0	1.3748261508789639
169.00000000000003	270.0	1.3650503977262494
169.99999999999997	270.0	1.3569877625416347
170.99999999999997	270.0	1.3506964185424015
172.0	270.0	1.3461874698421354
173.00000000000003	270.0	1.3434288995799992
174.00000000000003	270.0	1.342351430425126
175.0	270.0	1.3428551253552499
175.99999999999997	270.0	1.3448170371571757
176.99999999999994	270.0	1.3480992280643689
178.00000000000006	270.0	1.3525569744631034
179.0000000000001	270.0	1.3580459228767738
180.0	270.0	1.3644294310187628
179.0000000000001	90.0	1.3715841815387566
178.00000000000006	90.0	1.3794046236681765
176.99999999999994	90.0	1.3878059343171365
176.00000000000006	90.0	1.3967254369334006
175.0	90.0	1.4061222930547839
174.00000000000003	90.0	1.4159755282445143
172.99999999999997	90.0	1.426280885925718
172.0	90.0	1.4370462006674238
171.00000000000003	90.0	1.448285784438253
170.00000000000003	90.0	1.460014689481065
168.99999999999997	90.0	1.4722419224657681
167.99999999999997	90.0	1.4849642755373265
167.00000000000003	90.0	1.498160774258968
166.00000000000003	90.0	1.5117872489344324
165.00000000000003	90.0	1.5257726332367747
163.99999999999997	90.0	1.5400165583170902
163.0	90.0	1.5543881190141142
162.00000000000003	90.0	1.5687266141284624
161.00000000000003	90.0	1.5828441990719875
160.0	90.0	1.596529402170413
159.0	90.0	1.6095530468572465
158.00000000000003	90.0	1.6216750992104911
157.00000000000003	90.0	1.6326520090055128
156.00000000000003	90.0	1.6422457780744717
154.99999999999997	90.0	1.6502324734600682
154.0	90.0	1.6564110490168926
153.00000000000003	90.0	1.660611488428053
152.0	90.0	1.6627022696370857
150.99999999999997	90.0	1.662596348731388
150.0	90.0	1.66025591003525
149.0	90.0	1.6556950804487338
148.0	90.0	1.648980731411429
147.00000000000003	90.0	1.6402313684910963
146.0	90.0	1.6296139235286318
145.0	90.0	1.6173385110288736
144.00000000000003	90.0	1.6036517040029303
143.0	90.0	1.5888279591249133
142.0	90.0	1.5731601165458697
140.99999999999997	90.0	1.5569493445020353
140.00000000000003	90.0	1.5404939118222092
139.00000000000003	90.0	1.5240793176045686
138.00000000000003	90.0	1.5079676189297209
137.0	90.0	1.492388670948878
136.0	90.0	1.4775323540043448
135.00000000000003	90.0	1.4635426514356082
134.00000000000003	90.0	1.4505131462443823
132.99999999999997	90.0	1.4384855405461312
131.99999999999997	90.0	1.4274494705015088
131.00000000000003	90.0	1.4173452823447552
130.00000000000003	90.0	1.4080681655815313
129.00000000000003	90.0	1.3994749388361092
128.0	90.0	1.3913919461099216
126.99999999999999	90.0	1.3836243102095507
126.00000000000003	90.0	1.3759661732070332
125.00000000000004	90.0	1.368211368726805
123.99999999999997	90.0	1.3601637857850504
122.99999999999999	90.0	1.3516474858709648
122.0	90.0	1.342515462858586
121.0	90.0	1.3326577243339015
120.00000000000001	90.0	1.3220067819621217
119.0	90.0	1.3105417229959955
118.00000000000001	90.0	1.2982898142033257
117.00000000000003	90.0	1.2853260083508116
116.00000000000004	90.0	1.2717701681756521
115.0	90.0	1.2577818227763538
114.00000000000001	90.0	1.2435534434550577
113.00000000000001	90.0	1.2293018688742725
112.00000000000003	90.0	1.2152583113546482
111.00000000000004	90.0	1.201657807967069
110.0	90.0	1.1887283631771488
109.00000000000001	90.0	1.176679721352606
108.00000000000003	90.0	1.1656933730610368
107.00000000000004	90.0	1.1559135484000078
106.0	90.0	1.1474393824280256
105.0	90.0	1.1403194864867852
104.00000000000001	90.0	1.1345486169670933
103.00000000000001	90.0	1.1300663181394317
102.00000000000003	90.0	1.126758464391953
100.99999999999999	90.0	1.124461455117837
100.0	90.0	1.1229680752196822
99.00000000000001	90.0	1.1220359465737335
98.00000000000003	90.0	1.1213978918692304
96.99999999999999	90.0	1.120773162101029
96.0	90.0	1.1198798978526285
95.0	90.0	1.118448145784871
94.00000000000001	90.0	1.116232196539926
93.00000000000003	90.0	1.1130224908186357
91.99999999999999	90.0	1.1086567851836173
91.0	90.0	1.1030284184549342
90.0	45.0	1.4838321494678064
89.0	45.0	1.4770314351026175
88.0	45.0	1.466819105217449
87.00000000000001	45.0	1.453442719855729
86.0	45.0	1.4372265191341416
85.0	45.0	1.418560874334723
84.0	45.0	1.3978900733799169
83.0	45.0	1.3756983173115527
82.0	45.0	1.3524954083222263
81.0	45.0	1.3288015124438788
80.0	45.0	1.3051330943372574
79.0	45.0	1.2819891605289717
78.00000000000001	45.0	1.2598391682655916
77.0	45.0	1.2391129701218997
76.0	45.0	1.220192609294743
75.0	45.0	1.2034070759938404
74.0	45.0	1.1890292846553048
73.0	45.0	1.1772758271835655
72.0	45.0	1.1683087002579253
71.0	45.0	1.1622401171151133
70.0	45.0	1.1591381212955982
69.00000000000001	45.0	1.1590342361440578
68.0	45.0	1.161931854584087
67.0	45.0	1.1678148756509883
66.0	45.0	1.1766562176455175
65.0	45.0	1.188425776081955
64.0	45.0	1.203096654329617
63.0	45.0	1.2206505922906083
62.0	45.0	1.241080557359658
61.0	45.0	1.2643918548354787
60.00000000000001	45.0	1.2906005239932496
59.00000000000001	45.0	1.3197295750238995
58.00000000000001	45.0	1.3518031285297158
57.00000000000001	45.0	1.386838766023875
55.99999999999999	45.0	1.4248381531234149
55.00000000000001	45.0	1.4657771692260482
54.0	45.0	1.5095946183280164
53.00000000000001	45.0	1.5561821736323453
52.0	45.0	1.6053741987780574
51.00000000000001	45.0	1.656939481444503
50.00000000000001	45.0	1.7105742624356102
49.00000000000001	45.0	1.7658983492401292
48.0	45.0	1.822453512104115
47.0	45.0	1.879705087958446
46.00000000000001	45.0	1.9370471623384953
45.0	45.0	1.9938106507112414
44.0	45.0	2.049274957794532
43.0	45.0	2.102682104457145
42.0	45.0	2.153253754026285
41.0	45.0	2.200210274349238
40.00000000000001	45.0	2.2427906635083072
39.0	45.0	2.2802738327051806
37.99999999999999	45.0	2.3119992722501044
37.0	45.0	2.3373869772768177
36.0	45.0	2.3559560162880455
35.0	45.0	2.367340076914521
34.0	45.0	2.371300605782723
33.0	45.0	2.367736123632389
31.99999999999999	45.0	2.3566875306152233
31.0	45.0	2.338339031637699
30.000000000000004	45.0	2.3130151135745805
29.00000000000001	45.0	2.2811727106998934
28.000000000000007	45.0	2.243389545367663
27.00000000000001	45.0	2.2003488290109723
25.999999999999996	45.0	2.1528204468383865
25.000000000000004	45.0	2.101640045086704
24.000000000000004	45.0	2.047686329277625
22.999999999999993	45.0	1.9918569436154647
21.999999999999996	45.0	1.9350450289695835
21.0	45.0	1.8781160276148994
20.00000000000001	45.0	1.8218864003475164
19.000000000000014	45.0	1.7671047494916292
18.00000000000001	45.0	1.7144358413138654
17.000000000000007	45.0	1.6644485148773809
15.999999999999995	45.0	1.6176074156461926
14.999999999999996	45.0	1.574268985666381
14.0	45.0	1.5346818953927328
12.999999999999996	45.0	1.4989912385760928
12.000000000000018	45.0	1.4672469837275945
10.999999999999993	45.0	1.4394158185064823
10.000000000000012	45.0	1.4153952149306537
8.999999999999984	45.0	1.3950305790631963
7.999999999999981	45.0	1.3781325240779645
7.000000000000025	45.0	1.364495623873634
6.000000000000026	45.0	1.3539161179659187
4.999999999999992	45.0	1.3462085676579472
4.000000000000042	45.0	1.3412205381460043
3.0000000000000444	45.0	1.3388445662863946
1.9999999999999472	45.0	1.33902661205967
0.9999999999999002	45.0	1.341771363869345
0.0	45.0	1.347142855437093
0.9999999999999002	225.0	1.3552619365324319
1.9999999999999472	225.0	1.3662991169884127
3.0000000000000444	225.0	1.380464202862274
4.000000000000042	225.0	1.3979926013620194
4.999999999999992	225.0	1.4191291581922003
6.000000000000026	225.0	1.4441099591455397
6.9999999999999725	225.0	1.473143206351758
7.999999999999981	225.0	1.506389971147359
8.999999999999984	225.0	1.5439455021510948
10.000000000000012	225.0	1.5858222606459889
10.999999999999993	225.0	1.6319350534050354
11.999999999999988	225.0	1.6820898051985749
12.999999999999996	225.0	1.7359755391567049
14.0	225.0	1.793160860466645
14.999999999999996	225.0	1.853095005094574
15.999999999999995	225.0	1.9151132067738652
16.99999999999999	225.0	1.97844687577587
17.999999999999986	225.0	2.04223815763662
18.999999999999996	225.0	2.1055580081861636
19.999999999999993	225.0	2.1674279082595738
21.0	225.0	2.2268439842992382
21.999999999999996	225.0	2.282802732884665
23.00000000000001	225.0	2.334328102431724
24.000000000000004	225.0	2.380497402791015
24.99999999999999	225.0	2.420467338225269
26.000000000000007	225.0	2.4534972643583615
26.999999999999996	225.0	2.4789697307854404
28.000000000000007	225.0	2.496407507380428
28.999999999999996	225.0	2.5054867241637577
29.999999999999993	225.0	2.5060447058714086
31.0	225.0	2.498083858394657
31.99999999999999	225.0	2.4817695096468815
33.0	225.0	2.4574239256801294
34.0	225.0	2.425514836434412
35.000000000000014	225.0	2.3866406302529266
36.0	225.0	2.3415114151994394
37.000000000000014	225.0	2.2909275511053564
37.99999999999999	225.0	2.235755960794073
38.99999999999999	225.0	2.176905762720608
40.00000000000001	225.0	2.1153031633369994
40.999999999999986	225.0	2.0518673981795317
42.0	225.0	1.9874876599882911
43.0	225.0	1.9230029879236719
44.00000000000001	225.0	1.8591843159160784
45.0	225.0	1.7967205925239453
46.000000000000014	225.0	1.736208046957273
47.0	225.0	1.6781437116780331
47.999999999999986	225.0	1.6229231398879354
49.00000000000001	225.0	1.570841577629303
49.99999999999999	225.0	1.5220988989466675
51.00000000000001	225.0	1.4768077489033977
51.99999999999999	225.0	1.4350042775581653
53.000000000000014	225.0	1.3966606629374874
53.99999999999999	225.0	1.361698991177709
55.000000000000014	225.0	1.3300060003202618
55.99999999999999	225.0	1.3014472689012464
56.999999999999986	225.0	1.2758806642667735
58.00000000000001	225.0	1.253168372029348
58.99999999999999	225.0	1.233187074838656
60.00000000000001	225.0	1.2158354785029932
61.0	225.0	1.2010391854613396
62.000000000000014	225.0	1.1887530389851158
63.0	225.0	1.178960259524904
64.00000000000001	225.0	1.1716691134763735
65.0	225.0	1.1669069909863674
65.99999999999999	225.0	1.1647125713838737
67.0	225.0	1.1651266931310778
68.0	225.0	1.168181619846896
69.00000000000001	225.0	1.173890306330511
70.0	225.0	1.1822360964115457
71.00000000000001	225.0	1.193162790937355
72.0	225.0	1.2065666281354381
73.00000000000001	225.0	1.2222896211452876
74.0	225.0	1.2401157332681534
74.99999999999999	225.0	1.2597692740395254
76.0	225.0	1.280916379777612
77.0	225.0	1.303169270160214
78.00000000000001	225.0	1.3260929723823958
79.0	225.0	1.3492150064111108
80.00000000000001	225.0	1.3720367358568688
81.0	225.0	1.3940471247366768
82.00000000000001	225.0	1.4147369260636173
83.0	225.0	1.433614104226832
83.99999999999999	225.0	1.450219195681977
85.0	225.0	1.464139435851287
86.0	225.0	1.4750225158865147
87.00000000000001	225.0	1.4825881802986767
88.0	225.0	1.4866371719384404
89.00000000000001	225.0	1.4870583879804349
90.0	225.0	1.4838321494678064
91.00000000000001	225.0	1.4770314351026175
92.0	225.0	1.466819105217449
92.99999999999999	225.0	1.453442719855729
94.0	225.0	1.4372265191341416
95.0	225.0	1.418560874334723
96.00000000000001	225.0	1.3978900733799169
97.0	225.0	1.3756983173115527
98.00000000000001	225.0	1.3524954083222263
99.0	225.0	1.3288015124438788
100.00000000000001	225.0	1.3051330943372574
101.0	225.0	1.2819891605289717
102.00000000000001	225.0	1.2598391682655916
103.0	225.0	1.2391129701218997
104.0	225.0	1.220192609294743
105.00000000000001	225.0	1.2034070759938404
106.0	225.0	1.1890292846553048
107.00000000000001	225.0	1.1772758271835655
108.0	225.0	1.1683087002579253
109.00000000000001	225.0	1.1622401171151133
110.0	225.0	1.1591381212955982
111.00000000000001	225.0	1.1590342361440578
112.0	225.0	1.161931854584087
113.0	225.0	1.1678148756509883
114.00000000000001	225.0	1.1766562176455175
115.0	225.0	1.188425776081955
116.00000000000001	225.0	1.203096654329617
117.0	225.0	1.2206505922906083
118.00000000000001	225.0	1.241080557359658
119.0	225.0	1.2643918548354787
120.00000000000001	225.0	1.2906005239932496
121.0	225.0	1.3197295750238995
122.0	225.0	1.3518031285297158
123.00000000000001	225.0	1.386838766023875
124.0	225.0	1.4248381531234149
125.00000000000001	225.0	1.4657771692260482
126.0	225.0	1.5095946183280164
127.00000000000001	225.0	1.5561821736323453
128.0	225.0	1.6053741987780574
129.00000000000003	225.0	1.656939481444503
130.0	225.0	1.7105742624356102
131.0	225.0	1.7658983492401292
132.0	225.0	1.822453512104115
133.0	225.0	1.879705087958446
134.0	225.0	1.9370471623384953
135.0	225.0	1.9938106507112414
136.0	225.0	2.049274957794532
137.0	225.0	2.102682104457145
138.00000000000003	225.0	2.153253754026285
139.0	225.0	2.200210274349238
140.0	225.0	2.2427906635083072
140.99999999999997	225.0	2.2802738327051806
142.00000000000003	225.0	2.3119992722501044
143.0	225.0	2.3373869772768177
144.0	225.0	2.3559560162880455
145.0	225.0	2.367340076914521
146.00000000000003	225.0	2.371300605782723
147.00000000000003	225.0	2.367736123632389
148.0	225.0	2.3566875306152233
149.0	225.0	2.338339031637699
149.99999999999997	225.0	2.3130151135745805
151.00000000000003	225.0	2.2811727106998934
152.0	225.0	2.243389545367663
153.0	225.0	2.2003488290109723
154.0	225.0	2.1528204468383865
155.00000000000003	225.0	2.101640045086704
156.00000000000003	225.0	2.047686329277625
157.0	225.0	1.9918569436154647
158.0	225.0	1.9350450289695835
158.99999999999997	225.0	1.8781160276148994
160.00000000000003	225.0	1.8218864003475164
161.0	225.0	1.7671047494916292
162.0	225.0	1.7144358413138654
163.0	225.0	1.6644485148773809
164.00000000000003	225.0	1.6176074156461926
165.00000000000003	225.0	1.574268985666381
166.0	225.0	1.5346818953927328
167.0	225.0	1.4989912385760928
167.99999999999997	225.0	1.4672469837275945
169.00000000000003	225.0	1.4394158185064823
169.99999999999997	225.0	1.4153952149306537
170.99999999999997	225.0	1.3950305790631963
172.0	225.0	1.3781325240779645
173.00000000000003	225.0	1.364495623873634
174.00000000000003	225.0	1.3539161179659187
175.0	225.0	1.3462085676579472
175.99999999999997	225.0	1.3412205381460043
176.99999999999994	225.0	1.3388445662863946
178.00000000000006	225.0	1.33902661205967
179.0000000000001	225.0	1.341771363869345
180.0	225.0	1.347142855437093
179.0000000000001	45.0	1.3552619365324319
178.00000000000006	45.0	1.3662991169884127
176.99999999999994	45.0	1.380464202862274
176.00000000000006	45.0	1.3979926013620194
175.0	45.0	1.4191291581922003
174.00000000000003	45.0	1.4441099591455397
172.99999999999997	45.0	1.473143206351758
172.0	45.0	1.506389971147359
171.00000000000003	45.0	1.5439455021510948
170.00000000000003	45.0	1.5858222606459889
168.99999999999997	45.0	1.6319350534050354
167.99999999999997	45.0	1.6820898051985749
167.00000000000003	45.0	1.7359755391567049
166.00000000000003	45.0	1.793160860466645
165.00000000000003	45.0	1.853095005094574
163.99999999999997	45.0	1.9151132067738652
163.0	45.0	1.97844687577587
162.00000000000003	45.0	2.04223815763662
161.00000000000003	45.0	2.1055580081861636
160.0	45.0	2.1674279082595738
159.0	45.0	2.2268439842992382
158.00000000000003	45.0	2.282802732884665
157.00000000000003	45.0	2.334328102431724
156.00000000000003	45.0	2.380497402791015
154.99999999999997	45.0	2.420467338225269
154.0	45.0	2.4534972643583615
153.00000000000003	45.0	2.4789697307854404
152.0	45.0	2.496407507380428
150.99999999999997	45.0	2.5054867241637577
150.0	45.0	2.5060447058714086
149.0	45.0	2.498083858394657
148.0	45.0	2.4817695096468815
147.00000000000003	45.0	2.4574239256801294
146.0	45.0	2.425514836434412
145.0	45.0	2.3866406302529266
144.00000000000003	45.0	2.3415114151994394
143.0	45.0	2.2909275511053564
142.0	45.0	2.235755960794073
140.99999999999997	45.0	2.176905762720608
140.00000000000003	45.0	2.1153031633369994
139.00000000000003	45.0	2.0518673981795317
138.00000000000003	45.0	1.9874876599882911
137.0	45.0	1.9230029879236719
136.0	45.0	1.8591843159160784
135.00000000000003	45.0	1.7967205925239453
134.00000000000003	45.0	1.736208046957273
132.99999999999997	45.0	1.6781437116780331
131.99999999999997	45.0	1.6229231398879354
131.00000000000003	45.0	1.570841577629303
130.00000000000003	45.0	1.5220988989466675
129.00000000000003	45.0	1.4768077489033977
128.0	45.0	1.4350042775581653
126.99999999999999	45.0	1.3966606629374874
126.00000000000003	45.0	1.361698991177709
125.00000000000004	45.0	1.3300060003202618
123.99999999999997	45.0	1.3014472689012464
122.99999999999999	45.0	1.2758806642667735
122.0	45.0	1.253168372029348
121.0	45.0	1.233187074838656
120.00000000000001	45.0	1.2158354785029932
119.0	45.0	1.2010391854613396
118.00000000000001	45.0	1.1887530389851158
117.00000000000003	45.0	1.178960259524904
116.00000000000004	45.0	1.1716691134763735
115.0	45.0	1.1669069909863674
114.00000000000001	45.0	1.1647125713838737
113.00000000000001	45.0	1.1651266931310778
112.00000000000003	45.0	1.168181619846896
111.00000000000004	45.0	1.173890306330511
110.0	45.0	1.1822360964115457
109.00000000000001	45.0	1.193162790937355
108.00000000000003	45.0	1.2065666281354381
107.00000000000004	45.0	1.2222896211452876
106.0	45.0	1.2401157332681534
105.0	45.0	1.2597692740395254
104.00000000000001	45.0	1.280916379777612
103.00000000000001	45.0	1.303169270160214
102.00000000000003	45.0	1.3260929723823958
100.99999999999999	45.0	1.3492150064111108
100.0	45.0	1.3720367358568688
99.00000000000001	45.0	1.3940471247366768
98.00000000000003	45.0	1.4147369260636173
96.99999999999999	45.0	1.433614104226832
96.0	45.0	1.450219195681977
95.0	45.0	1.464139435851287
94.00000000000001	45.0	1.4750225158865147
93.00000000000003	45.0	1.4825881802986767
91.99999999999999	45.0	1.4866371719384404
91.0	45.0	1.4870583879804349
90.0	0.0	1.459450847269022
89.29291116952395	0.7071426817872533	1.4423136837045913
88.58593006627854	1.4145007934175506	1.427220725761656
87.87916453235917	2.122289895867879	1.414528785623417
87.1727226397129	2.8307258121018455	1.4045811037786933
86.4667128053692	3.540024757356371	1.397696306597857
85.76124390703504	4.250403468570711	1.3941560067393306
85.05642539917308	4.962079332655645	1.3941910463866434
84.3523674296794	5.675270513286652	1.3979684190702117
83.64918095727445	6.390196075887154	1.4055778830415149
82.94697786971682	7.107076110446535	1.4170201785747918
82.24587110294536	7.826131851792348	1.4321969108857746
81.54597476125012	8.547585796906942	1.4509029623207388
80.84740423856572	9.271661818845425	1.4728226059167484
80.15027634097487	9.998585276774412	1.497528518369337
79.45470941050044	10.728583121609057	1.5244853580246633
78.76082345025607	11.461883996679509	1.5530578462066202
78.0687402510143	12.198718332806749	1.5825224882256195
77.37858351923944	12.939318437111838	1.6120837977223288
76.69047900661849	13.683918574821595	1.6408946542092457
76.00455464110858	14.432755043267381	1.6680790048140264
75.32094065950206	15.186066237202516	1.6927580206359312
74.63976974149092	15.944092704486447	1.7140774868926667
73.96117714519126	16.707077191101824	1.7312355015148293
73.28530084406378	17.47526467438212	1.743510605566988
72.61228166514054	18.2489023832344	1.7502876928460487
71.94226342843773	19.028239804042187	1.7510818220359425
71.27539308740191	19.813528670829413	1.7455579573539992
70.61182087020094	20.605022938156644	1.7335470078261255
69.95170042163069	21.402978735106455	1.7150556359204732
69.29518894536457	22.207654298596484	1.6902707608823906
68.64244734622547	23.019309884136224	1.6595579548069075
67.99364037210603	23.838207652018653	1.6234529911745037
67.34893675510656	24.664611526811417	1.5826476562615313
66.70850935139694	25.498787027884514	1.5379693915986388
66.07253527924108	26.34100106858589	1.4903560012676071
65.44119605454999	27.191521721553002	1.440825732484189
64.81467772324949	28.05061794753063	1.3904442100154342
64.19317098966519	28.918559284955432	1.3402896432904543
63.57687134003648	29.79561549746857	1.2914164912731942
62.965979160175145	30.68205617643342	1.2448206695731963
62.36069984618289	31.5781502954692	1.2014062997943666
61.761243907035045	32.484165713968785	1.161955790117815
61.16782705772538	33.400368626554155	1.1271049744253276
60.58067030155157	34.32702295544232	1.0973237417901136
59.99999999999999	35.264389682754654	1.0729028966090624
59.42604792856702	36.212726119908915	1.053948976683071
58.8590513167294	37.17228511139536	1.0403856103864817
58.29925287015328	38.143314170462425	1.0319630785426703
57.74690077310915	39.12605454453247	1.028275093973462
57.20224866894282	40.12074020854298	1.028781626621502
56.66555561634145	41.12759678487194	1.0328382060722154
56.13708601903233	42.14684038906587	1.0397294806526427
55.61710952646371	43.178676401255004	1.0487060460748303
55.10590090294487	44.223298163918535	1.0590234332124178
54.60373986267208	45.28088560756104	1.0699808491191456
54.11091086804023	46.3516038068849	1.080958684256966
53.62770288864506	47.435601471194154	1.0914530586271958
53.154409118419395	48.53300937404573	1.101105432740076
52.691326648427214	49.643938728569864	1.1097267899065806
52.23875609296496	50.76847951640774	1.1173140456507136
51.79700116679687	51.90669877984987	1.1240591160689373
51.36636821158484	53.05863888848747	1.1303488561406523
50.94716566986906	54.22431579349069	1.1367566082639688
50.539703505316	55.40371728447302	1.1440249908796498
50.14429256838126	56.59680126575802	1.153040050562266
49.76124390703504	57.80349407069134	1.1647985665746383
49.390868022772075	59.02368883439022	1.1803688780226926
49.03347407277117	60.25724394694163	1.2008464674011183
48.68936901978189	61.503981610489745	1.2273067681106313
48.35885673209022	62.76368652482927	1.2607562446686802
48.04223703674405	64.03610472697835	1.3020839047467914
47.73980473009234	65.32094261067617	1.352015155409671
47.45184855059514	66.61786615176922	1.4110696691731013
47.178650119779434	67.92650036495783	1.4795254807033487
46.920482858129056	69.2464290163152	1.5573900544323236
46.677610883583455	70.57719461432482	1.6443805439112056
46.450287901158305	71.91829869987819	1.739913304592058
46.23875609296496	73.2692024527246	1.8431040788963884
46.043245018569806	74.62932762827676	1.9527785451230535
45.86397053617525	75.99805783448308	2.0674932301955113
45.701133755495384	77.37474015373697	2.1855664161113
45.554920033420714	78.7586871095844	2.305118114750943
45.42549802359849	80.14917897242118	2.4241174454292485
45.31301879088406	81.5454663925662	2.540436551535712
45.21761500123496	82.94677334320139	2.6519087120622835
45.1394001970194	84.35230034984485	2.7563890440909624
45.07846816689916	85.76122797743554	2.8518154520394776
45.03489241843145	87.17272054092642	2.936267911289927
45.00872576033472	88.58593000067151	3.0080242355147835
45.0	90.0	3.065609921808986
45.00872576033472	91.41406999932849	3.107840901527244
45.03489241843145	92.82727945907358	3.1338574078304733
45.07846816689916	94.23877202256445	3.1431480962880785
45.1394001970194	95.64769965015516	3.135562999677143
45.21761500123496	97.05322665679864	3.111316304010818
45.31301879088406	98.45453360743382	3.070977156799859
45.42549802359848	99.85082102757882	3.015450481611932
45.554920033420714	101.2413128904156	2.9459473671020513
45.701133755495384	102.62525984626303	2.8639471279578292
45.86397053617525	104.00194216551692	2.7711515929652215
46.043245018569806	105.37067237172324	2.669434026086033
46.238756092964955	106.73079754727539	2.560783605889993
46.450287901158305	108.08170130012182	2.4472484861278714
46.677610883583455	109.42280538567519	2.3308786095465157
46.920482858129056	110.7535709836848	2.213670249010446
47.178650119779434	112.07349963504215	2.097514435063203
47.45184855059512	113.38213384823077	1.9841508121664515
47.73980473009234	114.67905738932384	1.875128280786271
48.04223703674405	115.96389527302166	1.7717732272904012
48.3588567320902	117.23631347517073	1.6751667605153904
48.68936901978189	118.49601838951025	1.5861312017617342
49.03347407277117	119.74275605305839	1.5052255197694024
49.39086802277208	120.9763111656098	1.4327498957423122
49.76124390703504	122.19650592930867	1.3687591099741496
50.14429256838125	123.40319873424197	1.313083331216583
50.539703505316005	124.59628271552698	1.2653551983785054
50.94716566986905	125.77568420650928	1.2250425159715914
51.36636821158484	126.94136111151253	1.191484589237528
51.79700116679685	128.09330122015012	1.1639304716503638
52.23875609296496	129.23152048359225	1.1415781994511751
52.691326648427214	130.35606127143015	1.1236126690132966
53.154409118419395	131.46699062595425	1.109241663521952
53.62770288864506	132.56439852880584	1.0977276847665312
54.11091086804023	133.64839619311508	1.0884152199083947
54.60373986267208	134.71911439243897	1.0807525795709227
55.10590090294487	135.7767018360815	1.0743073819090165
55.617109526463715	136.821323598745	1.0687754975894839
56.13708601903233	137.8531596109341	1.063983393992798
56.66555561634144	138.87240321512806	1.0598844955314215
57.20224866894282	139.879259791457	1.0565493750161394
57.74690077310915	140.87394545546752	1.0541510715503195
58.29925287015328	141.85668582953758	1.0529462135368173
58.8590513167294	142.82771488860465	1.0532526253822458
59.42604792856702	143.7872738800911	1.055425762100368
59.99999999999999	144.73561031724535	1.0598332315403705
60.58067030155157	145.6729770445577	1.066830180268416
61.16782705772538	146.59963137344585	1.0767361599976757
61.76124390703503	147.5158342860312	1.0898141531515564
62.36069984618289	148.4218497045308	1.1062526212134052
62.96597916017513	149.31794382356657	1.1261518713426073
63.57687134003648	150.20438450253144	1.1495144328094795
64.19317098966519	151.08144071504458	1.176240306902236
64.81467772324949	151.9493820524694	1.206126473410829
65.44119605454999	152.808478278447	1.2388712088933442
66.0725352792411	153.65899893141415	1.2740825998297476
66.70850935139694	154.5012129721155	1.3112902019411505
67.34893675510656	155.3353884731886	1.34996027750123
67.99364037210603	156.16179234798136	1.3895126365751649
68.64244734622547	156.98069011586378	1.4293393906336913
69.29518894536457	157.79234570140352	1.4688236444776377
69.95170042163069	158.59702126489356	1.5073582498519789
70.61182087020094	159.39497706184335	1.5443635720275737
71.2753930874019	160.1864713291706	1.579303035560182
71.94226342843773	160.9717601959578	1.6116969427429282
72.61228166514054	161.7510976167656	1.6411328374456458
73.28530084406377	162.52473532561788	1.6672732163048682
73.96117714519126	163.29292280889817	1.689860278816862
74.63976974149092	164.05590729551355	1.7087170377489838
75.32094065950206	164.8139337627975	1.723745961970245
76.00455464110858	165.56724495673262	1.734924596495396
76.6904790066185	166.31608142517842	1.7422993318434143
77.37858351923944	167.06068156288816	1.7459775077789559
78.0687402510143	167.80128166719328	1.7461180365053273
78.76082345025605	168.5381160033205	1.7429219641679383
79.45470941050044	169.27141687839094	1.736622847289196
80.15027634097487	170.0014147232256	1.7274774993405149
80.84740423856572	170.72833818115458	1.7157584029313697
81.54597476125012	171.45241420309307	1.7017467388935426
82.24587110294536	172.17386814820765	1.685727266050971
82.94697786971682	172.8929238895535	1.6679854835018322
83.64918095727445	173.60980392411287	1.6488055331748641
84.3523674296794	174.32472948671335	1.6284706933455269
85.05642539917308	175.03792066734437	1.6072643039787997
85.76124390703502	175.7495965314293	1.585472234309979
86.4667128053692	176.45997524264365	1.5633860290101929
87.17272263971289	177.16927418789817	1.5413054374567197
87.87916453235917	177.87771010413212	1.5195414982089812
88.58593006627854	178.58549920658245	1.4984178344884629
89.29291116952395	179.29285731821275	1.4782713944529524
90.0	180.0	1.459450847269022
90.70708883047607	180.70714268178725	1.4423136837045913
91.41406993372146	181.41450079341755	1.427220725761656
92.12083546764083	182.12228989586788	1.414528785623417
92.82727736028711	182.83072581210183	1.4045811037786933
93.5332871946308	183.54002475735635	1.397696306597857
94.23875609296496	184.2504034685707	1.3941560067393306
94.94357460082692	184.96207933265563	1.3941910463866434
95.64763257032061	185.67527051328665	1.3979684190702117
96.35081904272555	186.39019607588713	1.4055778830415149
97.05302213028318	187.1070761104465	1.4170201785747918
97.75412889705464	187.82613185179233	1.4321969108857746
98.45402523874989	188.54758579690696	1.4509029623207388
99.15259576143428	189.27166181884542	1.4728226059167484
99.84972365902512	189.9985852767744	1.497528518369337
100.54529058949956	190.72858312160906	1.5244853580246633
101.23917654974393	191.4618839966795	1.5530578462066202
101.93125974898571	192.19871833280675	1.5825224882256195
102.62141648076054	192.93931843711184	1.6120837977223288
103.30952099338153	193.68391857482158	1.6408946542092457
103.99544535889142	194.43275504326738	1.6680790048140264
104.67905934049796	195.18606623720254	1.6927580206359312
105.36023025850908	195.94409270448645	1.7140774868926667
106.03882285480874	196.7070771911018	1.7312355015148293
106.71469915593623	197.4752646743821	1.743510605566988
107.38771833485946	198.2489023832344	1.7502876928460487
108.05773657156229	199.0282398040422	1.7510818220359425
108.7246069125981	199.8135286708294	1.7455579573539992
109.38817912979906	200.60502293815665	1.7335470078261255
110.04829957836931	201.40297873510644	1.7150556359204732
110.70481105463544	202.20765429859648	1.6902707608823906
111.35755265377453	203.01930988413622	1.6595579548069075
112.00635962789397	203.83820765201864	1.6234529911745037
112.65106324489344	204.6646115268114	1.5826476562615313
113.29149064860306	205.49878702788448	1.5379693915986388
113.92746472075892	206.34100106858588	1.4903560012676071
114.55880394545001	207.191521721553	1.440825732484189
115.18532227675053	208.05061794753064	1.3904442100154342
115.8068290103348	208.91855928495542	1.3402896432904543
116.42312865996352	209.79561549746856	1.2914164912731942
117.03402083982486	210.68205617643343	1.2448206695731963
117.63930015381712	211.5781502954692	1.2014062997943666
118.23875609296496	212.48416571396876	1.161955790117815
118.83217294227461	213.40036862655413	1.1271049744253276
119.41932969844842	214.32702295544232	1.0973237417901136
120.00000000000001	215.26438968275463	1.0729028966090624
120.573952071433	216.2127261199089	1.053948976683071
121.14094868327061	217.17228511139535	1.0403856103864817
121.70074712984672	218.14331417046245	1.0319630785426703
122.25309922689084	219.12605454453248	1.028275093973462
122.79775133105717	220.12074020854297	1.028781626621502
123.33444438365854	221.1275967848719	1.0328382060722154
123.86291398096766	222.1468403890659	1.0397294806526427
124.38289047353629	223.17867640125502	1.0487060460748303
124.89409909705513	224.2232981639185	1.0590234332124178
125.39626013732791	225.28088560756103	1.0699808491191456
125.88908913195978	226.35160380688492	1.080958684256966
126.37229711135494	227.43560147119416	1.0914530586271958
126.84559088158062	228.53300937404572	1.101105432740076
127.30867335157278	229.64393872856982	1.1097267899065806
127.76124390703504	230.7684795164077	1.1173140456507136
128.20299883320317	231.90669877984988	1.1240591160689373
128.6336317884152	233.05863888848748	1.1303488561406523
129.05283433013093	234.2243157934907	1.1367566082639688
129.460296494684	235.40371728447298	1.1440249908796498
129.85570743161875	236.59680126575802	1.153040050562266
130.23875609296496	237.80349407069136	1.1647985665746383
130.60913197722795	239.0236888343902	1.1803688780226926
130.96652592722884	240.25724394694157	1.2008464674011183
131.31063098021812	241.50398161048972	1.2273067681106313
131.6411432679098	242.7636865248293	1.2607562446686802
131.95776296325596	244.03610472697835	1.3020839047467914
132.26019526990768	245.32094261067616	1.352015155409671
132.54815144940486	246.6178661517692	1.4110696691731013
132.8213498802206	247.92650036495786	1.4795254807033487
133.07951714187095	249.2464290163152	1.5573900544323236
133.32238911641656	250.5771946143248	1.6443805439112056
133.5497120988417	251.91829869987816	1.739913304592058
133.76124390703504	253.26920245272458	1.8431040788963884
133.9567549814302	254.62932762827677	1.9527785451230535
134.13602946382477	255.99805783448306	2.0674932301955113
134.2988662445046	257.374740153737	2.1855664161113
134.44507996657927	258.75868710958434	2.305118114750943
134.57450197640154	260.14917897242117	2.4241174454292485
134.68698120911597	261.5454663925662	2.540436551535712
134.78238499876502	262.94677334320136	2.6519087120622835
134.8605998029806	264.3523003498448	2.7563890440909624
134.92153183310086	265.7612279774355	2.8518154520394776
134.96510758156856	267.17272054092643	2.936267911289927
134.99127423966527	268.5859300006715	3.0080242355147835
135.0	270.0	3.065609921808986
134.99127423966527	271.4140699993285	3.107840901527244
134.96510758156856	272.82727945907357	3.1338574078304733
134.92153183310086	274.2387720225645	3.1431480962880785
134.8605998029806	275.6476996501551	3.135562999677143
134.78238499876502	277.0532266567986	3.111316304010818
134.68698120911597	278.45453360743375	3.070977156799859
134.57450197640154	279.85082102757883	3.015450481611932
134.44507996657927	281.2413128904156	2.9459473671020513
134.2988662445046	282.625259846263	2.8639471279578292
134.13602946382477	284.0019421655169	2.7711515929652215
133.9567549814302	285.37067237172323	2.669434026086033
133.76124390703504	286.7307975472754	2.560783605889993
133.5497120988417	288.08170130012184	2.4472484861278714
133.32238911641656	289.42280538567513	2.3308786095465157
133.07951714187095	290.75357098368477	2.213670249010446
132.82134988022057	292.0734996350422	2.097514435063203
132.54815144940488	293.38213384823075	1.9841508121664515
132.26019526990768	294.6790573893238	1.875128280786271
131.95776296325596	295.9638952730216	1.7717732272904012
131.6411432679098	297.23631347517073	1.6751667605153904
131.31063098021812	298.49601838951025	1.5861312017617342
130.96652592722884	299.7427560530584	1.5052255197694024
130.60913197722795	300.9763111656098	1.4327498957423122
130.23875609296496	302.1965059293086	1.3687591099741496
129.85570743161873	303.403198734242	1.313083331216583
129.46029649468403	304.59628271552697	1.2653551983785054
129.05283433013096	305.7756842065093	1.2250425159715914
128.6336317884152	306.9413611115125	1.191484589237528
128.20299883320317	308.0933012201501	1.1639304716503638
127.76124390703505	309.23152048359225	1.1415781994511751
127.3086733515728	310.3560612714301	1.1236126690132966
126.84559088158062	311.4669906259543	1.109241663521952
126.37229711135495	312.5643985288058	1.0977276847665312
125.88908913195978	313.6483961931151	1.0884152199083947
125.39626013732794	314.71911439243894	1.0807525795709227
124.89409909705515	315.77670183608143	1.0743073819090165
124.38289047353632	316.821323598745	1.0687754975894839
123.86291398096766	317.85315961093414	1.063983393992798
123.33444438365856	318.8724032151281	1.0598844955314215
122.7977513310572	319.879259791457	1.0565493750161394
122.25309922689087	320.8739454554675	1.0541510715503195
121.70074712984675	321.8566858295375	1.0529462135368173
121.14094868327061	322.82771488860465	1.0532526253822458
120.57395207143298	323.7872738800911	1.055425762100368
120.00000000000001	324.73561031724535	1.0598332315403705
119.41932969844845	325.6729770445577	1.066830180268416
118.83217294227461	326.59963137344585	1.0767361599976757
118.23875609296496	327.51583428603124	1.0898141531515564
117.63930015381712	328.4218497045308	1.1062526212134052
117.03402083982486	329.31794382356657	1.1261518713426073
116.42312865996352	330.2043845025314	1.1495144328094795
115.8068290103348	331.08144071504455	1.176240306902236
115.18532227675053	331.9493820524694	1.206126473410829
114.55880394545002	332.808478278447	1.2388712088933442
113.92746472075895	333.6589989314141	1.2740825998297476
113.29149064860304	334.5012129721155	1.3112902019411505
112.65106324489344	335.3353884731886	1.34996027750123
112.00635962789399	336.16179234798136	1.3895126365751649
111.35755265377455	336.98069011586375	1.4293393906336913
110.70481105463546	337.79234570140346	1.4688236444776377
110.04829957836931	338.59702126489356	1.5073582498519789
109.38817912979906	339.39497706184335	1.5443635720275737
108.7246069125981	340.18647132917056	1.579303035560182
108.05773657156229	340.9717601959578	1.6116969427429282
107.38771833485946	341.7510976167656	1.6411328374456458
106.71469915593623	342.5247353256179	1.6672732163048682
106.03882285480876	343.2929228088982	1.689860278816862
105.36023025850909	344.0559072955135	1.7087170377489838
104.67905934049797	344.8139337627975	1.723745961970245
103.99544535889142	345.5672449567326	1.734924596495396
103.30952099338151	346.3160814251784	1.7422993318434143
102.62141648076056	347.06068156288813	1.7459775077789559
101.93125974898572	347.8012816671932	1.7461180365053273
101.23917654974393	348.5381160033205	1.7429219641679383
100.54529058949956	349.27141687839094	1.736622847289196
99.84972365902513	350.0014147232256	1.7274774993405149
99.15259576143428	350.7283381811546	1.7157584029313697
98.4540252387499	351.45241420309304	1.7017467388935426
97.75412889705464	352.17386814820765	1.685727266050971
97.05302213028318	352.89292388955346	1.6679854835018322
96.35081904272556	353.60980392411284	1.6488055331748641
95.64763257032062	354.32472948671335	1.6284706933455269
94.94357460082692	355.03792066734434	1.6072643039787997
94.23875609296496	355.7495965314293	1.585472234309979
93.53328719463082	356.4599752426436	1.5633860290101929
92.82727736028713	357.16927418789817	1.5413054374567197
92.12083546764086	357.8777101041321	1.5195414982089812
91.41406993372146	358.5854992065825	1.4984178344884629
90.70708883047607	359.2928573182127	1.4782713944529524
90.0	90.0	1.0872004298821858
89.29291116952395	89.29285731821274	1.0771518239828775
88.58593006627854	88.58549920658245	1.0670079694648171
87.87916453235917	87.87771010413212	1.0570064326692057
87.1727226397129	87.16927418789815	1.047444557082044
86.4667128053692	86.45997524264364	1.0386695930109457
85.76124390703504	85.74959653142929	1.0310654960278756
85.05642539917308	85.03792066734437	1.025037689657729
84.3523674296794	84.32472948671335	1.0209961007603552
83.64918095727445	83.60980392411285	1.0193373312593024
82.94697786971682	82.89292388955346	1.0204262129753603
82.24587110294536	82.17386814820766	1.0245783494924254
81.54597476125012	81.45241420309306	1.0320432749185626
80.84740423856572	80.72833818115458	1.0429902036069048
80.15027634097487	80.0014147232256	1.0574961857678282
79.45470941050044	79.27141687839094	1.0755372858676053
78.76082345025607	78.5381160033205	1.0969834007087305
78.0687402510143	77.80128166719327	1.1215973340871226
77.37858351923944	77.06068156288816	1.1490375111309998
76.69047900661849	76.31608142517841	1.1788649492166319
76.00455464110858	75.56724495673262	1.2105539919448045
75.32094065950206	74.81393376279749	1.2435063126618409
74.63976974149092	74.05590729551355	1.2770685576622982
73.96117714519126	73.29292280889818	1.3105514699401426
73.28530084406378	72.52473532561788	1.3432516655892772
72.61228166514054	71.7510976167656	1.3744731634459977
71.94226342843773	70.97176019595781	1.4035502102113573
71.27539308740191	70.18647132917059	1.4298681315089015
70.61182087020094	69.39497706184336	1.45288338097864
69.95170042163069	68.59702126489356	1.472140689963584
69.29518894536457	67.79234570140352	1.4872877496154868
68.64244734622547	66.98069011586378	1.498085574734189
67.99364037210603	66.16179234798135	1.5044153513043304
67.34893675510656	65.33538847318859	1.5062810891447052
66.70850935139694	64.50121297211548	1.5038075861541063
66.07253527924108	63.65899893141411	1.4972346294964516
65.44119605454999	62.808478278447	1.4869065083823987
64.81467772324949	61.94938205246937	1.4732588742016026
64.19317098966519	61.081440715044565	1.456801775904739
63.57687134003648	60.20438450253143	1.4381007213208878
62.965979160175145	59.31794382356658	1.4177562579264436
62.36069984618289	58.4218497045308	1.396382689960741
61.761243907035045	57.515834286031215	1.3745866104731255
61.16782705772538	56.59963137344585	1.3529467905394603
60.58067030155157	55.67297704455769	1.3319955490271105
59.99999999999999	54.735610317245346	1.3122025899407257
59.42604792856702	53.787273880091085	1.2939616774859368
58.8590513167294	52.827714888604646	1.27758138264137
58.29925287015328	51.85668582953758	1.2632786674485734
57.74690077310915	50.87394545546753	1.2511776512216208
57.20224866894282	49.87925979145702	1.241311399543188
56.66555561634145	48.87240321512806	1.2336277847689443
56.13708601903233	47.85315961093413	1.2279992946612215
55.61710952646371	46.821323598745	1.2242351235349156
55.10590090294487	45.776701836081465	1.2220960394317875
54.60373986267208	44.71911439243896	1.2213109786013217
54.11091086804023	43.6483961931151	1.2215943185663012
53.62770288864506	42.564398528805846	1.2226638297731052
53.154409118419395	41.46699062595427	1.224257146693526
52.691326648427214	40.356061271430136	1.226147375273308
52.23875609296496	39.23152048359226	1.2281566646265303
51.79700116679687	38.09330122015014	1.2301666325644716
51.36636821158484	36.941361111512535	1.2321258300275209
50.94716566986906	35.77568420650932	1.2340536892144525
50.539703505316	34.59628271552699	1.2360406469614647
50.14429256838126	33.40319873424199	1.2382445050605058
49.76124390703504	32.19650592930866	1.2408833976540026
49.390868022772075	30.976311165609783	1.2442252423269555
49.03347407277117	29.742756053058372	1.2485744151706362
48.68936901978189	28.496018389510258	1.2542563284026074
48.35885673209022	27.236313475170732	1.2616003423697069
48.04223703674405	25.963895273021652	1.270921505450152
47.73980473009234	24.679057389323834	1.282502910850842
47.45184855059514	23.382133848230776	1.296578115094184
47.178650119779434	22.07349963504216	1.313315653948591
46.920482858129056	20.753570983684796	1.3328054090445831
46.677610883583455	19.422805385675183	1.355047935587839
46.450287901158305	18.08170130012181	1.379947059616808
46.23875609296496	16.730797547275397	1.4073066084581538
46.043245018569806	15.370672371723243	1.4368303490372336
45.86397053617525	14.001942165516926	1.4681264912130536
45.701133755495384	12.625259846263035	1.5007160158634572
45.554920033420714	11.241312890415616	1.534044149135829
45.42549802359849	9.850821027578828	1.5674957848270752
45.31301879088406	8.454533607433808	1.6004128191387188
45.21761500123496	7.053226656798624	1.6321140147023152
45.1394001970194	5.647699650155149	1.6619157282581418
45.07846816689916	4.238772022564465	1.6891535019871708
45.03489241843145	2.8272794590735852	1.7132030379478407
45.00872576033472	1.414069999328503	1.7335001854805085
45.0	4.961562726608714e-15	1.7495588928577472
45.00872576033472	358.5859300006715	1.7609869998014434
45.03489241843145	357.17272054092643	1.7674985753867802
45.07846816689916	355.76122797743557	1.768922986401668
45.1394001970194	354.3523003498448	1.7652098325083334
45.21761500123496	352.94677334320136	1.7564303034127613
45.31301879088406	351.5454663925662	1.7427741560782168
45.42549802359848	350.14917897242117	1.7245431756361347
45.554920033420714	348.7586871095844	1.7021409349258132
45.701133755495384	347.374740153737	1.6760597780057112
45.86397053617525	345.99805783448306	1.64686465749923
46.043245018569806	344.62932762827677	1.6151758615291372
46.238756092964955	343.26920245272464	1.5816498282768712
46.450287901158305	341.91829869987816	1.5469598988523277
46.677610883583455	340.5771946143248	1.511777193542686
46.920482858129056	339.2464290163152	1.4767521666459524
47.178650119779434	337.92650036495786	1.4424980119901039
47.45184855059512	336.61786615176925	1.4095761658959065
47.73980473009234	335.3209426106762	1.3784839692729327
48.04223703674405	334.03610472697835	1.3496455992601326
48.3588567320902	332.76368652482927	1.3234059619633634
48.68936901978189	331.50398161048975	1.3000275462898723
49.03347407277117	330.2572439469416	1.279690609016858
49.39086802277208	329.0236888343902	1.2624960125093843
49.76124390703504	327.80349407069133	1.2484707767771754
50.14429256838125	326.596801265758	1.2375756672855638
50.539703505316005	325.40371728447303	1.2297146334520384
50.94716566986905	324.2243157934907	1.2247452958646305
51.36636821158484	323.05863888848745	1.2224899887059786
51.79700116679685	321.9066987798499	1.2227470489354735
52.23875609296496	320.76847951640775	1.2253014885762037
52.691326648427214	319.6439387285699	1.2299344949010231
53.154409118419395	318.5330093740457	1.2364321903443791
53.62770288864506	317.43560147119416	1.2445919248333432
54.11091086804023	316.3516038068849	1.2542273343282462
54.60373986267208	315.28088560756106	1.265170870092993
55.10590090294487	314.2232981639185	1.2772746623483415
55.617109526463715	313.17867640125496	1.2904091631024668
56.13708601903233	312.14684038906586	1.3044604318120807
56.66555561634144	311.12759678487197	1.3193256937370017
57.20224866894282	310.120740208543	1.33490803464144
57.74690077310915	309.1260545445325	1.3511104169105657
58.29925287015328	308.1433141704624	1.3678293872194782
58.8590513167294	307.17228511139535	1.3849492777183319
59.42604792856702	306.2127261199089	1.4023370858021862
59.99999999999999	305.26438968275465	1.4198381558446083
60.58067030155157	304.3270229554423	1.4372736499273584
61.16782705772538	303.40036862655415	1.4544394374290306
61.76124390703503	302.4841657139688	1.471107020367852
62.36069984618289	301.5781502954692	1.487026186051038
62.96597916017513	300.68205617643343	1.5019296954783077
63.57687134003648	299.7956154974686	1.5155393906043546
64.19317098966519	298.91855928495545	1.5275741522869162
64.81467772324949	298.0506179475306	1.5377585985090818
65.44119605454999	297.191521721553	1.5458330163920007
66.0725352792411	296.3410010685859	1.5515628006914275
66.70850935139694	295.49878702788453	1.55474869425803
67.34893675510656	294.6646115268114	1.5552353628806566
67.99364037210603	293.83820765201864	1.5529195999924856
68.64244734622547	293.0193098841362	1.5477561871754184
69.29518894536457	292.2076542985965	1.539762829321671
69.95170042163069	291.40297873510644	1.5290216351822525
70.61182087020094	290.60502293815665	1.515679117366967
71.2753930874019	289.81352867082944	1.4999434163160146
71.94226342843773	289.0282398040422	1.4820786865536808
72.61228166514054	288.2489023832344	1.4623977556354653
73.28530084406377	287.4752646743821	1.4412523155144163
73.96117714519126	286.7070771911018	1.4190215099799448
74.63976974149092	285.9440927044865	1.3960994733748011
75.32094065950206	285.1860662372025	1.3728816972111746
76.00455464110858	284.4327550432674	1.3497518286134298
76.6904790066185	283.6839185748216	1.327068345381806
77.37858351923944	282.93931843711187	1.3051522797779516
78.0687402510143	282.1987183328067	1.28427685468558
78.76082345025605	281.4618839966795	1.2646587236986406
79.45470941050044	280.72858312160906	1.246451802169326
80.15027634097487	279.9985852767744	1.2297436275263995
80.84740423856572	279.2716618188454	1.2145549891380725
81.54597476125012	278.54758579690696	1.2008420257556842
82.24587110294536	277.82613185179235	1.1885018392600128
82.94697786971682	277.10707611044654	1.1773800824722256
83.64918095727445	276.39019607588716	1.1672817548198642
84.3523674296794	275.67527051328665	1.1579829850351493
85.05642539917308	274.96207933265566	1.1492452814340808
85.76124390703502	274.2504034685707	1.1408295971269804
86.4667128053692	273.5400247573564	1.1325113205718287
87.17272263971289	272.83072581210183	1.1240945875428896
87.87916453235917	272.1222898958679	1.1154249891718098
88.58593006627854	271.4145007934176	1.1064011078878457
89.29291116952395	270.7071426817872	1.0969834007087305
90.0	270.0	1.0872004298821858
90.70708883047607	269.2928573182127	1.0771518239828775
91.41406993372146	268.5854992065824	1.0670079694648171
92.12083546764083	267.8777101041321	1.0570064326692057
92.82727736028711	267.16927418789817	1.047444557082044
93.5332871946308	266.4599752426436	1.0386695930109457
94.23875609296496	265.7495965314293	1.0310654960278756
94.94357460082692	265.03792066734434	1.025037689657729
95.64763257032061	264.32472948671335	1.0209961007603552
96.35081904272555	263.60980392411284	1.0193373312593024
97.05302213028318	262.89292388955346	1.0204262129753603
97.75412889705464	262.17386814820765	1.0245783494924254
98.45402523874989	261.45241420309304	1.0320432749185626
99.15259576143428	260.7283381811546	1.0429902036069048
99.84972365902512	260.0014147232256	1.0574961857678282
100.54529058949956	259.27141687839094	1.0755372858676053
101.23917654974393	258.5381160033205	1.0969834007087305
101.93125974898571	257.8012816671933	1.1215973340871226
102.62141648076054	257.06068156288813	1.1490375111309998
103.30952099338153	256.31608142517837	1.1788649492166319
103.99544535889142	255.56724495673262	1.2105539919448045
104.67905934049796	254.8139337627975	1.2435063126618409
105.36023025850908	254.05590729551355	1.2770685576622982
106.03882285480874	253.2929228088982	1.3105514699401426
106.71469915593623	252.52473532561788	1.3432516655892772
107.38771833485946	251.7510976167656	1.3744731634459977
108.05773657156229	250.9717601959578	1.4035502102113573
108.7246069125981	250.18647132917056	1.4298681315089015
109.38817912979906	249.39497706184335	1.45288338097864
110.04829957836931	248.59702126489356	1.472140689963584
110.70481105463544	247.79234570140352	1.4872877496154868
111.35755265377453	246.98069011586378	1.498085574734189
112.00635962789397	246.16179234798136	1.5044153513043304
112.65106324489344	245.33538847318857	1.5062810891447052
113.29149064860306	244.50121297211547	1.5038075861541063
113.92746472075892	243.6589989314141	1.4972346294964516
114.55880394545001	242.808478278447	1.4869065083823987
115.18532227675053	241.9493820524694	1.4732588742016026
115.8068290103348	241.08144071504458	1.456801775904739
116.42312865996352	240.2043845025314	1.4381007213208878
117.03402083982486	239.31794382356657	1.4177562579264436
117.63930015381712	238.4218497045308	1.396382689960741
118.23875609296496	237.5158342860312	1.3745866104731255
118.83217294227461	236.59963137344585	1.3529467905394603
119.41932969844842	235.67297704455768	1.3319955490271105
120.00000000000001	234.73561031724535	1.3122025899407257
120.573952071433	233.78727388009108	1.2939616774859368
121.14094868327061	232.82771488860465	1.27758138264137
121.70074712984672	231.85668582953755	1.2632786674485734
122.25309922689084	230.87394545546752	1.2511776512216208
122.79775133105717	229.879259791457	1.241311399543188
123.33444438365854	228.8724032151281	1.2336277847689443
123.86291398096766	227.8531596109341	1.2279992946612215
124.38289047353629	226.82132359874498	1.2242351235349156
124.89409909705513	225.7767018360815	1.2220960394317875
125.39626013732791	224.71911439243897	1.2213109786013217
125.88908913195978	223.64839619311508	1.2215943185663012
126.37229711135494	222.56439852880584	1.2226638297731052
126.84559088158062	221.46699062595428	1.224257146693526
127.30867335157278	220.35606127143015	1.226147375273308
127.76124390703504	219.23152048359228	1.2281566646265303
128.20299883320317	218.0933012201501	1.2301666325644716
128.6336317884152	216.94136111151252	1.2321258300275209
129.05283433013093	215.7756842065093	1.2340536892144525
129.460296494684	214.59628271552702	1.2360406469614647
129.85570743161875	213.40319873424195	1.2382445050605058
130.23875609296496	212.19650592930864	1.2408833976540026
130.60913197722795	210.9763111656098	1.2442252423269555
130.96652592722884	209.74275605305837	1.2485744151706362
131.31063098021812	208.49601838951028	1.2542563284026074
131.6411432679098	207.2363134751707	1.2616003423697069
131.95776296325596	205.96389527302162	1.270921505450152
132.26019526990768	204.67905738932384	1.282502910850842
132.54815144940486	203.38213384823078	1.296578115094184
132.8213498802206	202.07349963504214	1.313315653948591
133.07951714187095	200.75357098368477	1.3328054090445831
133.32238911641656	199.4228053856752	1.355047935587839
133.5497120988417	198.08170130012184	1.379947059616808
133.76124390703504	196.73079754727542	1.4073066084581538
133.9567549814302	195.3706723717232	1.4368303490372336
134.13602946382477	194.0019421655169	1.4681264912130536
134.2988662445046	192.62525984626305	1.5007160158634572
134.44507996657927	191.24131289041563	1.534044149135829
134.57450197640154	189.8508210275788	1.5674957848270752
134.68698120911597	188.4545336074338	1.6004128191387188
134.78238499876502	187.0532266567986	1.6321140147023152
134.8605998029806	185.64769965015518	1.6619157282581418
134.92153183310086	184.2387720225645	1.6891535019871708
134.96510758156856	182.82727945907357	1.7132030379478407
134.99127423966527	181.4140699993285	1.7335001854805085
135.0	180.0	1.7495588928577472
134.99127423966527	178.58593000067157	1.7609869998014434
134.96510758156856	177.1727205409264	1.7674985753867802
134.92153183310086	175.76122797743554	1.768922986401668
134.8605998029806	174.35230034984485	1.7652098325083334
134.78238499876502	172.94677334320141	1.7564303034127613
134.68698120911597	171.54546639256625	1.7427741560782168
134.57450197640154	170.14917897242117	1.7245431756361347
134.44507996657927	168.7586871095844	1.7021409349258132
134.2988662445046	167.37474015373698	1.6760597780057112
134.13602946382477	165.9980578344831	1.64686465749923
133.9567549814302	164.62932762827674	1.6151758615291372
133.76124390703504	163.2692024527246	1.5816498282768712
133.5497120988417	161.9182986998782	1.5469598988523277
133.32238911641656	160.57719461432484	1.511777193542686
133.07951714187095	159.24642901631526	1.4767521666459524
132.82134988022057	157.92650036495783	1.4424980119901039
132.54815144940488	156.61786615176925	1.4095761658959065
132.26019526990768	155.32094261067618	1.3784839692729327
131.95776296325596	154.03610472697838	1.3496455992601326
131.6411432679098	152.76368652482927	1.3234059619633634
131.31063098021812	151.50398161048975	1.3000275462898723
130.96652592722884	150.25724394694163	1.279690609016858
130.60913197722795	149.02368883439024	1.2624960125093843
130.23875609296496	147.80349407069139	1.2484707767771754
129.85570743161873	146.596801265758	1.2375756672855638
129.46029649468403	145.403717284473	1.2297146334520384
129.05283433013096	144.22431579349072	1.2247452958646305
128.6336317884152	143.0586388884875	1.2224899887059786
128.20299883320317	141.90669877984988	1.2227470489354735
127.76124390703505	140.76847951640775	1.2253014885762037
127.3086733515728	139.64393872856988	1.2299344949010231
126.84559088158062	138.53300937404575	1.2364321903443791
126.37229711135495	137.4356014711942	1.2445919248333432
125.88908913195978	136.35160380688492	1.2542273343282462
125.39626013732794	135.28088560756106	1.265170870092993
124.89409909705515	134.22329816391854	1.2772746623483415
124.38289047353632	133.17867640125502	1.2904091631024668
123.86291398096766	132.14684038906586	1.3044604318120807
123.33444438365856	131.12759678487194	1.3193256937370017
122.7977513310572	130.120740208543	1.33490803464144
122.25309922689087	129.12605454453248	1.3511104169105657
121.70074712984675	128.14331417046245	1.3678293872194782
121.14094868327061	127.17228511139534	1.3849492777183319
120.57395207143298	126.21272611990892	1.4023370858021862
120.00000000000001	125.26438968275468	1.4198381558446083
119.41932969844845	124.32702295544235	1.4372736499273584
118.83217294227461	123.40036862655414	1.4544394374290306
118.23875609296496	122.48416571396879	1.471107020367852
117.63930015381712	121.57815029546921	1.487026186051038
117.03402083982486	120.68205617643345	1.5019296954783077
116.42312865996352	119.79561549746859	1.5155393906043546
115.8068290103348	118.91855928495542	1.5275741522869162
115.18532227675053	118.05061794753063	1.5377585985090818
114.55880394545002	117.19152172155302	1.5458330163920007
113.92746472075895	116.34100106858591	1.5515628006914275
113.29149064860304	115.49878702788452	1.55474869425803
112.65106324489344	114.66461152681141	1.5552353628806566
112.00635962789399	113.83820765201867	1.5529195999924856
111.35755265377455	113.01930988413625	1.5477561871754184
110.70481105463546	112.20765429859652	1.539762829321671
110.04829957836931	111.40297873510644	1.5290216351822525
109.38817912979906	110.60502293815665	1.515679117366967
108.7246069125981	109.81352867082943	1.4999434163160146
108.05773657156229	109.02823980404222	1.4820786865536808
107.38771833485946	108.2489023832344	1.4623977556354653
106.71469915593623	107.47526467438213	1.4412523155144163
106.03882285480876	106.70707719110183	1.4190215099799448
105.36023025850909	105.94409270448648	1.3960994733748011
104.67905934049797	105.18606623720254	1.3728816972111746
103.99544535889142	104.43275504326738	1.3497518286134298
103.30952099338151	103.68391857482159	1.327068345381806
102.62141648076056	102.93931843711185	1.3051522797779516
101.93125974898572	102.19871833280676	1.28427685468558
101.23917654974393	101.4618839966795	1.2646587236986406
100.54529058949956	100.72858312160906	1.246451802169326
99.84972365902513	99.99858527677442	1.2297436275263995
99.15259576143428	99.27166181884544	1.2145549891380725
98.4540252387499	98.54758579690696	1.2008420257556842
97.75412889705464	97.82613185179234	1.1885018392600128
97.05302213028318	97.10707611044654	1.1773800824722256
96.35081904272556	96.39019607588716	1.1672817548198642
95.64763257032062	95.67527051328666	1.1579829850351493
94.94357460082692	94.96207933265563	1.1492452814340808
94.23875609296496	94.25040346857071	1.1408295971269804
93.53328719463082	93.54002475735638	1.1325113205718287
92.82727736028713	92.83072581210186	1.1240945875428896
92.12083546764086	92.12228989586791	1.1154249891718098
91.41406993372146	91.41450079341756	1.1064011078878457
90.70708883047607	90.70714268178726	1.0969834007087305
90.0	0.0	1.0636410788467778
90.0	1.0	1.0513148341826075
90.0	2.0	1.0396065334394478
90.0	3.0000000000000004	1.028767314652881
90.0	4.0	1.0190637382384697
90.0	5.0	1.0107689653904066
90.0	6.000000000000001	1.00415288775833
90.0	7.0	0.9994721337450944
90.0	8.0	0.9969589027036689
90.0	9.0	0.9968110329244274
90.0	10.0	0.9991823780700435
90.0	11.0	1.0041742323322211
90.0	12.0	1.0118287913425839
90.0	13.0	1.0221243403901203
90.0	14.0	1.0349729102194292
90.0	14.999999999999998	1.0502201536516773
90.0	16.0	1.0676482449920375
90.0	17.000000000000004	1.0869810002598403
90.0	18.0	1.1078915266890446
90.0	19.0	1.130012401499024
90.0	20.0	1.1529472078347904
90.0	21.0	1.1762840447718572
90.0	22.0	1.1996095308372592
90.0	23.0	1.2225234861152936
90.0	24.000000000000004	1.2446533059056608
90.0	25.0	1.265667532417846
90.0	26.0	1.2852878225379827
90.0	26.999999999999996	1.3032993733577194
90.0	28.0	1.319558695053729
90.0	29.000000000000004	1.333998607738821
90.0	29.999999999999996	1.346630338905621
90.0	31.0	1.3575422896361702
90.0	32.0	1.3668959014040913
90.0	33.0	1.3749181916426803
90.0	34.00000000000001	1.3818917600426772
90.0	35.0	1.388142203890205
90.0	36.0	1.3940237444086279
90.0	37.0	1.3999036193100134
90.0	38.0	1.4061457350723523
90.0	39.0	1.4130946276643825
90.0	40.0	1.4210594849599285
90.0	41.0	1.4303006367330406
90.0	42.0	1.4410173401330517
90.0	43.0	1.4533385262565888
90.0	44.0	1.4673166311955812
90.0	45.0	1.4829247583193446
90.0	46.00000000000001	1.500057788685941
90.0	47.0	1.5185365759295302
90.0	48.00000000000001	1.5381165211036412
90.0	49.00000000000001	1.5584983066576354
90.0	50.0	1.5793428253005286
90.0	51.0	1.6002870342076077
90.0	52.0	1.6209626469449676
90.0	53.0	1.6410145786359647
90.0	54.0	1.6601206866075917
90.0	55.0	1.6780095986617332
90.0	56.0	1.6944774926245825
90.0	57.00000000000001	1.7094027167628632
90.0	58.00000000000001	1.722757017276453
90.0	59.00000000000001	1.7346130027302944
90.0	59.99999999999999	1.7451481538731894
90.0	61.0	1.7546436515369201
90.0	62.0	1.763479256406097
90.0	63.0	1.772123438694971
90.0	64.0	1.7811196213844922
90.0	65.0	1.7910682285720145
90.0	66.0	1.8026058344135636
90.0	67.0	1.8163815360377076
90.0	68.0	1.8330319076004717
90.0	69.0	1.853155337445053
90.0	70.0	1.877285871745374
90.0	71.0	1.9058693406618765
90.0	72.0	1.93924084166675
90.0	73.0	1.9776054924137194
90.0	74.0	2.0210232551161442
90.0	75.0	2.0693982025705537
90.0	76.0	2.122472595962733
90.0	77.0	2.1798265764201266
90.0	78.0	2.2408834086210283
90.0	79.0	2.3049198446339294
90.0	80.0	2.371081916434617
90.0	81.0	2.4384054168267846
90.0	82.0	2.505840143423363
90.0	83.0	2.5722780290676
90.0	84.0	2.6365827528026213
90.0	85.0	2.6976215716637064
90.0	86.0	2.754297029091531
90.0	87.0	2.805577676313079
90.0	88.0	2.850527498242647
90.0	89.0	2.888332069838288
90.0	90.0	2.918321319534664
90.0	91.0	2.9399876659618926
90.0	92.0	2.952999219502823
90.0	93.0	2.9572074934830126
90.0	94.0	2.9526496866829723
90.0	95.0	2.9395446735193675
90.0	96.00000000000001	2.9182845525807926
90.0	97.0	2.8894200879010676
90.0	98.0	2.8536421404137453
90.0	99.0	2.8117591512773394
90.0	100.0	2.764671602414082
90.0	101.0	2.7133445646735566
90.0	102.0	2.6587787037583395
90.0	103.0	2.601981471218198
90.0	104.0	2.543939467545169
90.0	105.00000000000001	2.48559160723239
90.0	106.0	2.4278061085831757
90.0	107.0	2.371359766032324
90.0	108.0	2.316921787491895
90.0	109.0	2.2650418265843517
90.0	110.0	2.2161420863840076
90.0	111.0	2.170514851836229
90.0	112.0	2.128323785237357
90.0	113.0	2.089610095186696
90.0	114.00000000000001	2.054301975083063
90.0	115.0	2.022227989750607
90.0	116.00000000000001	1.9931323744397522
90.0	117.0	1.9666926780298917
90.0	118.00000000000001	1.942538825091042
90.0	119.0	1.9202718078083787
90.0	119.99999999999999	1.8994826863543715
90.0	121.0	1.8797702320914784
90.0	122.0	1.8607568434682868
90.0	123.00000000000001	1.8421024878510133
90.0	124.0	1.823515373810449
90.0	125.00000000000001	1.8047606493442705
90.0	126.0	1.7856650285910292
90.0	127.00000000000001	1.7661190743423927
90.0	128.0	1.7460759025632235
90.0	129.0	1.7255479128470257
90.0	130.0	1.7046001259477912
90.0	131.0	1.683342410900493
90.0	132.0	1.6619198614559763
90.0	133.0	1.6405021854835329
90.0	134.0	1.6192726625468365
90.0	135.0	1.5984175949960377
90.0	136.0	1.578115820749376
90.0	137.0	1.5585298916918333
90.0	138.0	1.539797930658504
90.0	139.0	1.5220280793778025
90.0	140.0	1.5052941185155502
90.0	141.0	1.4896335552998572
90.0	142.0	1.4750473150735215
90.0	143.0	1.461501468600589
90.0	144.0	1.4489306866794671
90.0	145.0	1.4372428668569195
90.0	146.0	1.4263251173114986
90.0	147.0	1.4160501108740944
90.0	148.0	1.4062828091856083
90.0	149.0	1.396887433612703
90.0	150.0	1.3877335108207538
90.0	151.0	1.3787016098992004
90.0	152.0	1.3696879073860226
90.0	153.0	1.3606071483646949
90.0	154.0	1.3513950523554636
90.0	155.0	1.3420086834524665
90.0	156.0	1.332425710049493
90.0	157.0	1.3226423690858287
90.0	158.0	1.3126705049492975
90.0	159.0	1.3025338681050673
90.0	160.0	1.2922633033130972
90.0	161.0	1.2818926781198212
90.0	162.0	1.2714539476965567
90.0	163.0	1.2609733917787886
90.0	164.0	1.2504680366740137
90.0	165.0	1.2399433727495046
90.0	166.0	1.2293919355733516
90.0	167.0	1.218793367603982
90.0	168.0	1.2081155286015186
90.0	169.0	1.197317086587617
90.0	170.0	1.1863511575271404
90.0	171.0	1.175170117110713
90.0	172.0	1.163730659295352
90.0	173.0	1.1520000269459822
90.0	174.0	1.1399615022027059
90.0	175.0	1.1276204520537556
90.0	176.0	1.1150090784285283
90.0	177.0	1.102190674774459
90.0	178.0	1.089262525464457
90.0	179.0	1.0763568928292249
90.0	180.0	1.0636410788467778
90.0	181.0	1.0513148341826075
90.0	181.99999999999997	1.0396065334394478
90.0	182.99999999999997	1.028767314652881
90.0	183.99999999999997	1.0190637382384697
90.0	184.99999999999997	1.0107689653904066
90.0	185.99999999999997	1.00415288775833
90.0	186.99999999999997	0.9994721337450944
90.0	188.0	0.9969589027036689
90.0	188.99999999999997	0.9968110329244274
90.0	190.0	0.9991823780700435
90.0	190.99999999999997	1.0041742323322211
90.0	192.0	1.0118287913425839
90.0	192.99999999999997	1.0221243403901203
90.0	193.99999999999997	1.0349729102194292
90.0	194.99999999999997	1.0502201536516773
90.0	195.99999999999997	1.0676482449920375
90.0	197.0	1.0869810002598403
90.0	197.99999999999997	1.1078915266890446
90.0	199.0	1.130012401499024
90.0	199.99999999999997	1.1529472078347904
90.0	201.0	1.1762840447718572
90.0	201.99999999999997	1.1996095308372592
90.0	203.0	1.2225234861152936
90.0	203.99999999999997	1.2446533059056608
90.0	204.99999999999997	1.265667532417846
90.0	206.0	1.2852878225379827
90.0	206.99999999999997	1.3032993733577194
90.0	208.0	1.319558695053729
90.0	208.99999999999997	1.333998607738821
90.0	210.0	1.346630338905621
90.0	210.99999999999997	1.3575422896361702
90.0	212.0	1.3668959014040913
90.0	212.99999999999997	1.3749181916426803
90.0	214.0	1.3818917600426772
90.0	215.0	1.388142203890205
90.0	216.0	1.3940237444086279
90.0	217.0	1.3999036193100134
90.0	217.99999999999997	1.4061457350723523
90.0	219.00000000000003	1.4130946276643825
90.0	219.99999999999997	1.4210594849599285
90.0	220.99999999999997	1.4303006367330406
90.0	221.99999999999997	1.4410173401330517
90.0	223.0	1.4533385262565888
90.0	224.0	1.4673166311955812
90.0	224.99999999999997	1.4829247583193446
90.0	226.0	1.500057788685941
90.0	227.0	1.5185365759295302
90.0	228.0	1.5381165211036412
90.0	229.0	1.5584983066576354
90.0	230.0	1.5793428253005286
90.0	230.99999999999997	1.6002870342076077
90.0	232.00000000000003	1.6209626469449676
90.0	233.0	1.6410145786359647
90.0	233.99999999999997	1.6601206866075917
90.0	234.99999999999994	1.6780095986617332
90.0	236.0	1.6944774926245825
90.0	237.0	1.7094027167628632
90.0	238.0	1.722757017276453
90.0	239.0	1.7346130027302944
90.0	239.99999999999994	1.7451481538731894
90.0	241.0	1.7546436515369201
90.0	242.0	1.763479256406097
90.0	242.99999999999997	1.772123438694971
90.0	243.99999999999994	1.7811196213844922
90.0	245.0	1.7910682285720145
90.0	246.0	1.8026058344135636
90.0	247.0	1.8163815360377076
90.0	248.0	1.8330319076004717
90.0	248.99999999999997	1.853155337445053
90.0	250.0	1.877285871745374
90.0	251.0	1.9058693406618765
90.0	252.0	1.93924084166675
90.0	252.99999999999997	1.9776054924137194
90.0	254.0	2.0210232551161442
90.0	255.0	2.0693982025705537
90.0	256.0	2.122472595962733
90.0	257.0	2.1798265764201266
90.0	258.0	2.2408834086210283
90.0	259.0	2.3049198446339294
90.0	260.0	2.371081916434617
90.0	261.0	2.4384054168267846
90.0	262.0	2.505840143423363
90.0	263.0	2.5722780290676
90.0	264.0	2.6365827528026213
90.0	265.0	2.6976215716637064
90.0	266.0	2.754297029091531
90.0	267.0	2.805577676313079
90.0	268.0	2.850527498242647
90.0	269.0	2.888332069838288
90.0	270.0	2.918321319534664
90.0	271.0	2.9399876659618926
90.0	272.0	2.952999219502823
90.0	273.0	2.9572074934830126
90.0	274.0	2.9526496866829723
90.0	275.0	2.9395446735193675
90.0	276.0	2.9182845525807926
90.0	277.0	2.8894200879010676
90.0	278.0	2.8536421404137453
90.0	279.0	2.8117591512773394
90.0	280.0	2.764671602414082
90.0	281.0	2.7133445646735566
90.0	282.0	2.6587787037583395
90.0	283.0	2.601981471218198
90.0	284.0	2.543939467545169
90.0	285.0	2.48559160723239
90.0	286.0	2.4278061085831757
90.0	287.0	2.371359766032324
90.0	288.0	2.316921787491895
90.0	289.0	2.2650418265843517
90.0	290.0	2.2161420863840076
90.0	291.0	2.170514851836229
90.0	292.0	2.128323785237357
90.0	293.0	2.089610095186696
90.0	294.0	2.054301975083063
90.0	295.0	2.022227989750607
90.0	296.0	1.9931323744397522
90.0	297.0	1.9666926780298917
90.0	298.0	1.942538825091042
90.0	299.0	1.9202718078083787
90.0	300.0	1.8994826863543715
90.0	301.0	1.8797702320914784
90.0	302.0	1.8607568434682868
90.0	303.0	1.8421024878510133
90.0	304.0	1.823515373810449
90.0	305.0	1.8047606493442705
90.0	306.0	1.7856650285910292
90.0	307.0	1.7661190743423927
90.0	308.0	1.7460759025632235
90.0	309.0	1.7255479128470257
90.0	310.0	1.7046001259477912
90.0	311.0	1.683342410900493
90.0	311.99999999999994	1.6619198614559763
90.0	313.0	1.6405021854835329
90.0	314.0	1.6192726625468365
90.0	315.0	1.5984175949960377
90.0	316.0	1.578115820749376
90.0	317.0	1.5585298916918333
90.0	318.0	1.539797930658504
90.0	319.0	1.5220280793778025
90.0	320.0	1.5052941185155502
90.0	321.0	1.4896335552998572
90.0	322.0	1.4750473150735215
90.0	323.0	1.461501468600589
90.0	324.0	1.4489306866794671
90.0	325.0	1.4372428668569195
90.0	326.0	1.4263251173114986
90.0	327.0	1.4160501108740944
90.0	328.0	1.4062828091856083
90.0	329.0	1.396887433612703
90.0	330.0	1.3877335108207538
90.0	331.0	1.3787016098992004
90.0	332.0	1.3696879073860226
90.0	333.0	1.3606071483646949
90.0	334.0	1.3513950523554636
90.0	335.0	1.3420086834524665
90.0	336.0	1.332425710049493
90.0	337.0	1.3226423690858287
90.0	338.0	1.3126705049492975
90.0	338.99999999999994	1.3025338681050673
90.0	340.0	1.2922633033130972
90.0	341.0	1.2818926781198212
90.0	342.0	1.2714539476965567
90.0	343.0	1.2609733917787886
90.0	344.0	1.2504680366740137
90.0	345.0	1.2399433727495046
90.0	346.0	1.2293919355733516
90.0	347.0	1.218793367603982
90.0	347.99999999999994	1.2081155286015186
90.0	349.0	1.197317086587617
90.0	350.0	1.1863511575271404
90.0	351.0	1.175170117110713
90.0	352.0	1.163730659295352
90.0	353.0	1.1520000269459822
90.0	354.0	1.1399615022027059
90.0	355.0	1.1276204520537556
90.0	356.0	1.1150090784285283
90.0	356.99999999999994	1.102190674774459
90.0	358.0	1.089262525464457
90.0	359.0	1.0763568928292249
