Polar Angle 	 Azimuth Angle 	 Intensity 
90.0	0.0	1.2178275117716975
89.0	0.0	1.2155374414169655
88.0	0.0	1.2136596370847665
87.00000000000001	0.0	1.2121332979618322
86.0	0.0	1.2108427199600944
85.0	0.0	1.2096257207716425
84.0	0.0	1.2082833286819228
83.0	0.0	1.2065924201521734
82.0	0.0	1.204319059489772
81.0	0.0	1.201233242694408
80.0	0.0	1.1971233604690936
79.0	0.0	1.1918098187256752
78.00000000000001	0.0	1.1851583782551802
77.0	0.0	1.1770908264640976
76.0	0.0	1.1675932620117484
75.0	0.0	1.1567224136015062
74.0	0.0	1.1446080270796994
73.0	0.0	1.1314527250180295
72.0	0.0	1.1175282154388402
71.0	0.0	1.1031686921887356
70.0	0.0	1.0887611461253794
69.00000000000001	0.0	1.0747334296229742
68.0	0.0	1.061539372308505
67.0	0.0	1.0496444584683124
66.0	0.0	1.0395082748502684
65.0	0.0	1.0315680818066097
64.0	0.0	1.0262230865246873
63.0	0.0	1.0238189970928786
62.0	0.0	1.0246342615774928
61.0	0.0	1.028869536704075
60.00000000000001	0.0	1.0366391223848666
59.00000000000001	0.0	1.0479647833451717
58.00000000000001	0.0	1.062774204529948
57.00000000000001	0.0	1.0809011315213892
55.99999999999999	0.0	1.1020900043191513
55.00000000000001	0.0	1.1260029782194825
54.0	0.0	1.1522291913756757
53.00000000000001	0.0	1.1802978236332509
52.0	0.0	1.20969129578272
51.00000000000001	0.0	1.2398607154936732
50.00000000000001	0.0	1.270242446589528
49.00000000000001	0.0	1.3002728528937006
48.0	0.0	1.329405569592269
47.0	0.0	1.3571242812339888
46.00000000000001	0.0	1.3829569039061353
45.0	0.0	1.4064865378059503
44.0	0.0	1.4273593306252648
43.0	0.0	1.4452917792647957
42.0	0.0	1.4600732573506334
41.0	0.0	1.4715678406628143
40.00000000000001	0.0	1.479712341289166
39.0	0.0	1.4845122355154092
37.99999999999999	0.0	1.486035906704274
37.0	0.0	1.4844070627460368
36.0	0.0	1.4797958897508166
35.0	0.0	1.472409363235376
34.0	0.0	1.4624811380571725
33.0	0.0	1.4502617191835758
31.99999999999999	0.0	1.4360098962193306
31.0	0.0	1.4199831950109372
30.000000000000004	0.0	1.4024319801081833
29.00000000000001	0.0	1.383592855137761
28.000000000000007	0.0	1.3636854331988673
27.00000000000001	0.0	1.3429096689291342
25.999999999999996	0.0	1.3214452968342978
25.000000000000004	0.0	1.2994525333761127
24.000000000000004	0.0	1.2770747449064201
22.999999999999993	0.0	1.2544409751836356
21.999999999999996	0.0	1.2316710004057225
21.0	0.0	1.2088785588145925
20.00000000000001	0.0	1.1861768269818265
19.000000000000014	0.0	1.1636823515009875
18.00000000000001	0.0	1.1415185594271877
17.000000000000007	0.0	1.1198181453759897
15.999999999999995	0.0	1.0987254586223132
14.999999999999996	0.0	1.078396222265269
14.0	0.0	1.058996550305081
12.999999999999996	0.0	1.0407002797090164
12.000000000000018	0.0	1.0236863024773153
10.999999999999993	0.0	1.0081323872695584
10.000000000000012	0.0	0.994210826459604
8.999999999999984	0.0	0.9820811344212932
7.999999999999981	0.0	0.9718845712427281
7.000000000000025	0.0	0.9637369814295594
6.000000000000026	0.0	0.9577235984544293
4.999999999999992	0.0	0.9538937088888327
4.000000000000042	0.0	0.9522570015459695
3.0000000000000444	0.0	0.952781601634588
1.9999999999999472	0.0	0.9553925261655762
0.9999999999999002	0.0	0.9599736497981184
0.0	0.0	0.9663706536089299
0.9999999999999002	180.0	0.9743956588724829
1.9999999999999472	180.0	0.9838334054346416
3.0000000000000444	180.0	0.9944499576027831
4.000000000000042	180.0	1.0060012696183371
4.999999999999992	180.0	1.018243155305151
6.000000000000026	180.0	1.0309413981354363
6.9999999999999725	180.0	1.043881861295718
7.999999999999981	180.0	1.0568797552472857
8.999999999999984	180.0	1.0697883436163158
10.000000000000012	180.0	1.0825049811499226
10.999999999999993	180.0	1.094976730419463
11.999999999999988	180.0	1.107202468084277
12.999999999999996	180.0	1.1192337273971806
14.0	180.0	1.1311717494352336
14.999999999999996	180.0	1.1431625684843465
15.999999999999995	180.0	1.1553901315777342
16.99999999999999	180.0	1.1680666096827153
17.999999999999986	180.0	1.1814207430413564
18.999999999999996	180.0	1.1956847823352885
19.999999999999993	180.0	1.2110812894329432
21.0	180.0	1.2278078318730483
21.999999999999996	180.0	1.2460244856997753
23.00000000000001	180.0	1.2658392320341483
24.000000000000004	180.0	1.2872975661729325
24.99999999999999	180.0	1.310371966269937
26.000000000000007	180.0	1.3349558553799625
26.999999999999996	180.0	1.3608586868434127
28.000000000000007	180.0	1.3878060847038736
28.999999999999996	180.0	1.41544166913669
29.999999999999993	180.0	1.4433342177456763
31.0	180.0	1.4709865118708227
31.99999999999999	180.0	1.4978485358410591
33.0	180.0	1.523333063325924
34.0	180.0	1.5468332095333917
35.000000000000014	180.0	1.5677420896714358
36.0	180.0	1.585473179497509
37.000000000000014	180.0	1.5994812375383491
37.99999999999999	180.0	1.6092821039691287
38.99999999999999	180.0	1.6144713761519403
40.00000000000001	180.0	1.614741679998458
40.999999999999986	180.0	1.6098958692227026
42.0	180.0	1.5998581183300655
43.0	180.0	1.5846805222436946
44.00000000000001	180.0	1.5645454834033954
45.0	180.0	1.5397645884249722
46.000000000000014	180.0	1.5107717276386803
47.0	180.0	1.478113406276024
47.999999999999986	180.0	1.442434702711498
49.00000000000001	180.0	1.4044605929241016
49.99999999999999	180.0	1.364976713288518
51.00000000000001	180.0	1.3248060512564055
51.99999999999999	180.0	1.284784933949769
53.000000000000014	180.0	1.245738595501588
53.99999999999999	180.0	1.2084567443964422
55.000000000000014	180.0	1.1736709562397123
55.99999999999999	180.0	1.142033189867441
56.999999999999986	180.0	1.1140978138957596
58.00000000000001	180.0	1.0903063012043832
58.99999999999999	180.0	1.0709768380354985
60.00000000000001	180.0	1.0562971626970508
61.0	180.0	1.0463220380462563
62.000000000000014	180.0	1.0409762002588383
63.0	180.0	1.0400598351147472
64.00000000000001	180.0	1.043259951822353
65.0	180.0	1.0501645651942875
65.99999999999999	180.0	1.0602789840870277
67.0	180.0	1.0730463123679554
68.0	180.0	1.087868090300001
69.00000000000001	180.0	1.1041256380142
70.0	180.0	1.1212028031580739
71.00000000000001	180.0	1.138505478939614
72.0	180.0	1.155481964676759
73.00000000000001	180.0	1.1716385521490635
74.0	180.0	1.1865541290262904
74.99999999999999	180.0	1.1998904293519403
76.0	180.0	1.2113982119168865
77.0	180.0	1.2209210515341047
78.00000000000001	180.0	1.2283933731925178
79.0	180.0	1.2338365203646826
80.00000000000001	180.0	1.237350189534249
81.0	180.0	1.2391018988772668
82.00000000000001	180.0	1.2393133677566726
83.0	180.0	1.2382457728761143
83.99999999999999	180.0	1.2361834598403703
85.0	180.0	1.2334173738806016
86.0	180.0	1.2302298947554304
87.00000000000001	180.0	1.2268795312344356
88.0	180.0	1.2235884239333008
89.00000000000001	180.0	1.2205312523247887
90.0	180.0	1.2178275117716975
91.00000000000001	180.0	1.2155374414169655
92.0	180.0	1.2136596370847665
92.99999999999999	180.0	1.2121332979618322
94.0	180.0	1.2108427199600944
95.0	180.0	1.2096257207716425
96.00000000000001	180.0	1.2082833286819228
97.0	180.0	1.2065924201521734
98.00000000000001	180.0	1.204319059489772
99.0	180.0	1.201233242694408
100.00000000000001	180.0	1.1971233604690936
101.0	180.0	1.1918098187256752
102.00000000000001	180.0	1.1851583782551802
103.0	180.0	1.1770908264640976
104.0	180.0	1.1675932620117484
105.00000000000001	180.0	1.1567224136015062
106.0	180.0	1.1446080270796994
107.00000000000001	180.0	1.1314527250180295
108.0	180.0	1.1175282154388402
109.00000000000001	180.0	1.1031686921887356
110.0	180.0	1.0887611461253794
111.00000000000001	180.0	1.0747334296229742
112.0	180.0	1.061539372308505
113.0	180.0	1.0496444584683124
114.00000000000001	180.0	1.0395082748502684
115.0	180.0	1.0315680818066097
116.00000000000001	180.0	1.0262230865246873
117.0	180.0	1.0238189970928786
118.00000000000001	180.0	1.0246342615774928
119.0	180.0	1.028869536704075
120.00000000000001	180.0	1.0366391223848666
121.0	180.0	1.0479647833451717
122.0	180.0	1.062774204529948
123.00000000000001	180.0	1.0809011315213892
124.0	180.0	1.1020900043191513
125.00000000000001	180.0	1.1260029782194825
126.0	180.0	1.1522291913756757
127.00000000000001	180.0	1.1802978236332509
128.0	180.0	1.20969129578272
129.00000000000003	180.0	1.2398607154936732
130.0	180.0	1.270242446589528
131.0	180.0	1.3002728528937006
132.0	180.0	1.329405569592269
133.0	180.0	1.3571242812339888
134.0	180.0	1.3829569039061353
135.0	180.0	1.4064865378059503
136.0	180.0	1.4273593306252648
137.0	180.0	1.4452917792647957
138.00000000000003	180.0	1.4600732573506334
139.0	180.0	1.4715678406628143
140.0	180.0	1.479712341289166
140.99999999999997	180.0	1.4845122355154092
142.00000000000003	180.0	1.486035906704274
143.0	180.0	1.4844070627460368
144.0	180.0	1.4797958897508166
145.0	180.0	1.472409363235376
146.00000000000003	180.0	1.4624811380571725
147.00000000000003	180.0	1.4502617191835758
148.0	180.0	1.4360098962193306
149.0	180.0	1.4199831950109372
149.99999999999997	180.0	1.4024319801081833
151.00000000000003	180.0	1.383592855137761
152.0	180.0	1.3636854331988673
153.0	180.0	1.3429096689291342
154.0	180.0	1.3214452968342978
155.00000000000003	180.0	1.2994525333761127
156.00000000000003	180.0	1.2770747449064201
157.0	180.0	1.2544409751836356
158.0	180.0	1.2316710004057225
158.99999999999997	180.0	1.2088785588145925
160.00000000000003	180.0	1.1861768269818265
161.0	180.0	1.1636823515009875
162.0	180.0	1.1415185594271877
163.0	180.0	1.1198181453759897
164.00000000000003	180.0	1.0987254586223132
165.00000000000003	180.0	1.078396222265269
166.0	180.0	1.058996550305081
167.0	180.0	1.0407002797090164
167.99999999999997	180.0	1.0236863024773153
169.00000000000003	180.0	1.0081323872695584
169.99999999999997	180.0	0.994210826459604
170.99999999999997	180.0	0.9820811344212932
172.0	180.0	0.9718845712427281
173.00000000000003	180.0	0.9637369814295594
174.00000000000003	180.0	0.9577235984544293
175.0	180.0	0.9538937088888327
175.99999999999997	180.0	0.9522570015459695
176.99999999999994	180.0	0.952781601634588
178.00000000000006	180.0	0.9553925261655762
179.0000000000001	180.0	0.9599736497981184
180.0	180.0	0.9663706536089299
179.0000000000001	0.0	0.9743956588724829
178.00000000000006	0.0	0.9838334054346416
176.99999999999994	0.0	0.9944499576027831
176.00000000000006	0.0	1.0060012696183371
175.0	0.0	1.018243155305151
174.00000000000003	0.0	1.0309413981354363
172.99999999999997	0.0	1.043881861295718
172.0	0.0	1.0568797552472857
171.00000000000003	0.0	1.0697883436163158
170.00000000000003	0.0	1.0825049811499226
168.99999999999997	0.0	1.094976730419463
167.99999999999997	0.0	1.107202468084277
167.00000000000003	0.0	1.1192337273971806
166.00000000000003	0.0	1.1311717494352336
165.00000000000003	0.0	1.1431625684843465
163.99999999999997	0.0	1.1553901315777342
163.0	0.0	1.1680666096827153
162.00000000000003	0.0	1.1814207430413564
161.00000000000003	0.0	1.1956847823352885
160.0	0.0	1.2110812894329432
159.0	0.0	1.2278078318730483
158.00000000000003	0.0	1.2460244856997753
157.00000000000003	0.0	1.2658392320341483
156.00000000000003	0.0	1.2872975661729325
154.99999999999997	0.0	1.310371966269937
154.0	0.0	1.3349558553799625
153.00000000000003	0.0	1.3608586868434127
152.0	0.0	1.3878060847038736
150.99999999999997	0.0	1.41544166913669
150.0	0.0	1.4433342177456763
149.0	0.0	1.4709865118708227
148.0	0.0	1.4978485358410591
147.00000000000003	0.0	1.523333063325924
146.0	0.0	1.5468332095333917
145.0	0.0	1.5677420896714358
144.00000000000003	0.0	1.585473179497509
143.0	0.0	1.5994812375383491
142.0	0.0	1.6092821039691287
140.99999999999997	0.0	1.6144713761519403
140.00000000000003	0.0	1.614741679998458
139.00000000000003	0.0	1.6098958692227026
138.00000000000003	0.0	1.5998581183300655
137.0	0.0	1.5846805222436946
136.0	0.0	1.5645454834033954
135.00000000000003	0.0	1.5397645884249722
134.00000000000003	0.0	1.5107717276386803
132.99999999999997	0.0	1.478113406276024
131.99999999999997	0.0	1.442434702711498
131.00000000000003	0.0	1.4044605929241016
130.00000000000003	0.0	1.364976713288518
129.00000000000003	0.0	1.3248060512564055
128.0	0.0	1.284784933949769
126.99999999999999	0.0	1.245738595501588
126.00000000000003	0.0	1.2084567443964422
125.00000000000004	0.0	1.1736709562397123
123.99999999999997	0.0	1.142033189867441
122.99999999999999	0.0	1.1140978138957596
122.0	0.0	1.0903063012043832
121.0	0.0	1.0709768380354985
120.00000000000001	0.0	1.0562971626970508
119.0	0.0	1.0463220380462563
118.00000000000001	0.0	1.0409762002588383
117.00000000000003	0.0	1.0400598351147472
116.00000000000004	0.0	1.043259951822353
115.0	0.0	1.0501645651942875
114.00000000000001	0.0	1.0602789840870277
113.00000000000001	0.0	1.0730463123679554
112.00000000000003	0.0	1.087868090300001
111.00000000000004	0.0	1.1041256380142
110.0	0.0	1.1212028031580739
109.00000000000001	0.0	1.138505478939614
108.00000000000003	0.0	1.155481964676759
107.00000000000004	0.0	1.1716385521490635
106.0	0.0	1.1865541290262904
105.0	0.0	1.1998904293519403
104.00000000000001	0.0	1.2113982119168865
103.00000000000001	0.0	1.2209210515341047
102.00000000000003	0.0	1.2283933731925178
100.99999999999999	0.0	1.2338365203646826
100.0	0.0	1.237350189534249
99.00000000000001	0.0	1.2391018988772668
98.00000000000003	0.0	1.2393133677566726
96.99999999999999	0.0	1.2382457728761143
96.0	0.0	1.2361834598403703
95.0	0.0	1.2334173738806016
94.00000000000001	0.0	1.2302298947554304
93.00000000000003	0.0	1.2268795312344356
91.99999999999999	0.0	1.2235884239333008
91.0	0.0	1.2205312523247887
90.0	90.0	0.9954973323514462
89.0	90.0	0.9936631978874381
88.0	90.0	0.9915798222143031
87.00000000000001	90.0	0.9892605450023889
86.0	90.0	0.986738083548443
85.0	90.0	0.9840659369514383
84.0	90.0	0.9813190882004869
83.0	90.0	0.9785949870979176
82.0	90.0	0.9760138310944422
81.0	90.0	0.9737182844539884
80.0	90.0	0.9718724953306239
79.0	90.0	0.9706599895048155
78.00000000000001	90.0	0.9702818449548557
77.0	90.0	0.9709517772414722
76.0	90.0	0.9728924886506787
75.0	90.0	0.9763303323256375
74.0	90.0	0.9814882913875279
73.0	90.0	0.9885798005619119
72.0	90.0	0.9978008827941085
71.0	90.0	1.0093235496228108
70.0	90.0	1.0232873761251298
69.00000000000001	90.0	1.0397927608726294
68.0	90.0	1.058894466722526
67.0	90.0	1.0805954424440545
66.0	90.0	1.1048426101909896
65.0	90.0	1.1315233550620807
64.0	90.0	1.1604638400900604
63.0	90.0	1.1914291466592284
62.0	90.0	1.224124538263693
61.0	90.0	1.258199532617268
60.00000000000001	90.0	1.2932529566864461
59.00000000000001	90.0	1.328839827151947
58.00000000000001	90.0	1.3644800562988384
57.00000000000001	90.0	1.3996684216649016
55.99999999999999	90.0	1.4338850973593267
55.00000000000001	90.0	1.4666075895572341
54.0	90.0	1.4973221103238668
53.00000000000001	90.0	1.5255362151970224
52.0	90.0	1.5507903174288298
51.00000000000001	90.0	1.572667798051695
50.00000000000001	90.0	1.5908059584497447
49.00000000000001	90.0	1.604903883743453
48.0	90.0	1.6147291828336061
47.0	90.0	1.620123324269441
46.00000000000001	90.0	1.62100458501788
45.0	90.0	1.6173691738041938
44.0	90.0	1.609289826936172
43.0	90.0	1.5969134212052212
42.0	90.0	1.5804554976006429
41.0	90.0	1.5601940829359977
40.00000000000001	90.0	1.5364621072996465
39.0	90.0	1.5096377152415488
37.99999999999999	90.0	1.4801348577952294
37.0	90.0	1.4483933228294117
36.0	90.0	1.4148676420589938
35.0	90.0	1.3800176830670128
34.0	90.0	1.3442982584035312
33.0	90.0	1.3081512622010125
31.99999999999999	90.0	1.2719968238666155
31.0	90.0	1.236227410543726
30.000000000000004	90.0	1.201202491243817
29.00000000000001	90.0	1.167244605154136
28.000000000000007	90.0	1.1346365532860527
27.00000000000001	90.0	1.103620836804729
25.999999999999996	90.0	1.0743996570291185
25.000000000000004	90.0	1.0471360387726272
24.000000000000004	90.0	1.0219560770244362
22.999999999999993	90.0	0.9989511836308221
21.999999999999996	90.0	0.978182159405054
21.0	90.0	0.9596824237317921
20.00000000000001	90.0	0.9434611037539059
19.000000000000014	90.0	0.9295062639768737
18.00000000000001	90.0	0.9177882762907655
17.000000000000007	90.0	0.9082620666515646
15.999999999999995	90.0	0.9008680980042458
14.999999999999996	90.0	0.895534336128932
14.0	90.0	0.8921762496408938
12.999999999999996	90.0	0.8906969504081327
12.000000000000018	90.0	0.8909862106283024
10.999999999999993	90.0	0.892919760740796
10.000000000000012	90.0	0.8963583065036679
8.999999999999984	90.0	0.9011464056529722
7.999999999999981	90.0	0.9071114849796857
7.000000000000025	90.0	0.9140641211648718
6.000000000000026	90.0	0.921797759944516
4.999999999999992	90.0	0.9300899798677694
4.000000000000042	90.0	0.9387051602310184
3.0000000000000444	90.0	0.9473970085943705
1.9999999999999472	90.0	0.9559127733091339
0.9999999999999002	90.0	0.9639988602211209
0.0	90.0	0.9714067302091176
0.9999999999999002	270.0	0.9778999200640147
1.9999999999999472	270.0	0.9832612037855195
3.0000000000000444	270.0	0.9873011580546956
4.000000000000042	270.0	0.989865604365841
4.999999999999992	270.0	0.9908431915759486
6.000000000000026	270.0	0.990172978454167
6.9999999999999725	270.0	0.9878499099675224
7.999999999999981	270.0	0.9839295914787273
8.999999999999984	270.0	0.9785322204384925
10.000000000000012	270.0	0.9718434288910244
10.999999999999993	270.0	0.9641134409685279
11.999999999999988	270.0	0.9556552474626333
12.999999999999996	270.0	0.9468385678683439
14.0	270.0	0.9380832507576534
14.999999999999996	270.0	0.9298498658015122
15.999999999999995	270.0	0.9226286107807996
16.99999999999999	270.0	0.9169261123335606
17.999999999999986	270.0	0.9132520862846575
18.999999999999996	270.0	0.9121037512941002
19.999999999999993	270.0	0.9139508041757081
21.0	270.0	0.9192201143806056
21.999999999999996	270.0	0.9282804184807175
23.00000000000001	270.0	0.9414296825863354
24.000000000000004	270.0	0.9588819030933515
24.99999999999999	270.0	0.9807575582876429
26.000000000000007	270.0	1.0070760257956086
26.999999999999996	270.0	1.0377499658808678
28.000000000000007	270.0	1.0725832151805186
28.999999999999996	270.0	1.1112726121337138
29.999999999999993	270.0	1.1534105244981454
31.0	270.0	1.1984935552401694
31.99999999999999	270.0	1.245931388842507
33.0	270.0	1.295059709721846
34.0	270.0	1.3451552269101799
35.000000000000014	270.0	1.3954522433295542
36.0	270.0	1.4451609100778067
37.000000000000014	270.0	1.4934857615494703
37.99999999999999	270.0	1.5396452334797568
38.99999999999999	270.0	1.5828903384830422
40.00000000000001	270.0	1.6225224990858582
40.999999999999986	270.0	1.6579102574192228
42.0	270.0	1.6885038786472308
43.0	270.0	1.713847707714324
44.00000000000001	270.0	1.7335895773233243
45.0	270.0	1.7474881096497312
46.000000000000014	270.0	1.7554158055285378
47.0	270.0	1.7573601677948925
47.999999999999986	270.0	1.7534208929324453
49.00000000000001	270.0	1.7438049564579585
49.99999999999999	270.0	1.7288180474487673
51.00000000000001	270.0	1.7088547393119966
51.99999999999999	270.0	1.6843855713669602
53.000000000000014	270.0	1.6559438495923993
53.99999999999999	270.0	1.624110060274809
55.000000000000014	270.0	1.58949670490952
55.99999999999999	270.0	1.5527327138490277
56.999999999999986	270.0	1.5144478599513225
58.00000000000001	270.0	1.4752585764040478
58.99999999999999	270.0	1.4357550383068995
60.00000000000001	270.0	1.3964888059243565
61.0	270.0	1.3579636975428113
62.000000000000014	270.0	1.3206273644156141
63.0	270.0	1.2848658144773506
64.00000000000001	270.0	1.2509997614866943
65.0	270.0	1.2192827995978328
65.99999999999999	270.0	1.1899021054483812
67.0	270.0	1.1629802635879543
68.0	270.0	1.1385796194232305
69.00000000000001	270.0	1.1167066321630086
70.0	270.0	1.0973184744445943
71.00000000000001	270.0	1.0803294915425976
72.0	270.0	1.0656183626656457
73.00000000000001	270.0	1.0530355430882634
74.0	270.0	1.042410706282748
74.99999999999999	270.0	1.033558501040059
76.0	270.0	1.02628571276653
77.0	270.0	1.0203965993520066
78.00000000000001	270.0	1.0156972441149097
79.0	270.0	1.0119994874945457
80.00000000000001	270.0	1.0091245779082572
81.0	270.0	1.0069044355096635
82.00000000000001	270.0	1.0051840392875664
83.0	270.0	1.0038221291538645
83.99999999999999	270.0	1.0026916271962982
85.0	270.0	1.0016801993487827
86.0	270.0	1.0006899745562405
87.00000000000001	270.0	0.9996375447746036
88.0	270.0	0.9984543862235599
89.00000000000001	270.0	0.9970869998041362
90.0	270.0	0.9954973323514462
91.00000000000001	270.0	0.9936631978874381
92.0	270.0	0.9915798222143031
92.99999999999999	270.0	0.9892605450023889
94.0	270.0	0.986738083548443
95.0	270.0	0.9840659369514383
96.00000000000001	270.0	0.9813190882004869
97.0	270.0	0.9785949870979176
98.00000000000001	270.0	0.9760138310944422
99.0	270.0	0.9737182844539884
100.00000000000001	270.0	0.9718724953306239
101.0	270.0	0.9706599895048155
102.00000000000001	270.0	0.9702818449548557
103.0	270.0	0.9709517772414722
104.0	270.0	0.9728924886506787
105.00000000000001	270.0	0.9763303323256375
106.0	270.0	0.9814882913875279
107.00000000000001	270.0	0.9885798005619119
108.0	270.0	0.9978008827941085
109.00000000000001	270.0	1.0093235496228108
110.0	270.0	1.0232873761251298
111.00000000000001	270.0	1.0397927608726294
112.0	270.0	1.058894466722526
113.0	270.0	1.0805954424440545
114.00000000000001	270.0	1.1048426101909896
115.0	270.0	1.1315233550620807
116.00000000000001	270.0	1.1604638400900604
117.0	270.0	1.1914291466592284
118.00000000000001	270.0	1.224124538263693
119.0	270.0	1.258199532617268
120.00000000000001	270.0	1.2932529566864461
121.0	270.0	1.328839827151947
122.0	270.0	1.3644800562988384
123.00000000000001	270.0	1.3996684216649016
124.0	270.0	1.4338850973593267
125.00000000000001	270.0	1.4666075895572341
126.0	270.0	1.4973221103238668
127.00000000000001	270.0	1.5255362151970224
128.0	270.0	1.5507903174288298
129.00000000000003	270.0	1.572667798051695
130.0	270.0	1.5908059584497447
131.0	270.0	1.604903883743453
132.0	270.0	1.6147291828336061
133.0	270.0	1.620123324269441
134.0	270.0	1.62100458501788
135.0	270.0	1.6173691738041938
136.0	270.0	1.609289826936172
137.0	270.0	1.5969134212052212
138.00000000000003	270.0	1.5804554976006429
139.0	270.0	1.5601940829359977
140.0	270.0	1.5364621072996465
140.99999999999997	270.0	1.5096377152415488
142.00000000000003	270.0	1.4801348577952294
143.0	270.0	1.4483933228294117
144.0	270.0	1.4148676420589938
145.0	270.0	1.3800176830670128
146.00000000000003	270.0	1.3442982584035312
147.00000000000003	270.0	1.3081512622010125
148.0	270.0	1.2719968238666155
149.0	270.0	1.236227410543726
149.99999999999997	270.0	1.201202491243817
151.00000000000003	270.0	1.167244605154136
152.0	270.0	1.1346365532860527
153.0	270.0	1.103620836804729
154.0	270.0	1.0743996570291185
155.00000000000003	270.0	1.0471360387726272
156.00000000000003	270.0	1.0219560770244362
157.0	270.0	0.9989511836308221
158.0	270.0	0.978182159405054
158.99999999999997	270.0	0.9596824237317921
160.00000000000003	270.0	0.9434611037539059
161.0	270.0	0.9295062639768737
162.0	270.0	0.9177882762907655
163.0	270.0	0.9082620666515646
164.00000000000003	270.0	0.9008680980042458
165.00000000000003	270.0	0.895534336128932
166.0	270.0	0.8921762496408938
167.0	270.0	0.8906969504081327
167.99999999999997	270.0	0.8909862106283024
169.00000000000003	270.0	0.892919760740796
169.99999999999997	270.0	0.8963583065036679
170.99999999999997	270.0	0.9011464056529722
172.0	270.0	0.9071114849796857
173.00000000000003	270.0	0.9140641211648718
174.00000000000003	270.0	0.921797759944516
175.0	270.0	0.9300899798677694
175.99999999999997	270.0	0.9387051602310184
176.99999999999994	270.0	0.9473970085943705
178.00000000000006	270.0	0.9559127733091339
179.0000000000001	270.0	0.9639988602211209
180.0	270.0	0.9714067302091176
179.0000000000001	90.0	0.9778999200640147
178.00000000000006	90.0	0.9832612037855195
176.99999999999994	90.0	0.9873011580546956
176.00000000000006	90.0	0.989865604365841
175.0	90.0	0.9908431915759486
174.00000000000003	90.0	0.990172978454167
172.99999999999997	90.0	0.9878499099675224
172.0	90.0	0.9839295914787273
171.00000000000003	90.0	0.9785322204384925
170.00000000000003	90.0	0.9718434288910244
168.99999999999997	90.0	0.9641134409685279
167.99999999999997	90.0	0.9556552474626333
167.00000000000003	90.0	0.9468385678683439
166.00000000000003	90.0	0.9380832507576534
165.00000000000003	90.0	0.9298498658015122
163.99999999999997	90.0	0.9226286107807996
163.0	90.0	0.9169261123335606
162.00000000000003	90.0	0.9132520862846575
161.00000000000003	90.0	0.9121037512941002
160.0	90.0	0.9139508041757081
159.0	90.0	0.9192201143806056
158.00000000000003	90.0	0.9282804184807175
157.00000000000003	90.0	0.9414296825863354
156.00000000000003	90.0	0.9588819030933515
154.99999999999997	90.0	0.9807575582876429
154.0	90.0	1.0070760257956086
153.00000000000003	90.0	1.0377499658808678
152.0	90.0	1.0725832151805186
150.99999999999997	90.0	1.1112726121337138
150.0	90.0	1.1534105244981454
149.0	90.0	1.1984935552401694
148.0	90.0	1.245931388842507
147.00000000000003	90.0	1.295059709721846
146.0	90.0	1.3451552269101799
145.0	90.0	1.3954522433295542
144.00000000000003	90.0	1.4451609100778067
143.0	90.0	1.4934857615494703
142.0	90.0	1.5396452334797568
140.99999999999997	90.0	1.5828903384830422
140.00000000000003	90.0	1.6225224990858582
139.00000000000003	90.0	1.6579102574192228
138.00000000000003	90.0	1.6885038786472308
137.0	90.0	1.713847707714324
136.0	90.0	1.7335895773233243
135.00000000000003	90.0	1.7474881096497312
134.00000000000003	90.0	1.7554158055285378
132.99999999999997	90.0	1.7573601677948925
131.99999999999997	90.0	1.7534208929324453
131.00000000000003	90.0	1.7438049564579585
130.00000000000003	90.0	1.7288180474487673
129.00000000000003	90.0	1.7088547393119966
128.0	90.0	1.6843855713669602
126.99999999999999	90.0	1.6559438495923993
126.00000000000003	90.0	1.624110060274809
125.00000000000004	90.0	1.58949670490952
123.99999999999997	90.0	1.5527327138490277
122.99999999999999	90.0	1.5144478599513225
122.0	90.0	1.4752585764040478
121.0	90.0	1.4357550383068995
120.00000000000001	90.0	1.3964888059243565
119.0	90.0	1.3579636975428113
118.00000000000001	90.0	1.3206273644156141
117.00000000000003	90.0	1.2848658144773506
116.00000000000004	90.0	1.2509997614866943
115.0	90.0	1.2192827995978328
114.00000000000001	90.0	1.1899021054483812
113.00000000000001	90.0	1.1629802635879543
112.00000000000003	90.0	1.1385796194232305
111.00000000000004	90.0	1.1167066321630086
110.0	90.0	1.0973184744445943
109.00000000000001	90.0	1.0803294915425976
108.00000000000003	90.0	1.0656183626656457
107.00000000000004	90.0	1.0530355430882634
106.0	90.0	1.042410706282748
105.0	90.0	1.033558501040059
104.00000000000001	90.0	1.02628571276653
103.00000000000001	90.0	1.0203965993520066
102.00000000000003	90.0	1.0156972441149097
100.99999999999999	90.0	1.0119994874945457
100.0	90.0	1.0091245779082572
99.00000000000001	90.0	1.0069044355096635
98.00000000000003	90.0	1.0051840392875664
96.99999999999999	90.0	1.0038221291538645
96.0	90.0	1.0026916271962982
95.0	90.0	1.0016801993487827
94.00000000000001	90.0	1.0006899745562405
93.00000000000003	90.0	0.9996375447746036
91.99999999999999	90.0	0.9984543862235599
91.0	90.0	0.9970869998041362
90.0	45.0	1.497455507027343
89.0	45.0	1.4855858683520198
88.0	45.0	1.4723616212572899
87.00000000000001	45.0	1.4580504016556022
86.0	45.0	1.4429298151077692
85.0	45.0	1.4272813988669182
84.0	45.0	1.4113861285158444
83.0	45.0	1.395519784186788
82.0	45.0	1.3799495805394486
81.0	45.0	1.364931077574171
80.0	45.0	1.3507049510275428
79.0	45.0	1.337495307361404
78.00000000000001	45.0	1.3255075774991085
77.0	45.0	1.3149275339024444
76.0	45.0	1.3059189034727319
75.0	45.0	1.298623507968403
74.0	45.0	1.2931592981588476
73.0	45.0	1.2896196517364988
72.0	45.0	1.2880725308113388
71.0	45.0	1.2885593585702362
70.0	45.0	1.2910937555187036
69.00000000000001	45.0	1.2956616798984808
68.0	45.0	1.3022193214237943
67.0	45.0	1.3106938033692712
66.0	45.0	1.3209821996468611
65.0	45.0	1.3329518156410005
64.0	45.0	1.3464407498789437
63.0	45.0	1.361259157789007
62.0	45.0	1.3771903750412278
61.0	45.0	1.3939938663166012
60.00000000000001	45.0	1.4114074719884007
59.00000000000001	45.0	1.4291516206496562
58.00000000000001	45.0	1.4469326991351374
57.00000000000001	45.0	1.4644485288070743
55.99999999999999	45.0	1.4813928589178023
55.00000000000001	45.0	1.4974615449833952
54.0	45.0	1.5123576038166398
53.00000000000001	45.0	1.5257972514830882
52.0	45.0	1.5375159412571096
51.00000000000001	45.0	1.5472731378196982
50.00000000000001	45.0	1.5548575127090316
49.00000000000001	45.0	1.560091437683112
48.0	45.0	1.5628343547417507
47.0	45.0	1.5629858653133832
46.00000000000001	45.0	1.5604871344308977
45.0	45.0	1.5553217332371292
44.0	45.0	1.5475154985672772
43.0	45.0	1.5371354096082452
42.0	45.0	1.5242869199645712
41.0	45.0	1.5091107280540261
40.00000000000001	45.0	1.491779407085634
39.0	45.0	1.4724917883563664
37.99999999999999	45.0	1.451469029558828
37.0	45.0	1.428948155572459
36.0	45.0	1.4051770034305606
35.0	45.0	1.3804084651994073
34.0	45.0	1.3548955733628558
33.0	45.0	1.3288864457893723
31.99999999999999	45.0	1.302619932786971
31.0	45.0	1.2763218258284832
30.000000000000004	45.0	1.2502024704526535
29.00000000000001	45.0	1.2244536770773229
28.000000000000007	45.0	1.1992485805818454
27.00000000000001	45.0	1.1747399552960969
25.999999999999996	45.0	1.151061057505971
25.000000000000004	45.0	1.128326046706127
24.000000000000004	45.0	1.1066315301933984
22.999999999999993	45.0	1.0860578268250363
21.999999999999996	45.0	1.0666713541176132
21.0	45.0	1.0485264536755983
20.00000000000001	45.0	1.0316672166199299
19.000000000000014	45.0	1.0161293090165902
18.00000000000001	45.0	1.0019415164700136
17.000000000000007	45.0	0.9891268674637473
15.999999999999995	45.0	0.9777029141956176
14.999999999999996	45.0	0.9676822942480587
14.0	45.0	0.9590723093353662
12.999999999999996	45.0	0.9518738019630358
12.000000000000018	45.0	0.9460803129222678
10.999999999999993	45.0	0.9416765366965579
10.000000000000012	45.0	0.9386366364507064
8.999999999999984	45.0	0.9369232611077398
7.999999999999981	45.0	0.9364850178324244
7.000000000000025	45.0	0.9372561911961003
6.000000000000026	45.0	0.9391559006711857
4.999999999999992	45.0	0.9420876793784302
4.000000000000042	45.0	0.9459404570099917
3.0000000000000444	45.0	0.9505899640052633
1.9999999999999472	45.0	0.9559002761442819
0.9999999999999002	45.0	0.9617277462400408
0.0	45.0	0.9679239529077248
0.9999999999999002	225.0	0.9743407555976838
1.9999999999999472	225.0	0.9808354900459895
3.0000000000000444	225.0	0.9872756020546612
4.000000000000042	225.0	0.9935452471180485
4.999999999999992	225.0	0.999549924203057
6.000000000000026	225.0	1.0052229349579485
6.9999999999999725	225.0	1.0105293154046542
7.999999999999981	225.0	1.0154699080486693
8.999999999999984	225.0	1.020084731901037
10.000000000000012	225.0	1.0244546674893389
10.999999999999993	225.0	1.0287011760225295
11.999999999999988	225.0	1.032985878138189
12.999999999999996	225.0	1.0375073242981234
14.0	225.0	1.0424965014257206
14.999999999999996	225.0	1.0482107949498984
15.999999999999995	225.0	1.0549266870908096
16.99999999999999	225.0	1.0629309105521372
17.999999999999986	225.0	1.072510619290311
18.999999999999996	225.0	1.0839428571958147
19.999999999999993	225.0	1.0974834651041574
21.0	225.0	1.1133559878068486
21.999999999999996	225.0	1.1317415639854513
23.00000000000001	225.0	1.152768535310468
24.000000000000004	225.0	1.1765036001336364
24.99999999999999	225.0	1.2029447926088004
26.000000000000007	225.0	1.2320160064061871
26.999999999999996	225.0	1.263563624690425
28.000000000000007	225.0	1.297355115944717
28.999999999999996	225.0	1.333081140234581
29.999999999999993	225.0	1.370358638394666
31.0	225.0	1.4087379933254656
31.99999999999999	225.0	1.4477113146306912
33.0	225.0	1.486723110353551
34.0	225.0	1.52518376706468
35.000000000000014	225.0	1.562483310785234
36.0	225.0	1.598007274173727
37.000000000000014	225.0	1.6311524232952808
37.99999999999999	225.0	1.6613434673139555
38.99999999999999	225.0	1.6880482235916723
40.00000000000001	225.0	1.7107941869629595
40.999999999999986	225.0	1.7291807460646405
42.0	225.0	1.7428922421710156
43.0	225.0	1.751707517589479
44.00000000000001	225.0	1.7555070769572323
45.0	225.0	1.7542782826918415
46.000000000000014	225.0	1.7481157762439832
47.0	225.0	1.7372218993501936
47.999999999999986	225.0	1.7219003752416504
49.00000000000001	225.0	1.7025506919408704
49.99999999999999	225.0	1.6796572901078464
51.00000000000001	225.0	1.6537779083806916
51.99999999999999	225.0	1.6255285586943014
53.000000000000014	225.0	1.5955686420165973
53.99999999999999	225.0	1.5645831153155338
55.000000000000014	225.0	1.5332660627019363
55.99999999999999	225.0	1.502301879473429
56.999999999999986	225.0	1.4723494049276031
58.00000000000001	225.0	1.4440249318345184
58.99999999999999	225.0	1.4178878838432807
60.00000000000001	225.0	1.3944278970644386
61.0	225.0	1.3740542887512908
62.000000000000014	225.0	1.3570872109921803
63.0	225.0	1.3437528765126872
64.00000000000001	225.0	1.3341797674008957
65.0	225.0	1.3283991967777273
65.99999999999999	225.0	1.3263475554782616
67.0	225.0	1.3278712266671264
68.0	225.0	1.3327337471352123
69.00000000000001	225.0	1.340625636530454
70.0	225.0	1.351174647841362
71.00000000000001	225.0	1.3639582645618722
72.0	225.0	1.3785166191089477
73.00000000000001	225.0	1.3943658324929262
74.0	225.0	1.411011775240615
74.99999999999999	225.0	1.4279624241425604
76.0	225.0	1.4447409210882298
77.0	225.0	1.4608963852198737
78.00000000000001	225.0	1.4760137421633066
79.0	225.0	1.4897222895004467
80.00000000000001	225.0	1.5017027176484465
81.0	225.0	1.5116913223871713
82.00000000000001	225.0	1.5194836557163451
83.0	225.0	1.5249356491962138
83.99999999999999	225.0	1.5279638947827088
85.0	225.0	1.528543257728544
86.0	225.0	1.526704068231562
87.00000000000001	225.0	1.5225281897424228
88.0	225.0	1.5161434022612978
89.00000000000001	225.0	1.5077183473048985
90.0	225.0	1.497455507027343
91.00000000000001	225.0	1.4855858683520198
92.0	225.0	1.4723616212572899
92.99999999999999	225.0	1.4580504016556022
94.0	225.0	1.4429298151077692
95.0	225.0	1.4272813988669182
96.00000000000001	225.0	1.4113861285158444
97.0	225.0	1.395519784186788
98.00000000000001	225.0	1.3799495805394486
99.0	225.0	1.364931077574171
100.00000000000001	225.0	1.3507049510275428
101.0	225.0	1.337495307361404
102.00000000000001	225.0	1.3255075774991085
103.0	225.0	1.3149275339024444
104.0	225.0	1.3059189034727319
105.00000000000001	225.0	1.298623507968403
106.0	225.0	1.2931592981588476
107.00000000000001	225.0	1.2896196517364988
108.0	225.0	1.2880725308113388
109.00000000000001	225.0	1.2885593585702362
110.0	225.0	1.2910937555187036
111.00000000000001	225.0	1.2956616798984808
112.0	225.0	1.3022193214237943
113.0	225.0	1.3106938033692712
114.00000000000001	225.0	1.3209821996468611
115.0	225.0	1.3329518156410005
116.00000000000001	225.0	1.3464407498789437
117.0	225.0	1.361259157789007
118.00000000000001	225.0	1.3771903750412278
119.0	225.0	1.3939938663166012
120.00000000000001	225.0	1.4114074719884007
121.0	225.0	1.4291516206496562
122.0	225.0	1.4469326991351374
123.00000000000001	225.0	1.4644485288070743
124.0	225.0	1.4813928589178023
125.00000000000001	225.0	1.4974615449833952
126.0	225.0	1.5123576038166398
127.00000000000001	225.0	1.5257972514830882
128.0	225.0	1.5375159412571096
129.00000000000003	225.0	1.5472731378196982
130.0	225.0	1.5548575127090316
131.0	225.0	1.560091437683112
132.0	225.0	1.5628343547417507
133.0	225.0	1.5629858653133832
134.0	225.0	1.5604871344308977
135.0	225.0	1.5553217332371292
136.0	225.0	1.5475154985672772
137.0	225.0	1.5371354096082452
138.00000000000003	225.0	1.5242869199645712
139.0	225.0	1.5091107280540261
140.0	225.0	1.491779407085634
140.99999999999997	225.0	1.4724917883563664
142.00000000000003	225.0	1.451469029558828
143.0	225.0	1.428948155572459
144.0	225.0	1.4051770034305606
145.0	225.0	1.3804084651994073
146.00000000000003	225.0	1.3548955733628558
147.00000000000003	225.0	1.3288864457893723
148.0	225.0	1.302619932786971
149.0	225.0	1.2763218258284832
149.99999999999997	225.0	1.2502024704526535
151.00000000000003	225.0	1.2244536770773229
152.0	225.0	1.1992485805818454
153.0	225.0	1.1747399552960969
154.0	225.0	1.151061057505971
155.00000000000003	225.0	1.128326046706127
156.00000000000003	225.0	1.1066315301933984
157.0	225.0	1.0860578268250363
158.0	225.0	1.0666713541176132
158.99999999999997	225.0	1.0485264536755983
160.00000000000003	225.0	1.0316672166199299
161.0	225.0	1.0161293090165902
162.0	225.0	1.0019415164700136
163.0	225.0	0.9891268674637473
164.00000000000003	225.0	0.9777029141956176
165.00000000000003	225.0	0.9676822942480587
166.0	225.0	0.9590723093353662
167.0	225.0	0.9518738019630358
167.99999999999997	225.0	0.9460803129222678
169.00000000000003	225.0	0.9416765366965579
169.99999999999997	225.0	0.9386366364507064
170.99999999999997	225.0	0.9369232611077398
172.0	225.0	0.9364850178324244
173.00000000000003	225.0	0.9372561911961003
174.00000000000003	225.0	0.9391559006711857
175.0	225.0	0.9420876793784302
175.99999999999997	225.0	0.9459404570099917
176.99999999999994	225.0	0.9505899640052633
178.00000000000006	225.0	0.9559002761442819
179.0000000000001	225.0	0.9617277462400408
180.0	225.0	0.9679239529077248
179.0000000000001	45.0	0.9743407555976838
178.00000000000006	45.0	0.9808354900459895
176.99999999999994	45.0	0.9872756020546612
176.00000000000006	45.0	0.9935452471180485
175.0	45.0	0.999549924203057
174.00000000000003	45.0	1.0052229349579485
172.99999999999997	45.0	1.0105293154046542
172.0	45.0	1.0154699080486693
171.00000000000003	45.0	1.020084731901037
170.00000000000003	45.0	1.0244546674893389
168.99999999999997	45.0	1.0287011760225295
167.99999999999997	45.0	1.032985878138189
167.00000000000003	45.0	1.0375073242981234
166.00000000000003	45.0	1.0424965014257206
165.00000000000003	45.0	1.0482107949498984
163.99999999999997	45.0	1.0549266870908096
163.0	45.0	1.0629309105521372
162.00000000000003	45.0	1.072510619290311
161.00000000000003	45.0	1.0839428571958147
160.0	45.0	1.0974834651041574
159.0	45.0	1.1133559878068486
158.00000000000003	45.0	1.1317415639854513
157.00000000000003	45.0	1.152768535310468
156.00000000000003	45.0	1.1765036001336364
154.99999999999997	45.0	1.2029447926088004
154.0	45.0	1.2320160064061871
153.00000000000003	45.0	1.263563624690425
152.0	45.0	1.297355115944717
150.99999999999997	45.0	1.333081140234581
150.0	45.0	1.370358638394666
149.0	45.0	1.4087379933254656
148.0	45.0	1.4477113146306912
147.00000000000003	45.0	1.486723110353551
146.0	45.0	1.52518376706468
145.0	45.0	1.562483310785234
144.00000000000003	45.0	1.598007274173727
143.0	45.0	1.6311524232952808
142.0	45.0	1.6613434673139555
140.99999999999997	45.0	1.6880482235916723
140.00000000000003	45.0	1.7107941869629595
139.00000000000003	45.0	1.7291807460646405
138.00000000000003	45.0	1.7428922421710156
137.0	45.0	1.751707517589479
136.0	45.0	1.7555070769572323
135.00000000000003	45.0	1.7542782826918415
134.00000000000003	45.0	1.7481157762439832
132.99999999999997	45.0	1.7372218993501936
131.99999999999997	45.0	1.7219003752416504
131.00000000000003	45.0	1.7025506919408704
130.00000000000003	45.0	1.6796572901078464
129.00000000000003	45.0	1.6537779083806916
128.0	45.0	1.6255285586943014
126.99999999999999	45.0	1.5955686420165973
126.00000000000003	45.0	1.5645831153155338
125.00000000000004	45.0	1.5332660627019363
123.99999999999997	45.0	1.502301879473429
122.99999999999999	45.0	1.4723494049276031
122.0	45.0	1.4440249318345184
121.0	45.0	1.4178878838432807
120.00000000000001	45.0	1.3944278970644386
119.0	45.0	1.3740542887512908
118.00000000000001	45.0	1.3570872109921803
117.00000000000003	45.0	1.3437528765126872
116.00000000000004	45.0	1.3341797674008957
115.0	45.0	1.3283991967777273
114.00000000000001	45.0	1.3263475554782616
113.00000000000001	45.0	1.3278712266671264
112.00000000000003	45.0	1.3327337471352123
111.00000000000004	45.0	1.340625636530454
110.0	45.0	1.351174647841362
109.00000000000001	45.0	1.3639582645618722
108.00000000000003	45.0	1.3785166191089477
107.00000000000004	45.0	1.3943658324929262
106.0	45.0	1.411011775240615
105.0	45.0	1.4279624241425604
104.00000000000001	45.0	1.4447409210882298
103.00000000000001	45.0	1.4608963852198737
102.00000000000003	45.0	1.4760137421633066
100.99999999999999	45.0	1.4897222895004467
100.0	45.0	1.5017027176484465
99.00000000000001	45.0	1.5116913223871713
98.00000000000003	45.0	1.5194836557163451
96.99999999999999	45.0	1.5249356491962138
96.0	45.0	1.5279638947827088
95.0	45.0	1.528543257728544
94.00000000000001	45.0	1.526704068231562
93.00000000000003	45.0	1.5225281897424228
91.99999999999999	45.0	1.5161434022612978
91.0	45.0	1.5077183473048985
90.0	0.0	1.5377859642684621
89.29291116952395	0.7071426817872533	1.538844432006151
88.58593006627854	1.4145007934175506	1.5382476572800727
87.87916453235917	2.122289895867879	1.5358789530790808
87.1727226397129	2.8307258121018455	1.5316801865239766
86.4667128053692	3.540024757356371	1.5256548680543252
85.76124390703504	4.250403468570711	1.5178702576921947
85.05642539917308	4.962079332655645	1.5084562417014964
84.3523674296794	5.675270513286652	1.4976044900824887
83.64918095727445	6.390196075887154	1.4855638227915504
82.94697786971682	7.107076110446535	1.4726347334554597
82.24587110294536	7.826131851792348	1.459162087657099
81.54597476125012	8.547585796906942	1.445525855375001
80.84740423856572	9.271661818845425	1.4321305796646566
80.15027634097487	9.998585276774412	1.4193940028343197
79.45470941050044	10.728583121609057	1.4077335863570801
78.76082345025607	11.461883996679509	1.3975545753763408
78.0687402510143	12.198718332806749	1.3892352548596443
77.37858351923944	12.939318437111838	1.383115154521733
76.69047900661849	13.683918574821595	1.3794818495717858
76.00455464110858	14.432755043267381	1.3785593060540602
75.32094065950206	15.186066237202516	1.3804987537050233
74.63976974149092	15.944092704486447	1.3853701204808135
73.96117714519126	16.707077191101824	1.3931558541836049
73.28530084406378	17.47526467438212	1.403748254527538
72.61228166514054	18.2489023832344	1.4169479285453117
71.94226342843773	19.028239804042187	1.4324665989398342
71.27539308740191	19.813528670829413	1.4499311761941198
70.61182087020094	20.605022938156644	1.4688924644614099
69.95170042163069	21.402978735106455	1.4888344291256248
69.29518894536457	22.207654298596484	1.5091883789772076
68.64244734622547	23.019309884136224	1.5293467271362193
67.99364037210603	23.838207652018653	1.5486805432501647
67.34893675510656	24.664611526811417	1.5665566844390704
66.70850935139694	25.498787027884514	1.5823573133394673
66.07253527924108	26.34100106858589	1.5954981523901288
65.44119605454999	27.191521721553002	1.605446457282645
64.81467772324949	28.05061794753063	1.6117389904119974
64.19317098966519	28.918559284955432	1.613997045557895
63.57687134003648	29.79561549746857	1.6119399279727076
62.965979160175145	30.68205617643342	1.605395766535324
62.36069984618289	31.5781502954692	1.5943086750478677
61.761243907035045	32.484165713968785	1.5787438072686675
61.16782705772538	33.400368626554155	1.5588866548243472
60.58067030155157	34.32702295544232	1.5350412217812497
59.99999999999999	35.264389682754654	1.5076225825135607
59.42604792856702	36.212726119908915	1.4771460695494465
58.8590513167294	37.17228511139536	1.4442150572413681
58.29925287015328	38.143314170462425	1.4095029883155066
57.74690077310915	39.12605454453247	1.3737359620915215
57.20224866894282	40.12074020854298	1.3376713910099927
56.66555561634145	41.12759678487194	1.302076235907118
56.13708601903233	42.14684038906587	1.267705381706991
55.61710952646371	43.178676401255004	1.2352797322787137
55.10590090294487	44.223298163918535	1.2054650073814248
54.60373986267208	45.28088560756104	1.178852365037898
54.11091086804023	46.3516038068849	1.1559425343477088
53.62770288864506	47.435601471194154	1.1371306503883123
53.154409118419395	48.53300937404573	1.1226964249842608
52.691326648427214	49.643938728569864	1.1127965641577438
52.23875609296496	50.76847951640774	1.107462381029682
51.79700116679687	51.90669877984987	1.1066003574900598
51.36636821158484	53.05863888848747	1.1099970588133148
50.94716566986906	54.22431579349069	1.117328401218791
50.539703505316	55.40371728447302	1.1281713065300945
50.14429256838126	56.59680126575802	1.1420195693619282
49.76124390703504	57.80349407069134	1.158301409317918
49.390868022772075	59.02368883439022	1.1763994102873423
49.03347407277117	60.25724394694163	1.1956708809946104
48.68936901978189	61.503981610489745	1.215470181394897
48.35885673209022	62.76368652482927	1.2351692236412022
48.04223703674405	64.03610472697835	1.2541776922162482
47.73980473009234	65.32094261067617	1.271961298218216
47.45184855059514	66.61786615176922	1.288058489053078
47.178650119779434	67.92650036495783	1.3020928051818657
46.920482858129056	69.2464290163152	1.313783551856948
46.677610883583455	70.57719461432482	1.3229512754077541
46.450287901158305	71.91829869987819	1.329520992845172
46.23875609296496	73.2692024527246	1.3335205068505573
46.043245018569806	74.62932762827676	1.3350752103251784
45.86397053617525	75.99805783448308	1.3343992400825098
45.701133755495384	77.37474015373697	1.3317846646943738
45.554920033420714	78.7586871095844	1.327585757721687
45.42549802359849	80.14917897242118	1.3222035517803736
45.31301879088406	81.5454663925662	1.3160673034204629
45.21761500123496	82.94677334320139	1.3096155367524347
45.1394001970194	84.35230034984485	1.303278210414231
45.07846816689916	85.76122797743554	1.2974573399448546
45.03489241843145	87.17272054092642	1.2925111305975352
45.00872576033472	88.58593000067151	1.2887386718232248
45.0	90.0	1.2863680017760766
45.00872576033472	91.41406999932849	1.2855462780826623
45.03489241843145	92.82727945907358	1.2863344419738336
45.07846816689916	94.23877202256445	1.2887041290979033
45.1394001970194	95.64769965015516	1.292539073696474
45.21761500123496	97.05322665679864	1.297640023219826
45.31301879088406	98.45453360743382	1.3037317592060504
45.42549802359848	99.85082102757882	1.310475734863483
45.554920033420714	101.2413128904156	1.317482010565225
45.701133755495384	102.62525984626303	1.3243266656293864
45.86397053617525	104.00194216551692	1.330567665505922
46.043245018569806	105.37067237172324	1.3357640989854465
46.238756092964955	106.73079754727539	1.3394937303970618
46.450287901158305	108.08170130012182	1.3413715347292607
46.677610883583455	109.42280538567519	1.3410654243991782
46.920482858129056	110.7535709836848	1.338312116439427
47.178650119779434	112.07349963504215	1.332929067992618
47.45184855059512	113.38213384823077	1.3248241651245618
47.73980473009234	114.67905738932384	1.3140030245385623
48.04223703674405	115.96389527302166	1.3005716615094878
48.3588567320902	117.23631347517073	1.284736068631022
48.68936901978189	118.49601838951025	1.26679926704643
49.03347407277117	119.74275605305839	1.2471533026463502
49.39086802277208	120.9763111656098	1.2262694168380097
49.76124390703504	122.19650592930867	1.2046847068748796
50.14429256838125	123.40319873424197	1.1829871011753335
50.539703505316005	124.59628271552698	1.1617976667072412
50.94716566986905	125.77568420650928	1.141752635537393
51.36636821158484	126.94136111151253	1.1234837463699363
51.79700116679685	128.09330122015012	1.107599849843054
52.23875609296496	129.23152048359225	1.0946678117377284
52.691326648427214	130.35606127143015	1.0851959437029965
53.154409118419395	131.46699062595425	1.079617855233947
53.62770288864506	132.56439852880584	1.0782800969244533
54.11091086804023	133.64839619311508	1.0814305058078164
54.60373986267208	134.71911439243897	1.0892116057303818
55.10590090294487	135.7767018360815	1.1016558331537316
55.617109526463715	136.821323598745	1.1186839925612757
56.13708601903233	137.8531596109341	1.1401072223044082
56.66555561634144	138.87240321512806	1.1656327517233942
57.20224866894282	139.879259791457	1.1948709220265001
57.74690077310915	140.87394545546752	1.227346981366933
58.29925287015328	141.85668582953758	1.2625124586670315
58.8590513167294	142.82771488860465	1.2997611712226822
59.42604792856702	143.7872738800911	1.3384442493846598
59.99999999999999	144.73561031724535	1.37788754833887
60.58067030155157	145.6729770445577	1.417408357798679
61.16782705772538	146.59963137344585	1.4563323925324096
61.76124390703503	147.5158342860312	1.4940103616380886
62.36069984618289	148.4218497045308	1.5298331336423687
62.96597916017513	149.31794382356657	1.5632452165884578
63.57687134003648	150.20438450253144	1.5937568339482238
64.19317098966519	151.08144071504458	1.6209537538529768
64.81467772324949	151.9493820524694	1.644505012060513
65.44119605454999	152.808478278447	1.6641679669880887
66.0725352792411	153.65899893141415	1.679790967646488
66.70850935139694	154.5012129721155	1.6913139153103556
67.34893675510656	155.3353884731886	1.698766438089621
67.99364037210603	156.16179234798136	1.7022633975668573
68.64244734622547	156.98069011586378	1.7019992720939743
69.29518894536457	157.79234570140352	1.6982404338251764
69.95170042163069	158.59702126489356	1.691315459903764
70.61182087020094	159.39497706184335	1.681605443648931
71.2753930874019	160.1864713291706	1.6695323398964106
71.94226342843773	160.9717601959578	1.6555477315918656
72.61228166514054	161.7510976167656	1.6401207538787854
73.28530084406377	162.52473532561788	1.6237261586039624
73.96117714519126	163.29292280889817	1.6068330809108857
74.63976974149092	164.05590729551355	1.5898943675034622
75.32094065950206	164.8139337627975	1.5733357644921546
76.00455464110858	165.56724495673262	1.5575477731741925
76.6904790066185	166.31608142517842	1.5428775058137794
77.37858351923944	167.06068156288816	1.5296215243453806
78.0687402510143	167.80128166719328	1.5180213470110793
78.76082345025605	168.5381160033205	1.5082592358330993
79.45470941050044	169.27141687839094	1.500455949932482
80.15027634097487	170.0014147232256	1.4946699030235922
80.84740423856572	170.72833818115458	1.4908975846668644
81.54597476125012	171.45241420309307	1.4890756665325429
82.24587110294536	172.17386814820765	1.489084512840247
82.94697786971682	172.8929238895535	1.4907521120512839
83.64918095727445	173.60980392411287	1.4938606764950302
84.3523674296794	174.32472948671335	1.4981525399074025
85.05642539917308	175.03792066734437	1.503338582485814
85.76124390703502	175.7495965314293	1.5091062346913826
86.4667128053692	176.45997524264365	1.515128183139052
87.17272263971289	177.16927418789817	1.5210724806635394
87.87916453235917	177.87771010413212	1.5266115330446242
88.58593006627854	178.58549920658245	1.5314315069851805
89.29291116952395	179.29285731821275	1.535242440177125
90.0	180.0	1.5377859642684621
90.70708883047607	180.70714268178725	1.538844432006151
91.41406993372146	181.41450079341755	1.5382476572800727
92.12083546764083	182.12228989586788	1.5358789530790808
92.82727736028711	182.83072581210183	1.5316801865239766
93.5332871946308	183.54002475735635	1.5256548680543252
94.23875609296496	184.2504034685707	1.5178702576921947
94.94357460082692	184.96207933265563	1.5084562417014964
95.64763257032061	185.67527051328665	1.4976044900824887
96.35081904272555	186.39019607588713	1.4855638227915504
97.05302213028318	187.1070761104465	1.4726347334554597
97.75412889705464	187.82613185179233	1.459162087657099
98.45402523874989	188.54758579690696	1.445525855375001
99.15259576143428	189.27166181884542	1.4321305796646566
99.84972365902512	189.9985852767744	1.4193940028343197
100.54529058949956	190.72858312160906	1.4077335863570801
101.23917654974393	191.4618839966795	1.3975545753763408
101.93125974898571	192.19871833280675	1.3892352548596443
102.62141648076054	192.93931843711184	1.383115154521733
103.30952099338153	193.68391857482158	1.3794818495717858
103.99544535889142	194.43275504326738	1.3785593060540602
104.67905934049796	195.18606623720254	1.3804987537050233
105.36023025850908	195.94409270448645	1.3853701204808135
106.03882285480874	196.7070771911018	1.3931558541836049
106.71469915593623	197.4752646743821	1.403748254527538
107.38771833485946	198.2489023832344	1.4169479285453117
108.05773657156229	199.0282398040422	1.4324665989398342
108.7246069125981	199.8135286708294	1.4499311761941198
109.38817912979906	200.60502293815665	1.4688924644614099
110.04829957836931	201.40297873510644	1.4888344291256248
110.70481105463544	202.20765429859648	1.5091883789772076
111.35755265377453	203.01930988413622	1.5293467271362193
112.00635962789397	203.83820765201864	1.5486805432501647
112.65106324489344	204.6646115268114	1.5665566844390704
113.29149064860306	205.49878702788448	1.5823573133394673
113.92746472075892	206.34100106858588	1.5954981523901288
114.55880394545001	207.191521721553	1.605446457282645
115.18532227675053	208.05061794753064	1.6117389904119974
115.8068290103348	208.91855928495542	1.613997045557895
116.42312865996352	209.79561549746856	1.6119399279727076
117.03402083982486	210.68205617643343	1.605395766535324
117.63930015381712	211.5781502954692	1.5943086750478677
118.23875609296496	212.48416571396876	1.5787438072686675
118.83217294227461	213.40036862655413	1.5588866548243472
119.41932969844842	214.32702295544232	1.5350412217812497
120.00000000000001	215.26438968275463	1.5076225825135607
120.573952071433	216.2127261199089	1.4771460695494465
121.14094868327061	217.17228511139535	1.4442150572413681
121.70074712984672	218.14331417046245	1.4095029883155066
122.25309922689084	219.12605454453248	1.3737359620915215
122.79775133105717	220.12074020854297	1.3376713910099927
123.33444438365854	221.1275967848719	1.302076235907118
123.86291398096766	222.1468403890659	1.267705381706991
124.38289047353629	223.17867640125502	1.2352797322787137
124.89409909705513	224.2232981639185	1.2054650073814248
125.39626013732791	225.28088560756103	1.178852365037898
125.88908913195978	226.35160380688492	1.1559425343477088
126.37229711135494	227.43560147119416	1.1371306503883123
126.84559088158062	228.53300937404572	1.1226964249842608
127.30867335157278	229.64393872856982	1.1127965641577438
127.76124390703504	230.7684795164077	1.107462381029682
128.20299883320317	231.90669877984988	1.1066003574900598
128.6336317884152	233.05863888848748	1.1099970588133148
129.05283433013093	234.2243157934907	1.117328401218791
129.460296494684	235.40371728447298	1.1281713065300945
129.85570743161875	236.59680126575802	1.1420195693619282
130.23875609296496	237.80349407069136	1.158301409317918
130.60913197722795	239.0236888343902	1.1763994102873423
130.96652592722884	240.25724394694157	1.1956708809946104
131.31063098021812	241.50398161048972	1.215470181394897
131.6411432679098	242.7636865248293	1.2351692236412022
131.95776296325596	244.03610472697835	1.2541776922162482
132.26019526990768	245.32094261067616	1.271961298218216
132.54815144940486	246.6178661517692	1.288058489053078
132.8213498802206	247.92650036495786	1.3020928051818657
133.07951714187095	249.2464290163152	1.313783551856948
133.32238911641656	250.5771946143248	1.3229512754077541
133.5497120988417	251.91829869987816	1.329520992845172
133.76124390703504	253.26920245272458	1.3335205068505573
133.9567549814302	254.62932762827677	1.3350752103251784
134.13602946382477	255.99805783448306	1.3343992400825098
134.2988662445046	257.374740153737	1.3317846646943738
134.44507996657927	258.75868710958434	1.327585757721687
134.57450197640154	260.14917897242117	1.3222035517803736
134.68698120911597	261.5454663925662	1.3160673034204629
134.78238499876502	262.94677334320136	1.3096155367524347
134.8605998029806	264.3523003498448	1.303278210414231
134.92153183310086	265.7612279774355	1.2974573399448546
134.96510758156856	267.17272054092643	1.2925111305975352
134.99127423966527	268.5859300006715	1.2887386718232248
135.0	270.0	1.2863680017760766
134.99127423966527	271.4140699993285	1.2855462780826623
134.96510758156856	272.82727945907357	1.2863344419738336
134.92153183310086	274.2387720225645	1.2887041290979033
134.8605998029806	275.6476996501551	1.292539073696474
134.78238499876502	277.0532266567986	1.297640023219826
134.68698120911597	278.45453360743375	1.3037317592060504
134.57450197640154	279.85082102757883	1.310475734863483
134.44507996657927	281.2413128904156	1.317482010565225
134.2988662445046	282.625259846263	1.3243266656293864
134.13602946382477	284.0019421655169	1.330567665505922
133.9567549814302	285.37067237172323	1.3357640989854465
133.76124390703504	286.7307975472754	1.3394937303970618
133.5497120988417	288.08170130012184	1.3413715347292607
133.32238911641656	289.42280538567513	1.3410654243991782
133.07951714187095	290.75357098368477	1.338312116439427
132.82134988022057	292.0734996350422	1.332929067992618
132.54815144940488	293.38213384823075	1.3248241651245618
132.26019526990768	294.6790573893238	1.3140030245385623
131.95776296325596	295.9638952730216	1.3005716615094878
131.6411432679098	297.23631347517073	1.284736068631022
131.31063098021812	298.49601838951025	1.26679926704643
130.96652592722884	299.7427560530584	1.2471533026463502
130.60913197722795	300.9763111656098	1.2262694168380097
130.23875609296496	302.1965059293086	1.2046847068748796
129.85570743161873	303.403198734242	1.1829871011753335
129.46029649468403	304.59628271552697	1.1617976667072412
129.05283433013096	305.7756842065093	1.141752635537393
128.6336317884152	306.9413611115125	1.1234837463699363
128.20299883320317	308.0933012201501	1.107599849843054
127.76124390703505	309.23152048359225	1.0946678117377284
127.3086733515728	310.3560612714301	1.0851959437029965
126.84559088158062	311.4669906259543	1.079617855233947
126.37229711135495	312.5643985288058	1.0782800969244533
125.88908913195978	313.6483961931151	1.0814305058078164
125.39626013732794	314.71911439243894	1.0892116057303818
124.89409909705515	315.77670183608143	1.1016558331537316
124.38289047353632	316.821323598745	1.1186839925612757
123.86291398096766	317.85315961093414	1.1401072223044082
123.33444438365856	318.8724032151281	1.1656327517233942
122.7977513310572	319.879259791457	1.1948709220265001
122.25309922689087	320.8739454554675	1.227346981366933
121.70074712984675	321.8566858295375	1.2625124586670315
121.14094868327061	322.82771488860465	1.2997611712226822
120.57395207143298	323.7872738800911	1.3384442493846598
120.00000000000001	324.73561031724535	1.37788754833887
119.41932969844845	325.6729770445577	1.417408357798679
118.83217294227461	326.59963137344585	1.4563323925324096
118.23875609296496	327.51583428603124	1.4940103616380886
117.63930015381712	328.4218497045308	1.5298331336423687
117.03402083982486	329.31794382356657	1.5632452165884578
116.42312865996352	330.2043845025314	1.5937568339482238
115.8068290103348	331.08144071504455	1.6209537538529768
115.18532227675053	331.9493820524694	1.644505012060513
114.55880394545002	332.808478278447	1.6641679669880887
113.92746472075895	333.6589989314141	1.679790967646488
113.29149064860304	334.5012129721155	1.6913139153103556
112.65106324489344	335.3353884731886	1.698766438089621
112.00635962789399	336.16179234798136	1.7022633975668573
111.35755265377455	336.98069011586375	1.7019992720939743
110.70481105463546	337.79234570140346	1.6982404338251764
110.04829957836931	338.59702126489356	1.691315459903764
109.38817912979906	339.39497706184335	1.681605443648931
108.7246069125981	340.18647132917056	1.6695323398964106
108.05773657156229	340.9717601959578	1.6555477315918656
107.38771833485946	341.7510976167656	1.6401207538787854
106.71469915593623	342.5247353256179	1.6237261586039624
106.03882285480876	343.2929228088982	1.6068330809108857
105.36023025850909	344.0559072955135	1.5898943675034622
104.67905934049797	344.8139337627975	1.5733357644921546
103.99544535889142	345.5672449567326	1.5575477731741925
103.30952099338151	346.3160814251784	1.5428775058137794
102.62141648076056	347.06068156288813	1.5296215243453806
101.93125974898572	347.8012816671932	1.5180213470110793
101.23917654974393	348.5381160033205	1.5082592358330993
100.54529058949956	349.27141687839094	1.500455949932482
99.84972365902513	350.0014147232256	1.4946699030235922
99.15259576143428	350.7283381811546	1.4908975846668644
98.4540252387499	351.45241420309304	1.4890756665325429
97.75412889705464	352.17386814820765	1.489084512840247
97.05302213028318	352.89292388955346	1.4907521120512839
96.35081904272556	353.60980392411284	1.4938606764950302
95.64763257032062	354.32472948671335	1.4981525399074025
94.94357460082692	355.03792066734434	1.503338582485814
94.23875609296496	355.7495965314293	1.5091062346913826
93.53328719463082	356.4599752426436	1.515128183139052
92.82727736028713	357.16927418789817	1.5210724806635394
92.12083546764086	357.8777101041321	1.5266115330446242
91.41406993372146	358.5854992065825	1.5314315069851805
90.70708883047607	359.2928573182127	1.535242440177125
90.0	90.0	0.9889691785184801
89.29291116952395	89.29285731821274	0.9848373911502792
88.58593006627854	88.58549920658245	0.982249354685256
87.87916453235917	87.87771010413212	0.9811500254310285
87.1727226397129	87.16927418789815	0.9814781813215802
86.4667128053692	86.45997524264364	0.9831700727744077
85.76124390703504	85.74959653142929	0.9861619502070078
85.05642539917308	85.03792066734437	0.9903916086302856
84.3523674296794	84.32472948671335	0.9957995109892158
83.64918095727445	83.60980392411285	1.0023285073276775
82.94697786971682	82.89292388955346	1.0099227114477936
82.24587110294536	82.17386814820766	1.0185262371516859
81.54597476125012	81.45241420309306	1.0280808111425732
80.84740423856572	80.72833818115458	1.0385231050907
80.15027634097487	80.0014147232256	1.0497823485344322
79.45470941050044	79.27141687839094	1.061777801363771
78.76082345025607	78.5381160033205	1.0744166475566137
78.0687402510143	77.80128166719327	1.087592591002927
77.37858351923944	77.06068156288816	1.1011852938344167
76.69047900661849	76.31608142517841	1.1150602360069455
76.00455464110858	75.56724495673262	1.1290709619818553
75.32094065950206	74.81393376279749	1.1430611869897045
74.63976974149092	74.05590729551355	1.1568680266346691
73.96117714519126	73.29292280889818	1.1703274731802653
73.28530084406378	72.52473532561788	1.1832790293295727
72.61228166514054	71.7510976167656	1.1955721674340378
71.94226342843773	70.97176019595781	1.2070725078671056
71.27539308740191	70.18647132917059	1.2176686994857693
70.61182087020094	69.39497706184336	1.2272783171690385
69.95170042163069	68.59702126489356	1.2358530572684967
69.29518894536457	67.79234570140352	1.2433840734764396
68.64244734622547	66.98069011586378	1.2499054872654405
67.99364037210603	66.16179234798135	1.2554952303938465
67.34893675510656	65.33538847318859	1.260276729916768
66.70850935139694	64.50121297211548	1.2644160998344298
66.07253527924108	63.65899893141411	1.2681193327405154
65.44119605454999	62.808478278447	1.271626823536447
64.81467772324949	61.94938205246937	1.2752062081346733
64.19317098966519	61.081440715044565	1.2791433767333813
63.57687134003648	60.20438450253143	1.2837330658384625
62.965979160175145	59.31794382356658	1.2892673440217388
62.36069984618289	58.4218497045308	1.2960243785143537
61.761243907035045	57.515834286031215	1.3042569209649995
61.16782705772538	56.59963137344585	1.3141805123629773
60.58067030155157	55.67297704455769	1.3259633729722498
59.99999999999999	54.735610317245346	1.3397174156061542
59.42604792856702	53.787273880091085	1.3554902418251948
58.8590513167294	52.827714888604646	1.3732595252337372
58.29925287015328	51.85668582953758	1.3929309052162688
57.74690077310915	50.87394545546753	1.4143363019264104
57.20224866894282	49.87925979145702	1.4372364438033998
56.66555561634145	48.87240321512806	1.4613260630226501
56.13708601903233	47.85315961093413	1.4862406355397146
55.61710952646371	46.821323598745	1.5115663507386512
55.10590090294487	45.776701836081465	1.536852468179293
54.60373986267208	44.71911439243896	1.5616236743445162
54.11091086804023	43.6483961931151	1.5853959498270753
53.62770288864506	42.564398528805846	1.607691172758195
53.154409118419395	41.46699062595427	1.6280531264119866
52.691326648427214	40.356061271430136	1.646062102634038
52.23875609296496	39.23152048359226	1.661348943599677
51.79700116679687	38.09330122015014	1.6736078198139863
51.36636821158484	36.941361111512535	1.6826061997601687
50.94716566986906	35.77568420650932	1.6881927132841748
50.539703505316	34.59628271552699	1.690302347045257
50.14429256838126	33.40319873424199	1.688958410362129
49.76124390703504	32.19650592930866	1.6842718331250488
49.390868022772075	30.976311165609783	1.6764365320155976
49.03347407277117	29.742756053058372	1.6657225300451268
48.68936901978189	28.496018389510258	1.652466548576728
48.35885673209022	27.236313475170732	1.63705965057796
48.04223703674405	25.963895273021652	1.6199334796977565
47.73980473009234	24.679057389323834	1.6015455164202494
47.45184855059514	23.382133848230776	1.5823625087900237
47.178650119779434	22.07349963504216	1.5628453073131938
46.920482858129056	20.753570983684796	1.5434329977705714
46.677610883583455	19.422805385675183	1.5245289998769849
46.450287901158305	18.08170130012181	1.5064884296988468
46.23875609296496	16.730797547275397	1.489607568335457
46.043245018569806	15.370672371723243	1.474116560204708
45.86397053617525	14.001942165516926	1.460174077174945
45.701133755495384	12.625259846263035	1.447865914389141
45.554920033420714	11.241312890415616	1.437205973187974
45.42549802359849	9.850821027578828	1.4281406140548882
45.31301879088406	8.454533607433808	1.4205559583303897
45.21761500123496	7.053226656798624	1.414287155772498
45.1394001970194	5.647699650155149	1.4091303200512686
45.07846816689916	4.238772022564465	1.4048553067488088
45.03489241843145	2.8272794590735852	1.4012203167878703
45.00872576033472	1.414069999328503	1.3979857977725259
45.0	4.961562726608714e-15	1.3949293282519268
45.00872576033472	358.5859300006715	1.3918579744675714
45.03489241843145	357.17272054092643	1.3886206471005749
45.07846816689916	355.76122797743557	1.3851175092497041
45.1394001970194	354.3523003498448	1.3813072781456723
45.21761500123496	352.94677334320136	1.3772112972610362
45.31301879088406	351.5454663925662	1.3729152213211855
45.42549802359848	350.14917897242117	1.3685670504581877
45.554920033420714	348.7586871095844	1.364372075177814
45.701133755495384	347.374740153737	1.3605852938100775
45.86397053617525	345.99805783448306	1.357501162025705
46.043245018569806	344.62932762827677	1.3554406744185348
46.238756092964955	343.26920245272464	1.3547369014945103
46.450287901158305	341.91829869987816	1.3557201054079222
46.677610883583455	340.5771946143248	1.3587017323569919
46.920482858129056	339.2464290163152	1.3639585453970373
47.178650119779434	337.92650036495786	1.3717175997591333
47.45184855059512	336.61786615176925	1.3821437456852603
47.73980473009234	335.3209426106762	1.395327692933782
48.04223703674405	334.03610472697835	1.4112775857244895
48.3588567320902	332.76368652482927	1.4299132456177148
48.68936901978189	331.50398161048975	1.4510640652505904
49.03347407277117	330.2572439469416	1.474469570007381
49.39086802277208	329.0236888343902	1.4997843326348745
49.76124390703504	327.80349407069133	1.526585555791842
50.14429256838125	326.596801265758	1.5543841650380648
50.539703505316005	325.40371728447303	1.582638008087098
50.94716566986905	324.2243157934907	1.6107677219931071
51.36636821158484	323.05863888848745	1.6381747066014396
51.79700116679685	321.9066987798499	1.6642590979992
52.23875609296496	320.76847951640775	1.6884385844713188
52.691326648427214	319.6439387285699	1.710167082039038
53.154409118419395	318.5330093740457	1.7289518654049916
53.62770288864506	317.43560147119416	1.7443694351400374
54.11091086804023	316.3516038068849	1.7560785765184412
54.60373986267208	315.28088560756106	1.7638314525069028
55.10590090294487	314.2232981639185	1.7674806246436847
55.617109526463715	313.17867640125496	1.7669831251485093
56.13708601903233	312.14684038906586	1.7624008781753062
56.66555561634144	311.12759678487197	1.7538980318781427
57.20224866894282	310.120740208543	1.741733656696928
57.74690077310915	309.1260545445325	1.7262524777969612
58.29925287015328	308.1433141704624	1.7078725183216628
58.8590513167294	307.17228511139535	1.6870695130409037
59.42604792856702	306.2127261199089	1.6643616028345032
59.99999999999999	305.26438968275465	1.640290518736157
60.58067030155157	304.3270229554423	1.6154043105707787
61.16782705772538	303.40036862655415	1.590238671416014
61.76124390703503	302.4841657139688	1.5653007895802367
62.36069984618289	301.5781502954692	1.5410533409981364
62.96597916017513	300.68205617643343	1.5179007283076205
63.57687134003648	299.7956154974686	1.4961784091135355
64.19317098966519	298.91855928495545	1.4761443305151307
64.81467772324949	298.0506179475306	1.457973593237916
65.44119605454999	297.191521721553	1.441756485787508
66.0725352792411	296.3410010685859	1.4274997482078715
66.70850935139694	295.49878702788453	1.415130082520886
67.34893675510656	294.6646115268114	1.4045010331878922
67.99364037210603	293.83820765201864	1.395402956758059
68.64244734622547	293.0193098841362	1.3875731319343292
69.29518894536457	292.2076542985965	1.3807093800789332
69.95170042163069	291.40297873510644	1.3744835453013193
70.61182087020094	290.60502293815665	1.368555114963666
71.2753930874019	289.81352867082944	1.3625862443622223
71.94226342843773	289.0282398040422	1.3562542538921578
72.61228166514054	288.2489023832344	1.3492641262124159
73.28530084406377	287.4752646743821	1.3413590375644089
73.96117714519126	286.7070771911018	1.3323289232445572
74.63976974149092	285.9440927044865	1.3220174984834199
75.32094065950206	285.1860662372025	1.3103259093028417
76.00455464110858	284.4327550432674	1.297214417526945
76.6904790066185	283.6839185748216	1.2827026816172948
77.37858351923944	282.93931843711187	1.2668661058157509
78.0687402510143	282.1987183328067	1.2498312063642416
78.76082345025605	281.4618839966795	1.231769713966295
79.45470941050044	280.72858312160906	1.2128904295672474
80.15027634097487	279.9985852767744	1.1934303780465385
80.84740423856572	279.2716618188454	1.173645681074843
81.54597476125012	278.54758579690696	1.153802289553618
82.24587110294536	277.82613185179235	1.1341665756370682
82.94697786971682	277.10707611044654	1.11499690767719
83.64918095727445	276.39019607588716	1.0965362080918928
84.3523674296794	275.67527051328665	1.079005634573782
85.05642539917308	274.96207933265566	1.0625991038044376
85.76124390703502	274.2504034685707	1.0474804831027613
86.4667128053692	273.5400247573564	1.0337814841612383
87.17272263971289	272.83072581210183	1.021600539705276
87.87916453235917	272.1222898958679	1.0110047693393602
88.58593006627854	271.4145007934176	1.0020311028877165
89.29291116952395	270.7071426817872	0.9946900716690406
90.0	270.0	0.9889691785184801
90.70708883047607	269.2928573182127	0.9848373911502792
91.41406993372146	268.5854992065824	0.982249354685256
92.12083546764083	267.8777101041321	0.9811500254310285
92.82727736028711	267.16927418789817	0.9814781813215802
93.5332871946308	266.4599752426436	0.9831700727744077
94.23875609296496	265.7495965314293	0.9861619502070078
94.94357460082692	265.03792066734434	0.9903916086302856
95.64763257032061	264.32472948671335	0.9957995109892158
96.35081904272555	263.60980392411284	1.0023285073276775
97.05302213028318	262.89292388955346	1.0099227114477936
97.75412889705464	262.17386814820765	1.0185262371516859
98.45402523874989	261.45241420309304	1.0280808111425732
99.15259576143428	260.7283381811546	1.0385231050907
99.84972365902512	260.0014147232256	1.0497823485344322
100.54529058949956	259.27141687839094	1.061777801363771
101.23917654974393	258.5381160033205	1.0744166475566137
101.93125974898571	257.8012816671933	1.087592591002927
102.62141648076054	257.06068156288813	1.1011852938344167
103.30952099338153	256.31608142517837	1.1150602360069455
103.99544535889142	255.56724495673262	1.1290709619818553
104.67905934049796	254.8139337627975	1.1430611869897045
105.36023025850908	254.05590729551355	1.1568680266346691
106.03882285480874	253.2929228088982	1.1703274731802653
106.71469915593623	252.52473532561788	1.1832790293295727
107.38771833485946	251.7510976167656	1.1955721674340378
108.05773657156229	250.9717601959578	1.2070725078671056
108.7246069125981	250.18647132917056	1.2176686994857693
109.38817912979906	249.39497706184335	1.2272783171690385
110.04829957836931	248.59702126489356	1.2358530572684967
110.70481105463544	247.79234570140352	1.2433840734764396
111.35755265377453	246.98069011586378	1.2499054872654405
112.00635962789397	246.16179234798136	1.2554952303938465
112.65106324489344	245.33538847318857	1.260276729916768
113.29149064860306	244.50121297211547	1.2644160998344298
113.92746472075892	243.6589989314141	1.2681193327405154
114.55880394545001	242.808478278447	1.271626823536447
115.18532227675053	241.9493820524694	1.2752062081346733
115.8068290103348	241.08144071504458	1.2791433767333813
116.42312865996352	240.2043845025314	1.2837330658384625
117.03402083982486	239.31794382356657	1.2892673440217388
117.63930015381712	238.4218497045308	1.2960243785143537
118.23875609296496	237.5158342860312	1.3042569209649995
118.83217294227461	236.59963137344585	1.3141805123629773
119.41932969844842	235.67297704455768	1.3259633729722498
120.00000000000001	234.73561031724535	1.3397174156061542
120.573952071433	233.78727388009108	1.3554902418251948
121.14094868327061	232.82771488860465	1.3732595252337372
121.70074712984672	231.85668582953755	1.3929309052162688
122.25309922689084	230.87394545546752	1.4143363019264104
122.79775133105717	229.879259791457	1.4372364438033998
123.33444438365854	228.8724032151281	1.4613260630226501
123.86291398096766	227.8531596109341	1.4862406355397146
124.38289047353629	226.82132359874498	1.5115663507386512
124.89409909705513	225.7767018360815	1.536852468179293
125.39626013732791	224.71911439243897	1.5616236743445162
125.88908913195978	223.64839619311508	1.5853959498270753
126.37229711135494	222.56439852880584	1.607691172758195
126.84559088158062	221.46699062595428	1.6280531264119866
127.30867335157278	220.35606127143015	1.646062102634038
127.76124390703504	219.23152048359228	1.661348943599677
128.20299883320317	218.0933012201501	1.6736078198139863
128.6336317884152	216.94136111151252	1.6826061997601687
129.05283433013093	215.7756842065093	1.6881927132841748
129.460296494684	214.59628271552702	1.690302347045257
129.85570743161875	213.40319873424195	1.688958410362129
130.23875609296496	212.19650592930864	1.6842718331250488
130.60913197722795	210.9763111656098	1.6764365320155976
130.96652592722884	209.74275605305837	1.6657225300451268
131.31063098021812	208.49601838951028	1.652466548576728
131.6411432679098	207.2363134751707	1.63705965057796
131.95776296325596	205.96389527302162	1.6199334796977565
132.26019526990768	204.67905738932384	1.6015455164202494
132.54815144940486	203.38213384823078	1.5823625087900237
132.8213498802206	202.07349963504214	1.5628453073131938
133.07951714187095	200.75357098368477	1.5434329977705714
133.32238911641656	199.4228053856752	1.5245289998769849
133.5497120988417	198.08170130012184	1.5064884296988468
133.76124390703504	196.73079754727542	1.489607568335457
133.9567549814302	195.3706723717232	1.474116560204708
134.13602946382477	194.0019421655169	1.460174077174945
134.2988662445046	192.62525984626305	1.447865914389141
134.44507996657927	191.24131289041563	1.437205973187974
134.57450197640154	189.8508210275788	1.4281406140548882
134.68698120911597	188.4545336074338	1.4205559583303897
134.78238499876502	187.0532266567986	1.414287155772498
134.8605998029806	185.64769965015518	1.4091303200512686
134.92153183310086	184.2387720225645	1.4048553067488088
134.96510758156856	182.82727945907357	1.4012203167878703
134.99127423966527	181.4140699993285	1.3979857977725259
135.0	180.0	1.3949293282519268
134.99127423966527	178.58593000067157	1.3918579744675714
134.96510758156856	177.1727205409264	1.3886206471005749
134.92153183310086	175.76122797743554	1.3851175092497041
134.8605998029806	174.35230034984485	1.3813072781456723
134.78238499876502	172.94677334320141	1.3772112972610362
134.68698120911597	171.54546639256625	1.3729152213211855
134.57450197640154	170.14917897242117	1.3685670504581877
134.44507996657927	168.7586871095844	1.364372075177814
134.2988662445046	167.37474015373698	1.3605852938100775
134.13602946382477	165.9980578344831	1.357501162025705
133.9567549814302	164.62932762827674	1.3554406744185348
133.76124390703504	163.2692024527246	1.3547369014945103
133.5497120988417	161.9182986998782	1.3557201054079222
133.32238911641656	160.57719461432484	1.3587017323569919
133.07951714187095	159.24642901631526	1.3639585453970373
132.82134988022057	157.92650036495783	1.3717175997591333
132.54815144940488	156.61786615176925	1.3821437456852603
132.26019526990768	155.32094261067618	1.395327692933782
131.95776296325596	154.03610472697838	1.4112775857244895
131.6411432679098	152.76368652482927	1.4299132456177148
131.31063098021812	151.50398161048975	1.4510640652505904
130.96652592722884	150.25724394694163	1.474469570007381
130.60913197722795	149.02368883439024	1.4997843326348745
130.23875609296496	147.80349407069139	1.526585555791842
129.85570743161873	146.596801265758	1.5543841650380648
129.46029649468403	145.403717284473	1.582638008087098
129.05283433013096	144.22431579349072	1.6107677219931071
128.6336317884152	143.0586388884875	1.6381747066014396
128.20299883320317	141.90669877984988	1.6642590979992
127.76124390703505	140.76847951640775	1.6884385844713188
127.3086733515728	139.64393872856988	1.710167082039038
126.84559088158062	138.53300937404575	1.7289518654049916
126.37229711135495	137.4356014711942	1.7443694351400374
125.88908913195978	136.35160380688492	1.7560785765184412
125.39626013732794	135.28088560756106	1.7638314525069028
124.89409909705515	134.22329816391854	1.7674806246436847
124.38289047353632	133.17867640125502	1.7669831251485093
123.86291398096766	132.14684038906586	1.7624008781753062
123.33444438365856	131.12759678487194	1.7538980318781427
122.7977513310572	130.120740208543	1.741733656696928
122.25309922689087	129.12605454453248	1.7262524777969612
121.70074712984675	128.14331417046245	1.7078725183216628
121.14094868327061	127.17228511139534	1.6870695130409037
120.57395207143298	126.21272611990892	1.6643616028345032
120.00000000000001	125.26438968275468	1.640290518736157
119.41932969844845	124.32702295544235	1.6154043105707787
118.83217294227461	123.40036862655414	1.590238671416014
118.23875609296496	122.48416571396879	1.5653007895802367
117.63930015381712	121.57815029546921	1.5410533409981364
117.03402083982486	120.68205617643345	1.5179007283076205
116.42312865996352	119.79561549746859	1.4961784091135355
115.8068290103348	118.91855928495542	1.4761443305151307
115.18532227675053	118.05061794753063	1.457973593237916
114.55880394545002	117.19152172155302	1.441756485787508
113.92746472075895	116.34100106858591	1.4274997482078715
113.29149064860304	115.49878702788452	1.415130082520886
112.65106324489344	114.66461152681141	1.4045010331878922
112.00635962789399	113.83820765201867	1.395402956758059
111.35755265377455	113.01930988413625	1.3875731319343292
110.70481105463546	112.20765429859652	1.3807093800789332
110.04829957836931	111.40297873510644	1.3744835453013193
109.38817912979906	110.60502293815665	1.368555114963666
108.7246069125981	109.81352867082943	1.3625862443622223
108.05773657156229	109.02823980404222	1.3562542538921578
107.38771833485946	108.2489023832344	1.3492641262124159
106.71469915593623	107.47526467438213	1.3413590375644089
106.03882285480876	106.70707719110183	1.3323289232445572
105.36023025850909	105.94409270448648	1.3220174984834199
104.67905934049797	105.18606623720254	1.3103259093028417
103.99544535889142	104.43275504326738	1.297214417526945
103.30952099338151	103.68391857482159	1.2827026816172948
102.62141648076056	102.93931843711185	1.2668661058157509
101.93125974898572	102.19871833280676	1.2498312063642416
101.23917654974393	101.4618839966795	1.231769713966295
100.54529058949956	100.72858312160906	1.2128904295672474
99.84972365902513	99.99858527677442	1.1934303780465385
99.15259576143428	99.27166181884544	1.173645681074843
98.4540252387499	98.54758579690696	1.153802289553618
97.75412889705464	97.82613185179234	1.1341665756370682
97.05302213028318	97.10707611044654	1.11499690767719
96.35081904272556	96.39019607588716	1.0965362080918928
95.64763257032062	95.67527051328666	1.079005634573782
94.94357460082692	94.96207933265563	1.0625991038044376
94.23875609296496	94.25040346857071	1.0474804831027613
93.53328719463082	93.54002475735638	1.0337814841612383
92.82727736028713	92.83072581210186	1.021600539705276
92.12083546764086	92.12228989586791	1.0110047693393602
91.41406993372146	91.41450079341756	1.0020311028877165
90.70708883047607	90.70714268178726	0.9946900716690406
90.0	0.0	0.9790952949447452
90.0	1.0	0.9702640119218646
90.0	2.0	0.9637636607702548
90.0	3.0000000000000004	0.959670347819688
90.0	4.0	0.9580565285427898
90.0	5.0	0.958988199203385
90.0	6.000000000000001	0.9625216672520989
90.0	7.0	0.9686999004692092
90.0	8.0	0.977548174019585
90.0	9.0	0.9890711216834527
90.0	10.0	1.003248382911334
90.0	11.0	1.0200315136372293
90.0	12.0	1.0393415991797141
90.0	13.0	1.0610664458902859
90.0	14.0	1.0850601599006158
90.0	14.999999999999998	1.1111418833643067
90.0	16.0	1.1390967773799707
90.0	17.000000000000004	1.168677566584637
90.0	18.0	1.1996072070878228
90.0	19.0	1.23158197565835
90.0	20.0	1.2642763843397364
90.0	21.0	1.2973485163183345
90.0	22.0	1.3304455022090542
90.0	23.0	1.363210400516909
90.0	24.000000000000004	1.3952890780985652
90.0	25.0	1.4263375118766362
90.0	26.0	1.4560282480484836
90.0	26.999999999999996	1.4840577038005114
90.0	28.0	1.5101523456818025
90.0	29.000000000000004	1.5340750083953332
90.0	29.999999999999996	1.5556289669078724
90.0	31.0	1.5746631319005355
90.0	32.0	1.591074296450106
90.0	33.0	1.6048089614576109
90.0	34.00000000000001	1.6158648802417288
90.0	35.0	1.6242892331102152
90.0	36.0	1.6301776444368254
90.0	37.0	1.6336709530569138
90.0	38.0	1.634950297652043
90.0	39.0	1.6342330446400881
90.0	40.0	1.6317659077136892
90.0	41.0	1.6278180673787028
90.0	42.0	1.6226741500750734
90.0	43.0	1.6166266456273697
90.0	44.0	1.6099674821898318
90.0	45.0	1.6029810053672375
90.0	46.00000000000001	1.5959355531599486
90.0	47.0	1.5890778392606046
90.0	48.00000000000001	1.5826253705046633
90.0	49.00000000000001	1.5767618130901746
90.0	50.0	1.571632218379971
90.0	51.0	1.567339793297268
90.0	52.0	1.5639437940619259
90.0	53.0	1.5614586836849533
90.0	54.0	1.5598544128036722
90.0	55.0	1.5590578238575445
90.0	56.0	1.5589563019453199
90.0	57.00000000000001	1.5594008640118526
90.0	58.00000000000001	1.5602117755514062
90.0	59.00000000000001	1.5611841673109572
90.0	59.99999999999999	1.5620944944989963
90.0	61.0	1.5627084001701523
90.0	62.0	1.56278745526916
90.0	63.0	1.562097022015483
90.0	64.0	1.5604141172879424
90.0	65.0	1.5575347143390101
90.0	66.0	1.5532804828387763
90.0	67.0	1.5475049672485819
90.0	68.0	1.5400992035243242
90.0	69.0	1.5309959316439343
90.0	70.0	1.5201735272996915
90.0	71.0	1.507657406074047
90.0	72.0	1.4935212871978698
90.0	73.0	1.4778869127152794
90.0	74.0	1.4609220816374906
90.0	75.0	1.442838122426327
90.0	76.0	1.4238849783788283
90.0	77.0	1.4043467142646076
90.0	78.0	1.3845346358643038
90.0	79.0	1.3647805499256167
90.0	80.0	1.345428619943515
90.0	81.0	1.3268276431931936
90.0	82.0	1.3093219235872042
90.0	83.0	1.2932434082908288
90.0	84.0	1.278902560579211
90.0	85.0	1.266580777287894
90.0	86.0	1.2565232275161096
90.0	87.0	1.2489319721652286
90.0	88.0	1.2439603472354572
90.0	89.0	1.241708891715942
90.0	90.0	1.2422216967276216
90.0	91.0	1.2454855630177308
90.0	92.0	1.251428596783975
90.0	93.0	1.259922035103104
90.0	94.0	1.270783335117729
90.0	95.0	1.283778982387975
90.0	96.00000000000001	1.298630950100281
90.0	97.0	1.3150232986937824
90.0	98.0	1.3326091967394402
90.0	99.0	1.3510197672477469
90.0	100.0	1.36987349564676
90.0	101.0	1.3887856377601377
90.0	102.0	1.40737804903792
90.0	103.0	1.425288452116982
90.0	104.0	1.4421801256342324
90.0	105.00000000000001	1.457750890951902
90.0	106.0	1.4717402734542555
90.0	107.0	1.4839365234267219
90.0	108.0	1.4941822327591991
90.0	109.0	1.5023786878911152
90.0	110.0	1.5084876952400004
90.0	111.0	1.5125328449597328
90.0	112.0	1.51459908968779
90.0	113.0	1.51482965535843
90.0	114.00000000000001	1.5134222499279633
90.0	115.0	1.5106237275066128
90.0	116.00000000000001	1.506722505809052
90.0	117.0	1.5020411240225287
90.0	118.00000000000001	1.4969265539936638
90.0	119.0	1.4917405114152522
90.0	119.99999999999999	1.4868492053427318
90.0	121.0	1.482612806875489
90.0	122.0	1.4793751986733272
90.0	123.00000000000001	1.4774531628026075
90.0	124.0	1.477128376934038
90.0	125.00000000000001	1.4786380063646423
90.0	126.0	1.4821676831386257
90.0	127.00000000000001	1.4878461701792391
90.0	128.0	1.4957401658382201
90.0	129.0	1.5058526188848038
90.0	130.0	1.51812104349473
90.0	131.0	1.5324189234260703
90.0	132.0	1.5485578182829665
90.0	133.0	1.5662917164606918
90.0	134.0	1.58532293268412
90.0	135.0	1.6053085672165255
90.0	136.0	1.6258697734200358
90.0	137.0	1.6465999019754216
90.0	138.0	1.6670746109480463
90.0	139.0	1.6868623971065593
90.0	140.0	1.7055340039009317
90.0	141.0	1.7226733740339002
90.0	142.0	1.7378867766038357
90.0	143.0	1.7508117938300307
90.0	144.0	1.7611249036021595
90.0	145.0	1.7685487811945735
90.0	146.0	1.7728577755520238
90.0	147.0	1.7738811388940612
90.0	148.0	1.7715066775721826
90.0	149.0	1.7656808924874152
90.0	150.0	1.7564089790903148
90.0	151.0	1.7437528615348115
90.0	152.0	1.727827682238643
90.0	153.0	1.7087980106086234
90.0	154.0	1.6868715242494285
90.0	155.0	1.6622936730954547
90.0	156.0	1.6353403776965245
90.0	157.0	1.6063108679211717
90.0	158.0	1.5755209429126795
90.0	159.0	1.543294967286869
90.0	160.0	1.5099601140112136
90.0	161.0	1.475838922272961
90.0	162.0	1.4412448041164896
90.0	163.0	1.4064764277400028
90.0	164.0	1.3718142070559667
90.0	165.0	1.3375174933394558
90.0	166.0	1.3038224689644144
90.0	167.0	1.270941445315744
90.0	168.0	1.2390628627893023
90.0	169.0	1.2083526949677306
90.0	170.0	1.1789550102907833
90.0	171.0	1.1509954824948936
90.0	172.0	1.1245834968769117
90.0	173.0	1.0998149586457582
90.0	174.0	1.0767759437795708
90.0	175.0	1.0555455073773572
90.0	176.0	1.0361980707578988
90.0	177.0	1.018806089393821
90.0	178.0	1.0034422995929135
90.0	179.0	0.9901802801684626
90.0	180.0	0.9790952949447452
90.0	181.0	0.9702640119218646
90.0	181.99999999999997	0.9637636607702548
90.0	182.99999999999997	0.959670347819688
90.0	183.99999999999997	0.9580565285427898
90.0	184.99999999999997	0.958988199203385
90.0	185.99999999999997	0.9625216672520989
90.0	186.99999999999997	0.9686999004692092
90.0	188.0	0.977548174019585
90.0	188.99999999999997	0.9890711216834527
90.0	190.0	1.003248382911334
90.0	190.99999999999997	1.0200315136372293
90.0	192.0	1.0393415991797141
90.0	192.99999999999997	1.0610664458902859
90.0	193.99999999999997	1.0850601599006158
90.0	194.99999999999997	1.1111418833643067
90.0	195.99999999999997	1.1390967773799707
90.0	197.0	1.168677566584637
90.0	197.99999999999997	1.1996072070878228
90.0	199.0	1.23158197565835
90.0	199.99999999999997	1.2642763843397364
90.0	201.0	1.2973485163183345
90.0	201.99999999999997	1.3304455022090542
90.0	203.0	1.363210400516909
90.0	203.99999999999997	1.3952890780985652
90.0	204.99999999999997	1.4263375118766362
90.0	206.0	1.4560282480484836
90.0	206.99999999999997	1.4840577038005114
90.0	208.0	1.5101523456818025
90.0	208.99999999999997	1.5340750083953332
90.0	210.0	1.5556289669078724
90.0	210.99999999999997	1.5746631319005355
90.0	212.0	1.591074296450106
90.0	212.99999999999997	1.6048089614576109
90.0	214.0	1.6158648802417288
90.0	215.0	1.6242892331102152
90.0	216.0	1.6301776444368254
90.0	217.0	1.6336709530569138
90.0	217.99999999999997	1.634950297652043
90.0	219.00000000000003	1.6342330446400881
90.0	219.99999999999997	1.6317659077136892
90.0	220.99999999999997	1.6278180673787028
90.0	221.99999999999997	1.6226741500750734
90.0	223.0	1.6166266456273697
90.0	224.0	1.6099674821898318
90.0	224.99999999999997	1.6029810053672375
90.0	226.0	1.5959355531599486
90.0	227.0	1.5890778392606046
90.0	228.0	1.5826253705046633
90.0	229.0	1.5767618130901746
90.0	230.0	1.571632218379971
90.0	230.99999999999997	1.567339793297268
90.0	232.00000000000003	1.5639437940619259
90.0	233.0	1.5614586836849533
90.0	233.99999999999997	1.5598544128036722
90.0	234.99999999999994	1.5590578238575445
90.0	236.0	1.5589563019453199
90.0	237.0	1.5594008640118526
90.0	238.0	1.5602117755514062
90.0	239.0	1.5611841673109572
90.0	239.99999999999994	1.5620944944989963
90.0	241.0	1.5627084001701523
90.0	242.0	1.56278745526916
90.0	242.99999999999997	1.562097022015483
90.0	243.99999999999994	1.5604141172879424
90.0	245.0	1.5575347143390101
90.0	246.0	1.5532804828387763
90.0	247.0	1.5475049672485819
90.0	248.0	1.5400992035243242
90.0	248.99999999999997	1.5309959316439343
90.0	250.0	1.5201735272996915
90.0	251.0	1.507657406074047
90.0	252.0	1.4935212871978698
90.0	252.99999999999997	1.4778869127152794
90.0	254.0	1.4609220816374906
90.0	255.0	1.442838122426327
90.0	256.0	1.4238849783788283
90.0	257.0	1.4043467142646076
90.0	258.0	1.3845346358643038
90.0	259.0	1.3647805499256167
90.0	260.0	1.345428619943515
90.0	261.0	1.3268276431931936
90.0	262.0	1.3093219235872042
90.0	263.0	1.2932434082908288
90.0	264.0	1.278902560579211
90.0	265.0	1.266580777287894
90.0	266.0	1.2565232275161096
90.0	267.0	1.2489319721652286
90.0	268.0	1.2439603472354572
90.0	269.0	1.241708891715942
90.0	270.0	1.2422216967276216
90.0	271.0	1.2454855630177308
90.0	272.0	1.251428596783975
90.0	273.0	1.259922035103104
90.0	274.0	1.270783335117729
90.0	275.0	1.283778982387975
90.0	276.0	1.298630950100281
90.0	277.0	1.3150232986937824
90.0	278.0	1.3326091967394402
90.0	279.0	1.3510197672477469
90.0	280.0	1.36987349564676
90.0	281.0	1.3887856377601377
90.0	282.0	1.40737804903792
90.0	283.0	1.425288452116982
90.0	284.0	1.4421801256342324
90.0	285.0	1.457750890951902
90.0	286.0	1.4717402734542555
90.0	287.0	1.4839365234267219
90.0	288.0	1.4941822327591991
90.0	289.0	1.5023786878911152
90.0	290.0	1.5084876952400004
90.0	291.0	1.5125328449597328
90.0	292.0	1.51459908968779
90.0	293.0	1.51482965535843
90.0	294.0	1.5134222499279633
90.0	295.0	1.5106237275066128
90.0	296.0	1.506722505809052
90.0	297.0	1.5020411240225287
90.0	298.0	1.4969265539936638
90.0	299.0	1.4917405114152522
90.0	300.0	1.4868492053427318
90.0	301.0	1.482612806875489
90.0	302.0	1.4793751986733272
90.0	303.0	1.4774531628026075
90.0	304.0	1.477128376934038
90.0	305.0	1.4786380063646423
90.0	306.0	1.4821676831386257
90.0	307.0	1.4878461701792391
90.0	308.0	1.4957401658382201
90.0	309.0	1.5058526188848038
90.0	310.0	1.51812104349473
90.0	311.0	1.5324189234260703
90.0	311.99999999999994	1.5485578182829665
90.0	313.0	1.5662917164606918
90.0	314.0	1.58532293268412
90.0	315.0	1.6053085672165255
90.0	316.0	1.6258697734200358
90.0	317.0	1.6465999019754216
90.0	318.0	1.6670746109480463
90.0	319.0	1.6868623971065593
90.0	320.0	1.7055340039009317
90.0	321.0	1.7226733740339002
90.0	322.0	1.7378867766038357
90.0	323.0	1.7508117938300307
90.0	324.0	1.7611249036021595
90.0	325.0	1.7685487811945735
90.0	326.0	1.7728577755520238
90.0	327.0	1.7738811388940612
90.0	328.0	1.7715066775721826
90.0	329.0	1.7656808924874152
90.0	330.0	1.7564089790903148
90.0	331.0	1.7437528615348115
90.0	332.0	1.727827682238643
90.0	333.0	1.7087980106086234
90.0	334.0	1.6868715242494285
90.0	335.0	1.6622936730954547
90.0	336.0	1.6353403776965245
90.0	337.0	1.6063108679211717
90.0	338.0	1.5755209429126795
90.0	338.99999999999994	1.543294967286869
90.0	340.0	1.5099601140112136
90.0	341.0	1.475838922272961
90.0	342.0	1.4412448041164896
90.0	343.0	1.4064764277400028
90.0	344.0	1.3718142070559667
90.0	345.0	1.3375174933394558
90.0	346.0	1.3038224689644144
90.0	347.0	1.270941445315744
90.0	347.99999999999994	1.2390628627893023
90.0	349.0	1.2083526949677306
90.0	350.0	1.1789550102907833
90.0	351.0	1.1509954824948936
90.0	352.0	1.1245834968769117
90.0	353.0	1.0998149586457582
90.0	354.0	1.0767759437795708
90.0	355.0	1.0555455073773572
90.0	356.0	1.0361980707578988
90.0	356.99999999999994	1.018806089393821
90.0	358.0	1.0034422995929135
90.0	359.0	0.9901802801684626
