Polar Angle 	 Azimuth Angle 	 Intensity 
90.0	45.0	2258.7301
89.0	45.0	2248.6029
88.0	45.0	2234.2279
87.00000000000001	45.0	2216.4335
86.0	45.0	2196.4086
85.0	45.0	2175.6423
84.0	45.0	2155.8468
83.0	45.0	2138.8666
82.0	45.0	2126.5789
81.0	45.0	2120.7895
80.0	45.0	2123.1296
79.0	45.0	2134.9591
78.00000000000001	45.0	2157.2805
77.0	45.0	2190.6684
76.0	45.0	2235.2183
75.0	45.0	2290.5177
74.0	45.0	2355.6404
73.0	45.0	2429.166
72.0	45.0	2509.2239
71.0	45.0	2593.5593
70.0	45.0	2679.6193
69.00000000000001	45.0	2764.6554
68.0	45.0	2845.8379
67.0	45.0	2920.3761
66.0	45.0	2985.6406
65.0	45.0	3039.2803
64.0	45.0	3079.3297
63.0	45.0	3104.3006
62.0	45.0	3113.2547
61.0	45.0	3105.8522
60.00000000000001	45.0	3082.3747
59.00000000000001	45.0	3043.7211
58.00000000000001	45.0	2991.3753
57.00000000000001	45.0	2927.3476
55.99999999999999	45.0	2854.0926
55.00000000000001	45.0	2774.4057
54.0	45.0	2691.3039
53.00000000000001	45.0	2607.8965
52.0	45.0	2527.25
51.00000000000001	45.0	2452.2556
50.00000000000001	45.0	2385.5039
49.00000000000001	45.0	2329.1744
48.0	45.0	2284.9432
47.0	45.0	2253.9163
46.00000000000001	45.0	2236.5899
45.0	45.0	2232.8419
44.0	45.0	2241.9537
43.0	45.0	2262.6646
42.0	45.0	2293.2545
41.0	45.0	2331.6532
40.00000000000001	45.0	2375.5709
39.0	45.0	2422.6454
37.99999999999999	45.0	2470.598
37.0	45.0	2517.3919
36.0	45.0	2561.3852
35.0	45.0	2601.4718
34.0	45.0	2637.2011
33.0	45.0	2668.8725
31.99999999999999	45.0	2697.5973
31.0	45.0	2725.3241
30.000000000000004	45.0	2754.826
29.00000000000001	45.0	2789.6457
28.000000000000007	45.0	2834.0027
27.00000000000001	45.0	2892.6611
25.999999999999996	45.0	2970.7639
25.000000000000004	45.0	3073.6395
24.000000000000004	45.0	3206.5857
22.999999999999993	45.0	3374.6406
21.999999999999996	45.0	3582.3486
21.0	45.0	3833.5301
20.00000000000001	45.0	4131.0659
19.000000000000014	45.0	4476.7041
18.00000000000001	45.0	4870.8982
17.000000000000007	45.0	5312.6845
15.999999999999995	45.0	5799.6041
14.999999999999996	45.0	6327.6749
14.0	45.0	6891.4162
12.999999999999996	45.0	7483.9259
12.000000000000018	45.0	8097.0104
10.999999999999993	45.0	8721.3637
10.000000000000012	45.0	9346.7894
8.999999999999984	45.0	9962.4606
7.999999999999981	45.0	10557.2082
7.000000000000025	45.0	11119.8284
6.000000000000026	45.0	11639.3992
4.999999999999992	45.0	12105.5944
4.000000000000042	45.0	12508.9858
3.0000000000000444	45.0	12841.3207
1.9999999999999472	45.0	13095.7673
0.9999999999999002	45.0	13267.1176
0.0	45.0	13351.9423
0.9999999999999002	225.0	13348.6903
1.9999999999999472	225.0	13257.7314
3.0000000000000444	225.0	13081.3391
4.000000000000042	225.0	12823.6155
4.999999999999992	225.0	12490.3602
6.000000000000026	225.0	12088.8888
6.9999999999999725	225.0	11627.8071
7.999999999999981	225.0	11116.7489
8.999999999999984	225.0	10566.0875
10.000000000000012	225.0	9986.6311
10.999999999999993	225.0	9389.3114
11.999999999999988	225.0	8784.878
12.999999999999996	225.0	8183.6078
14.0	225.0	7595.0394
14.999999999999996	225.0	7027.7405
15.999999999999995	225.0	6489.1168
16.99999999999999	225.0	5985.2662
17.999999999999986	225.0	5520.8828
18.999999999999996	225.0	5099.2129
19.999999999999993	225.0	4722.0611
21.0	225.0	4389.8465
21.999999999999996	225.0	4101.703
23.00000000000001	225.0	3855.6192
24.000000000000004	225.0	3648.611
24.99999999999999	225.0	3476.9186
26.000000000000007	225.0	3336.2191
26.999999999999996	225.0	3221.8464
28.000000000000007	225.0	3129.0086
28.999999999999996	225.0	3052.9957
29.999999999999993	225.0	2989.3674
31.0	225.0	2934.1174
31.99999999999999	225.0	2883.8059
33.0	225.0	2835.6581
34.0	225.0	2787.6251
35.000000000000014	225.0	2738.4072
36.0	225.0	2687.4407
37.000000000000014	225.0	2634.8494
37.99999999999999	225.0	2581.3661
38.99999999999999	225.0	2528.2278
40.00000000000001	225.0	2477.052
40.999999999999986	225.0	2429.6993
42.0	225.0	2388.1309
43.0	225.0	2354.266
44.00000000000001	225.0	2329.848
45.0	225.0	2316.3242
46.000000000000014	225.0	2314.7453
47.0	225.0	2325.6876
47.999999999999986	225.0	2349.2033
49.00000000000001	225.0	2384.7984
49.99999999999999	225.0	2431.4395
51.00000000000001	225.0	2487.5892
51.99999999999999	225.0	2551.2663
53.000000000000014	225.0	2620.1287
53.99999999999999	225.0	2691.5743
55.000000000000014	225.0	2762.8539
55.99999999999999	225.0	2831.1915
56.999999999999986	225.0	2893.9061
58.00000000000001	225.0	2948.5278
58.99999999999999	225.0	2992.9049
60.00000000000001	225.0	3025.2946
61.0	225.0	3044.4352
62.000000000000014	225.0	3049.5957
63.0	225.0	3040.6007
64.00000000000001	225.0	3017.8293
65.0	225.0	2982.1903
65.99999999999999	225.0	2935.0723
67.0	225.0	2878.2736
68.0	225.0	2813.9148
69.00000000000001	225.0	2744.3376
70.0	225.0	2671.9963
71.00000000000001	225.0	2599.3459
72.0	225.0	2528.7328
73.00000000000001	225.0	2462.2928
74.0	225.0	2401.8619
74.99999999999999	225.0	2348.9029
76.0	225.0	2304.4522
77.0	225.0	2269.088
78.00000000000001	225.0	2242.9221
79.0	225.0	2225.6148
80.00000000000001	225.0	2216.4119
81.0	225.0	2214.2019
82.00000000000001	225.0	2217.5899
83.0	225.0	2224.9857
83.99999999999999	225.0	2234.6989
85.0	225.0	2245.0394
86.0	225.0	2254.4158
87.00000000000001	225.0	2261.4274
88.0	225.0	2264.9457
89.00000000000001	225.0	2264.1811
90.0	225.0	2258.7301
91.00000000000001	225.0	2248.6029
92.0	225.0	2234.2279
92.99999999999999	225.0	2216.4335
94.0	225.0	2196.4086
95.0	225.0	2175.6423
96.00000000000001	225.0	2155.8468
97.0	225.0	2138.8666
98.00000000000001	225.0	2126.5789
99.0	225.0	2120.7895
100.00000000000001	225.0	2123.1296
101.0	225.0	2134.9591
102.00000000000001	225.0	2157.2805
103.0	225.0	2190.6684
104.0	225.0	2235.2183
105.00000000000001	225.0	2290.5177
106.0	225.0	2355.6404
107.00000000000001	225.0	2429.166
108.0	225.0	2509.2239
109.00000000000001	225.0	2593.5593
110.0	225.0	2679.6193
111.00000000000001	225.0	2764.6554
112.0	225.0	2845.8379
113.0	225.0	2920.3761
114.00000000000001	225.0	2985.6406
115.0	225.0	3039.2803
116.00000000000001	225.0	3079.3297
117.0	225.0	3104.3006
118.00000000000001	225.0	3113.2547
119.0	225.0	3105.8522
120.00000000000001	225.0	3082.3747
121.0	225.0	3043.7211
122.0	225.0	2991.3753
123.00000000000001	225.0	2927.3476
124.0	225.0	2854.0926
125.00000000000001	225.0	2774.4057
126.0	225.0	2691.3039
127.00000000000001	225.0	2607.8965
128.0	225.0	2527.25
129.00000000000003	225.0	2452.2556
130.0	225.0	2385.5039
131.0	225.0	2329.1744
132.0	225.0	2284.9432
133.0	225.0	2253.9163
134.0	225.0	2236.5899
135.0	225.0	2232.8419
136.0	225.0	2241.9537
137.0	225.0	2262.6646
138.00000000000003	225.0	2293.2545
139.0	225.0	2331.6532
140.0	225.0	2375.5709
140.99999999999997	225.0	2422.6454
142.00000000000003	225.0	2470.598
143.0	225.0	2517.3919
144.0	225.0	2561.3852
145.0	225.0	2601.4718
146.00000000000003	225.0	2637.2011
147.00000000000003	225.0	2668.8725
148.0	225.0	2697.5973
149.0	225.0	2725.3241
149.99999999999997	225.0	2754.826
151.00000000000003	225.0	2789.6457
152.0	225.0	2834.0027
153.0	225.0	2892.6611
154.0	225.0	2970.7639
155.00000000000003	225.0	3073.6395
156.00000000000003	225.0	3206.5857
157.0	225.0	3374.6406
158.0	225.0	3582.3486
158.99999999999997	225.0	3833.5301
160.00000000000003	225.0	4131.0659
161.0	225.0	4476.7041
162.0	225.0	4870.8982
163.0	225.0	5312.6845
164.00000000000003	225.0	5799.6041
165.00000000000003	225.0	6327.6749
166.0	225.0	6891.4162
167.0	225.0	7483.9259
167.99999999999997	225.0	8097.0104
169.00000000000003	225.0	8721.3637
169.99999999999997	225.0	9346.7894
170.99999999999997	225.0	9962.4606
172.0	225.0	10557.2082
173.00000000000003	225.0	11119.8284
174.00000000000003	225.0	11639.3992
175.0	225.0	12105.5944
175.99999999999997	225.0	12508.9858
176.99999999999994	225.0	12841.3207
178.00000000000006	225.0	13095.7673
179.0000000000001	225.0	13267.1176
180.0	225.0	13351.9423
179.0000000000001	45.0	13348.6903
178.00000000000006	45.0	13257.7314
176.99999999999994	45.0	13081.3391
176.00000000000006	45.0	12823.6155
175.0	45.0	12490.3602
174.00000000000003	45.0	12088.8888
172.99999999999997	45.0	11627.8071
172.0	45.0	11116.7489
171.00000000000003	45.0	10566.0875
170.00000000000003	45.0	9986.6311
168.99999999999997	45.0	9389.3114
167.99999999999997	45.0	8784.878
167.00000000000003	45.0	8183.6078
166.00000000000003	45.0	7595.0394
165.00000000000003	45.0	7027.7405
163.99999999999997	45.0	6489.1168
163.0	45.0	5985.2662
162.00000000000003	45.0	5520.8828
161.00000000000003	45.0	5099.2129
160.0	45.0	4722.0611
159.0	45.0	4389.8465
158.00000000000003	45.0	4101.703
157.00000000000003	45.0	3855.6192
156.00000000000003	45.0	3648.611
154.99999999999997	45.0	3476.9186
154.0	45.0	3336.2191
153.00000000000003	45.0	3221.8464
152.0	45.0	3129.0086
150.99999999999997	45.0	3052.9957
150.0	45.0	2989.3674
149.0	45.0	2934.1174
148.0	45.0	2883.8059
147.00000000000003	45.0	2835.6581
146.0	45.0	2787.6251
145.0	45.0	2738.4072
144.00000000000003	45.0	2687.4407
143.0	45.0	2634.8494
142.0	45.0	2581.3661
140.99999999999997	45.0	2528.2278
140.00000000000003	45.0	2477.052
139.00000000000003	45.0	2429.6993
138.00000000000003	45.0	2388.1309
137.0	45.0	2354.266
136.0	45.0	2329.848
135.00000000000003	45.0	2316.3242
134.00000000000003	45.0	2314.7453
132.99999999999997	45.0	2325.6876
131.99999999999997	45.0	2349.2033
131.00000000000003	45.0	2384.7984
130.00000000000003	45.0	2431.4395
129.00000000000003	45.0	2487.5892
128.0	45.0	2551.2663
126.99999999999999	45.0	2620.1287
126.00000000000003	45.0	2691.5743
125.00000000000004	45.0	2762.8539
123.99999999999997	45.0	2831.1915
122.99999999999999	45.0	2893.9061
122.0	45.0	2948.5278
121.0	45.0	2992.9049
120.00000000000001	45.0	3025.2946
119.0	45.0	3044.4352
118.00000000000001	45.0	3049.5957
117.00000000000003	45.0	3040.6007
116.00000000000004	45.0	3017.8293
115.0	45.0	2982.1903
114.00000000000001	45.0	2935.0723
113.00000000000001	45.0	2878.2736
112.00000000000003	45.0	2813.9148
111.00000000000004	45.0	2744.3376
110.0	45.0	2671.9963
109.00000000000001	45.0	2599.3459
108.00000000000003	45.0	2528.7328
107.00000000000004	45.0	2462.2928
106.0	45.0	2401.8619
105.0	45.0	2348.9029
104.00000000000001	45.0	2304.4522
103.00000000000001	45.0	2269.088
102.00000000000003	45.0	2242.9221
100.99999999999999	45.0	2225.6148
100.0	45.0	2216.4119
99.00000000000001	45.0	2214.2019
98.00000000000003	45.0	2217.5899
96.99999999999999	45.0	2224.9857
96.0	45.0	2234.6989
95.0	45.0	2245.0394
94.00000000000001	45.0	2254.4158
93.00000000000003	45.0	2261.4274
91.99999999999999	45.0	2264.9457
91.0	45.0	2264.1811
90.0	0.0	1868.8515
89.29291116952395	0.7071426817872533	1863.296
88.58593006627854	1.4145007934175506	1851.0027
87.87916453235917	2.122289895867879	1832.9503
87.1727226397129	2.8307258121018455	1810.6667
86.4667128053692	3.540024757356371	1786.1637
85.76124390703504	4.250403468570711	1761.8505
85.05642539917308	4.962079332655645	1740.4311
84.3523674296794	5.675270513286652	1724.7879
83.64918095727445	6.390196075887154	1717.8577
82.94697786971682	7.107076110446535	1722.5034
82.24587110294536	7.826131851792348	1741.3887
81.54597476125012	8.547585796906942	1776.8583
80.84740423856572	9.271661818845425	1830.8302
80.15027634097487	9.998585276774412	1904.7031
79.45470941050044	10.728583121609057	1999.2838
78.76082345025607	11.461883996679509	2114.7357
78.0687402510143	12.198718332806749	2250.552
77.37858351923944	12.939318437111838	2405.5533
76.69047900661849	13.683918574821595	2577.9112
76.00455464110858	14.432755043267381	2765.1945
75.32094065950206	15.186066237202516	2964.4388
74.63976974149092	15.944092704486447	3172.2343
73.96117714519126	16.707077191101824	3384.831
73.28530084406378	17.47526467438212	3598.254
72.61228166514054	18.2489023832344	3808.4278
71.94226342843773	19.028239804042187	4011.302
71.27539308740191	19.813528670829413	4202.9761
70.61182087020094	20.605022938156644	4379.8166
69.95170042163069	21.402978735106455	4538.5645
69.29518894536457	22.207654298596484	4676.4273
68.64244734622547	23.019309884136224	4791.1536
67.99364037210603	23.838207652018653	4881.0878
67.34893675510656	24.664611526811417	4945.203
66.70850935139694	25.498787027884514	4983.1125
66.07253527924108	26.34100106858589	4995.0581
65.44119605454999	27.191521721553002	4981.8785
64.81467772324949	28.05061794753063	4944.9587
64.19317098966519	28.918559284955432	4886.1626
63.57687134003648	29.79561549746857	4807.7528
62.965979160175145	30.68205617643342	4712.3008
62.36069984618289	31.5781502954692	4602.591
61.761243907035045	32.484165713968785	4481.5237
61.16782705772538	33.400368626554155	4352.0195
60.58067030155157	34.32702295544232	4216.93
59.99999999999999	35.264389682754654	4078.9569
59.42604792856702	36.212726119908915	3940.5836
58.8590513167294	37.17228511139536	3804.0206
58.29925287015328	38.143314170462425	3671.1658
57.74690077310915	39.12605454453247	3543.5818
57.20224866894282	40.12074020854298	3422.4885
56.66555561634145	41.12759678487194	3308.7716
56.13708601903233	42.14684038906587	3203.0051
55.61710952646371	43.178676401255004	3105.4856
55.10590090294487	44.223298163918535	3016.2764
54.60373986267208	45.28088560756104	2935.2577
54.11091086804023	46.3516038068849	2862.1814
53.62770288864506	47.435601471194154	2796.726
53.154409118419395	48.53300937404573	2738.549
52.691326648427214	49.643938728569864	2687.3344
52.23875609296496	50.76847951640774	2642.8329
51.79700116679687	51.90669877984987	2604.8914
51.36636821158484	53.05863888848747	2573.4732
50.94716566986906	54.22431579349069	2548.6649
50.539703505316	55.40371728447302	2530.6725
50.14429256838126	56.59680126575802	2519.8049
49.76124390703504	57.80349407069134	2516.4481
49.390868022772075	59.02368883439022	2521.0301
49.03347407277117	60.25724394694163	2533.9785
48.68936901978189	61.503981610489745	2555.6748
48.35885673209022	62.76368652482927	2586.4062
48.04223703674405	64.03610472697835	2626.3192
47.73980473009234	65.32094261067617	2675.3765
47.45184855059514	66.61786615176922	2733.3203
47.178650119779434	67.92650036495783	2799.6448
46.920482858129056	69.2464290163152	2873.5785
46.677610883583455	70.57719461432482	2954.0792
46.450287901158305	71.91829869987819	3039.8404
46.23875609296496	73.2692024527246	3129.3125
46.043245018569806	74.62932762827676	3220.7343
45.86397053617525	75.99805783448308	3312.1774
45.701133755495384	77.37474015373697	3401.6002
45.554920033420714	78.7586871095844	3486.9085
45.42549802359849	80.14917897242118	3566.0233
45.31301879088406	81.5454663925662	3636.949
45.21761500123496	82.94677334320139	3697.8426
45.1394001970194	84.35230034984485	3747.0791
45.07846816689916	85.76122797743554	3783.3103
45.03489241843145	87.17272054092642	3805.515
45.00872576033472	88.58593000067151	3813.0388
45.0	90.0	3805.6195
45.00872576033472	91.41406999932849	3783.4001
45.03489241843145	92.82727945907358	3746.9263
45.07846816689916	94.23877202256445	3697.1291
45.1394001970194	95.64769965015516	3635.294
45.21761500123496	97.05322665679864	3563.0171
45.31301879088406	98.45453360743382	3482.1506
45.42549802359848	99.85082102757882	3394.739
45.554920033420714	101.2413128904156	3302.9505
45.701133755495384	102.62525984626303	3209.0038
45.86397053617525	104.00194216551692	3115.0965
46.043245018569806	105.37067237172324	3023.3355
46.238756092964955	106.73079754727539	2935.6732
46.450287901158305	108.08170130012182	2853.853
46.677610883583455	109.42280538567519	2779.3649
46.920482858129056	110.7535709836848	2713.4129
47.178650119779434	112.07349963504215	2656.8969
47.45184855059512	113.38213384823077	2610.4075
47.73980473009234	114.67905738932384	2574.2353
48.04223703674405	115.96389527302166	2548.3924
48.3588567320902	117.23631347517073	2532.6457
48.68936901978189	118.49601838951025	2526.5598
49.03347407277117	119.74275605305839	2529.5472
49.39086802277208	120.9763111656098	2540.922
49.76124390703504	122.19650592930867	2559.9565
50.14429256838125	123.40319873424197	2585.9352
50.539703505316005	124.59628271552698	2618.205
50.94716566986905	125.77568420650928	2656.218
51.36636821158484	126.94136111151253	2699.5651
51.79700116679685	128.09330122015012	2747.9984
52.23875609296496	129.23152048359225	2801.4407
52.691326648427214	130.35606127143015	2859.9817
53.154409118419395	131.46699062595425	2923.8616
53.62770288864506	132.56439852880584	2993.4411
54.11091086804023	133.64839619311508	3069.1609
54.60373986267208	134.71911439243897	3151.491
55.10590090294487	135.7767018360815	3240.8739
55.617109526463715	136.821323598745	3337.6633
56.13708601903233	137.8531596109341	3442.0618
56.66555561634144	138.87240321512806	3554.0614
57.20224866894282	139.879259791457	3673.3891
57.74690077310915	140.87394545546752	3799.4619
58.29925287015328	141.85668582953758	3931.3533
58.8590513167294	142.82771488860465	4067.7734
59.42604792856702	143.7872738800911	4207.0657
59.99999999999999	144.73561031724535	4347.22
60.58067030155157	145.6729770445577	4485.903
61.16782705772538	146.59963137344585	4620.5063
61.76124390703503	147.5158342860312	4748.2092
62.36069984618289	148.4218497045308	4866.0568
62.96597916017513	149.31794382356657	4971.048
63.57687134003648	150.20438450253144	5060.2329
64.19317098966519	151.08144071504458	5130.8134
64.81467772324949	151.9493820524694	5180.2458
65.44119605454999	152.808478278447	5206.3382
66.0725352792411	153.65899893141415	5207.3417
66.70850935139694	154.5012129721155	5182.0288
67.34893675510656	155.3353884731886	5129.7572
67.99364037210603	156.16179234798136	5050.5153
68.64244734622547	156.98069011586378	4944.9472
69.29518894536457	157.79234570140352	4814.355
69.95170042163069	158.59702126489356	4660.6793
70.61182087020094	159.39497706184335	4486.4554
71.2753930874019	160.1864713291706	4294.7493
71.94226342843773	160.9717601959578	4089.0731
72.61228166514054	161.7510976167656	3873.2834
73.28530084406377	162.52473532561788	3651.4671
73.96117714519126	163.29292280889817	3427.8166
74.63976974149092	164.05590729551355	3206.5015
75.32094065950206	164.8139337627975	2991.5391
76.00455464110858	165.56724495673262	2786.6704
76.6904790066185	166.31608142517842	2595.2454
77.37858351923944	167.06068156288816	2420.1221
78.0687402510143	167.80128166719328	2263.5838
78.76082345025605	168.5381160033205	2127.2765
79.45470941050044	169.27141687839094	2012.1713
80.15027634097487	170.0014147232256	1918.5498
80.84740423856572	170.72833818115458	1846.0166
81.54597476125012	171.45241420309307	1793.5363
82.24587110294536	172.17386814820765	1759.4942
82.94697786971682	172.8929238895535	1741.7781
83.64918095727445	173.60980392411287	1737.8785
84.3523674296794	174.32472948671335	1745.0029
85.05642539917308	175.03792066734437	1760.1998
85.76124390703502	175.7495965314293	1780.4866
86.4667128053692	176.45997524264365	1802.9788
87.17272263971289	177.16927418789817	1825.0122
87.87916453235917	177.87771010413212	1844.2557
88.58593006627854	178.58549920658245	1858.809
89.29291116952395	179.29285731821275	1867.2818
90.0	180.0	1868.8515
90.70708883047607	180.70714268178725	1863.296
91.41406993372146	181.41450079341755	1851.0027
92.12083546764083	182.12228989586788	1832.9503
92.82727736028711	182.83072581210183	1810.6667
93.5332871946308	183.54002475735635	1786.1637
94.23875609296496	184.2504034685707	1761.8505
94.94357460082692	184.96207933265563	1740.4311
95.64763257032061	185.67527051328665	1724.7879
96.35081904272555	186.39019607588713	1717.8577
97.05302213028318	187.1070761104465	1722.5034
97.75412889705464	187.82613185179233	1741.3887
98.45402523874989	188.54758579690696	1776.8583
99.15259576143428	189.27166181884542	1830.8302
99.84972365902512	189.9985852767744	1904.7031
100.54529058949956	190.72858312160906	1999.2838
101.23917654974393	191.4618839966795	2114.7357
101.93125974898571	192.19871833280675	2250.552
102.62141648076054	192.93931843711184	2405.5533
103.30952099338153	193.68391857482158	2577.9112
103.99544535889142	194.43275504326738	2765.1945
104.67905934049796	195.18606623720254	2964.4388
105.36023025850908	195.94409270448645	3172.2343
106.03882285480874	196.7070771911018	3384.831
106.71469915593623	197.4752646743821	3598.254
107.38771833485946	198.2489023832344	3808.4278
108.05773657156229	199.0282398040422	4011.302
108.7246069125981	199.8135286708294	4202.9761
109.38817912979906	200.60502293815665	4379.8166
110.04829957836931	201.40297873510644	4538.5645
110.70481105463544	202.20765429859648	4676.4273
111.35755265377453	203.01930988413622	4791.1536
112.00635962789397	203.83820765201864	4881.0878
112.65106324489344	204.6646115268114	4945.203
113.29149064860306	205.49878702788448	4983.1125
113.92746472075892	206.34100106858588	4995.0581
114.55880394545001	207.191521721553	4981.8785
115.18532227675053	208.05061794753064	4944.9587
115.8068290103348	208.91855928495542	4886.1626
116.42312865996352	209.79561549746856	4807.7528
117.03402083982486	210.68205617643343	4712.3008
117.63930015381712	211.5781502954692	4602.591
118.23875609296496	212.48416571396876	4481.5237
118.83217294227461	213.40036862655413	4352.0195
119.41932969844842	214.32702295544232	4216.93
120.00000000000001	215.26438968275463	4078.9569
120.573952071433	216.2127261199089	3940.5836
121.14094868327061	217.17228511139535	3804.0206
121.70074712984672	218.14331417046245	3671.1658
122.25309922689084	219.12605454453248	3543.5818
122.79775133105717	220.12074020854297	3422.4885
123.33444438365854	221.1275967848719	3308.7716
123.86291398096766	222.1468403890659	3203.0051
124.38289047353629	223.17867640125502	3105.4856
124.89409909705513	224.2232981639185	3016.2764
125.39626013732791	225.28088560756103	2935.2577
125.88908913195978	226.35160380688492	2862.1814
126.37229711135494	227.43560147119416	2796.726
126.84559088158062	228.53300937404572	2738.549
127.30867335157278	229.64393872856982	2687.3344
127.76124390703504	230.7684795164077	2642.8329
128.20299883320317	231.90669877984988	2604.8914
128.6336317884152	233.05863888848748	2573.4732
129.05283433013093	234.2243157934907	2548.6649
129.460296494684	235.40371728447298	2530.6725
129.85570743161875	236.59680126575802	2519.8049
130.23875609296496	237.80349407069136	2516.4481
130.60913197722795	239.0236888343902	2521.0301
130.96652592722884	240.25724394694157	2533.9785
131.31063098021812	241.50398161048972	2555.6748
131.6411432679098	242.7636865248293	2586.4062
131.95776296325596	244.03610472697835	2626.3192
132.26019526990768	245.32094261067616	2675.3765
132.54815144940486	246.6178661517692	2733.3203
132.8213498802206	247.92650036495786	2799.6448
133.07951714187095	249.2464290163152	2873.5785
133.32238911641656	250.5771946143248	2954.0792
133.5497120988417	251.91829869987816	3039.8404
133.76124390703504	253.26920245272458	3129.3125
133.9567549814302	254.62932762827677	3220.7343
134.13602946382477	255.99805783448306	3312.1774
134.2988662445046	257.374740153737	3401.6002
134.44507996657927	258.75868710958434	3486.9085
134.57450197640154	260.14917897242117	3566.0233
134.68698120911597	261.5454663925662	3636.949
134.78238499876502	262.94677334320136	3697.8426
134.8605998029806	264.3523003498448	3747.0791
134.92153183310086	265.7612279774355	3783.3103
134.96510758156856	267.17272054092643	3805.515
134.99127423966527	268.5859300006715	3813.0388
135.0	270.0	3805.6195
134.99127423966527	271.4140699993285	3783.4001
134.96510758156856	272.82727945907357	3746.9263
134.92153183310086	274.2387720225645	3697.1291
134.8605998029806	275.6476996501551	3635.294
134.78238499876502	277.0532266567986	3563.0171
134.68698120911597	278.45453360743375	3482.1506
134.57450197640154	279.85082102757883	3394.739
134.44507996657927	281.2413128904156	3302.9505
134.2988662445046	282.625259846263	3209.0038
134.13602946382477	284.0019421655169	3115.0965
133.9567549814302	285.37067237172323	3023.3355
133.76124390703504	286.7307975472754	2935.6732
133.5497120988417	288.08170130012184	2853.853
133.32238911641656	289.42280538567513	2779.3649
133.07951714187095	290.75357098368477	2713.4129
132.82134988022057	292.0734996350422	2656.8969
132.54815144940488	293.38213384823075	2610.4075
132.26019526990768	294.6790573893238	2574.2353
131.95776296325596	295.9638952730216	2548.3924
131.6411432679098	297.23631347517073	2532.6457
131.31063098021812	298.49601838951025	2526.5598
130.96652592722884	299.7427560530584	2529.5472
130.60913197722795	300.9763111656098	2540.922
130.23875609296496	302.1965059293086	2559.9565
129.85570743161873	303.403198734242	2585.9352
129.46029649468403	304.59628271552697	2618.205
129.05283433013096	305.7756842065093	2656.218
128.6336317884152	306.9413611115125	2699.5651
128.20299883320317	308.0933012201501	2747.9984
127.76124390703505	309.23152048359225	2801.4407
127.3086733515728	310.3560612714301	2859.9817
126.84559088158062	311.4669906259543	2923.8616
126.37229711135495	312.5643985288058	2993.4411
125.88908913195978	313.6483961931151	3069.1609
125.39626013732794	314.71911439243894	3151.491
124.89409909705515	315.77670183608143	3240.8739
124.38289047353632	316.821323598745	3337.6633
123.86291398096766	317.85315961093414	3442.0618
123.33444438365856	318.8724032151281	3554.0614
122.7977513310572	319.879259791457	3673.3891
122.25309922689087	320.8739454554675	3799.4619
121.70074712984675	321.8566858295375	3931.3533
121.14094868327061	322.82771488860465	4067.7734
120.57395207143298	323.7872738800911	4207.0657
120.00000000000001	324.73561031724535	4347.22
119.41932969844845	325.6729770445577	4485.903
118.83217294227461	326.59963137344585	4620.5063
118.23875609296496	327.51583428603124	4748.2092
117.63930015381712	328.4218497045308	4866.0568
117.03402083982486	329.31794382356657	4971.048
116.42312865996352	330.2043845025314	5060.2329
115.8068290103348	331.08144071504455	5130.8134
115.18532227675053	331.9493820524694	5180.2458
114.55880394545002	332.808478278447	5206.3382
113.92746472075895	333.6589989314141	5207.3417
113.29149064860304	334.5012129721155	5182.0288
112.65106324489344	335.3353884731886	5129.7572
112.00635962789399	336.16179234798136	5050.5153
111.35755265377455	336.98069011586375	4944.9472
110.70481105463546	337.79234570140346	4814.355
110.04829957836931	338.59702126489356	4660.6793
109.38817912979906	339.39497706184335	4486.4554
108.7246069125981	340.18647132917056	4294.7493
108.05773657156229	340.9717601959578	4089.0731
107.38771833485946	341.7510976167656	3873.2834
106.71469915593623	342.5247353256179	3651.4671
106.03882285480876	343.2929228088982	3427.8166
105.36023025850909	344.0559072955135	3206.5015
104.67905934049797	344.8139337627975	2991.5391
103.99544535889142	345.5672449567326	2786.6704
103.30952099338151	346.3160814251784	2595.2454
102.62141648076056	347.06068156288813	2420.1221
101.93125974898572	347.8012816671932	2263.5838
101.23917654974393	348.5381160033205	2127.2765
100.54529058949956	349.27141687839094	2012.1713
99.84972365902513	350.0014147232256	1918.5498
99.15259576143428	350.7283381811546	1846.0166
98.4540252387499	351.45241420309304	1793.5363
97.75412889705464	352.17386814820765	1759.4942
97.05302213028318	352.89292388955346	1741.7781
96.35081904272556	353.60980392411284	1737.8785
95.64763257032062	354.32472948671335	1745.0029
94.94357460082692	355.03792066734434	1760.1998
94.23875609296496	355.7495965314293	1780.4866
93.53328719463082	356.4599752426436	1802.9788
92.82727736028713	357.16927418789817	1825.0122
92.12083546764086	357.8777101041321	1844.2557
91.41406993372146	358.5854992065825	1858.809
90.70708883047607	359.2928573182127	1867.2818
90.0	90.0	3212.2421
89.29291116952395	89.29285731821274	3181.7425
88.58593006627854	88.58549920658245	3144.4235
87.87916453235917	87.87771010413212	3101.0205
87.1727226397129	87.16927418789815	3052.3561
86.4667128053692	86.45997524264364	2999.3186
85.76124390703504	85.74959653142929	2942.8394
85.05642539917308	85.03792066734437	2883.8706
84.3523674296794	84.32472948671335	2823.3634
83.64918095727445	83.60980392411285	2762.2479
82.94697786971682	82.89292388955346	2701.4135
82.24587110294536	82.17386814820766	2641.6931
81.54597476125012	81.45241420309306	2583.8487
80.84740423856572	80.72833818115458	2528.5597
80.15027634097487	80.0014147232256	2476.4145
79.45470941050044	79.27141687839094	2427.9051
78.76082345025607	78.5381160033205	2383.4237
78.0687402510143	77.80128166719327	2343.263
77.37858351923944	77.06068156288816	2307.6184
76.69047900661849	76.31608142517841	2276.5924
76.00455464110858	75.56724495673262	2250.2015
75.32094065950206	74.81393376279749	2228.3838
74.63976974149092	74.05590729551355	2211.0087
73.96117714519126	73.29292280889818	2197.8867
73.28530084406378	72.52473532561788	2188.7803
72.61228166514054	71.7510976167656	2183.415
71.94226342843773	70.97176019595781	2181.4892
71.27539308740191	70.18647132917059	2182.6857
70.61182087020094	69.39497706184336	2186.6803
69.95170042163069	68.59702126489356	2193.1517
69.29518894536457	67.79234570140352	2201.7888
68.64244734622547	66.98069011586378	2212.2979
67.99364037210603	66.16179234798135	2224.4092
67.34893675510656	65.33538847318859	2237.8807
66.70850935139694	64.50121297211548	2252.5029
66.07253527924108	63.65899893141411	2268.1008
65.44119605454999	62.808478278447	2284.5363
64.81467772324949	61.94938205246937	2301.7082
64.19317098966519	61.081440715044565	2319.5528
63.57687134003648	60.20438450253143	2338.0421
62.965979160175145	59.31794382356658	2357.1828
62.36069984618289	58.4218497045308	2377.013
61.761243907035045	57.515834286031215	2397.5995
61.16782705772538	56.59963137344585	2419.0336
60.58067030155157	55.67297704455769	2441.4267
59.99999999999999	54.735610317245346	2464.9051
59.42604792856702	53.787273880091085	2489.605
58.8590513167294	52.827714888604646	2515.666
58.29925287015328	51.85668582953758	2543.2249
57.74690077310915	50.87394545546753	2572.4099
57.20224866894282	49.87925979145702	2603.3331
56.66555561634145	48.87240321512806	2636.0849
56.13708601903233	47.85315961093413	2670.7271
55.61710952646371	46.821323598745	2707.2872
55.10590090294487	45.776701836081465	2745.7534
54.60373986267208	44.71911439243896	2786.0696
54.11091086804023	43.6483961931151	2828.1324
53.62770288864506	42.564398528805846	2871.7882
53.154409118419395	41.46699062595427	2916.8329
52.691326648427214	40.356061271430136	2963.0118
52.23875609296496	39.23152048359226	3010.0219
51.79700116679687	38.09330122015014	3057.5159
51.36636821158484	36.941361111512535	3105.1075
50.94716566986906	35.77568420650932	3152.3785
50.539703505316	34.59628271552699	3198.8876
50.14429256838126	33.40319873424199	3244.1803
49.76124390703504	32.19650592930866	3287.8002
49.390868022772075	30.976311165609783	3329.3009
49.03347407277117	29.742756053058372	3368.2588
48.68936901978189	28.496018389510258	3404.2854
48.35885673209022	27.236313475170732	3437.0397
48.04223703674405	25.963895273021652	3466.2401
47.73980473009234	24.679057389323834	3491.6744
47.45184855059514	23.382133848230776	3513.2087
47.178650119779434	22.07349963504216	3530.7945
46.920482858129056	20.753570983684796	3544.4728
46.677610883583455	19.422805385675183	3554.376
46.450287901158305	18.08170130012181	3560.7268
46.23875609296496	16.730797547275397	3563.8345
46.043245018569806	15.370672371723243	3564.088
45.86397053617525	14.001942165516926	3561.946
45.701133755495384	12.625259846263035	3557.9244
45.554920033420714	11.241312890415616	3552.5822
45.42549802359849	9.850821027578828	3546.504
45.31301879088406	8.454533607433808	3540.2827
45.21761500123496	7.053226656798624	3534.4998
45.1394001970194	5.647699650155149	3529.7067
45.07846816689916	4.238772022564465	3526.4055
45.03489241843145	2.8272794590735852	3525.0312
45.00872576033472	1.414069999328503	3525.9357
45.0	4.961562726608714e-15	3529.3739
45.00872576033472	358.5859300006715	3535.4927
45.03489241843145	357.17272054092643	3544.323
45.07846816689916	355.76122797743557	3555.7764
45.1394001970194	354.3523003498448	3569.6441
45.21761500123496	352.94677334320136	3585.6013
45.31301879088406	351.5454663925662	3603.215
45.42549802359848	350.14917897242117	3621.9551
45.554920033420714	348.7586871095844	3641.2099
45.701133755495384	347.374740153737	3660.3036
45.86397053617525	345.99805783448306	3678.5173
46.043245018569806	344.62932762827677	3695.1108
46.238756092964955	343.26920245272464	3709.346
46.450287901158305	341.91829869987816	3720.5103
46.677610883583455	340.5771946143248	3727.9401
46.920482858129056	339.2464290163152	3731.0415
47.178650119779434	337.92650036495786	3729.3109
47.45184855059512	336.61786615176925	3722.3507
47.73980473009234	335.3209426106762	3709.8832
48.04223703674405	334.03610472697835	3691.7601
48.3588567320902	332.76368652482927	3667.9671
48.68936901978189	331.50398161048975	3638.6251
49.03347407277117	330.2572439469416	3603.9863
49.39086802277208	329.0236888343902	3564.4258
49.76124390703504	327.80349407069133	3520.4301
50.14429256838125	326.596801265758	3472.5805
50.539703505316005	325.40371728447303	3421.5347
50.94716566986905	324.2243157934907	3368.0052
51.36636821158484	323.05863888848745	3312.7366
51.79700116679685	321.9066987798499	3256.482
52.23875609296496	320.76847951640775	3199.9792
52.691326648427214	319.6439387285699	3143.9281
53.154409118419395	318.5330093740457	3088.9698
53.62770288864506	317.43560147119416	3035.6688
54.11091086804023	316.3516038068849	2984.4971
54.60373986267208	315.28088560756106	2935.8236
55.10590090294487	314.2232981639185	2889.9065
55.617109526463715	313.17867640125496	2846.891
56.13708601903233	312.14684038906586	2806.8103
56.66555561634144	311.12759678487197	2769.5928
57.20224866894282	310.120740208543	2735.0715
57.74690077310915	309.1260545445325	2702.9983
58.29925287015328	308.1433141704624	2673.0615
58.8590513167294	307.17228511139535	2644.9047
59.42604792856702	306.2127261199089	2618.1487
59.99999999999999	305.26438968275465	2592.4134
60.58067030155157	304.3270229554423	2567.3398
61.16782705772538	303.40036862655415	2542.6112
61.76124390703503	302.4841657139688	2517.9722
62.36069984618289	301.5781502954692	2493.2459
62.96597916017513	300.68205617643343	2468.3471
63.57687134003648	299.7956154974686	2443.2918
64.19317098966519	298.91855928495545	2418.2025
64.81467772324949	298.0506179475306	2393.3094
65.44119605454999	297.191521721553	2368.9459
66.0725352792411	296.3410010685859	2345.5408
66.70850935139694	295.49878702788453	2323.6055
67.34893675510656	294.6646115268114	2303.7172
67.99364037210603	293.83820765201864	2286.4994
68.64244734622547	293.0193098841362	2272.5994
69.29518894536457	292.2076542985965	2262.6638
69.95170042163069	291.40297873510644	2257.3138
70.61182087020094	290.60502293815665	2257.1197
71.2753930874019	289.81352867082944	2262.5765
71.94226342843773	289.0282398040422	2274.0816
72.61228166514054	288.2489023832344	2291.9148
73.28530084406377	287.4752646743821	2316.2215
73.96117714519126	286.7070771911018	2347.0002
74.63976974149092	285.9440927044865	2384.0943
75.32094065950206	285.1860662372025	2427.1886
76.00455464110858	284.4327550432674	2475.8108
76.6904790066185	283.6839185748216	2529.3384
77.37858351923944	282.93931843711187	2587.009
78.0687402510143	282.1987183328067	2647.937
78.76082345025605	281.4618839966795	2711.1323
79.45470941050044	280.72858312160906	2775.524
80.15027634097487	279.9985852767744	2839.9853
80.84740423856572	279.2716618188454	2903.3613
81.54597476125012	278.54758579690696	2964.497
82.24587110294536	277.82613185179235	3022.2659
82.94697786971682	277.10707611044654	3075.5973
83.64918095727445	276.39019607588716	3123.5027
84.3523674296794	275.67527051328665	3165.099
85.05642539917308	274.96207933265566	3199.6291
85.76124390703502	274.2504034685707	3226.4789
86.4667128053692	273.5400247573564	3245.1903
87.17272263971289	272.83072581210183	3255.4694
87.87916453235917	272.1222898958679	3257.1908
88.58593006627854	271.4145007934176	3250.3972
89.29291116952395	270.7071426817872	3235.2942
90.0	270.0	3212.2421
90.70708883047607	269.2928573182127	3181.7425
91.41406993372146	268.5854992065824	3144.4235
92.12083546764083	267.8777101041321	3101.0205
92.82727736028711	267.16927418789817	3052.3561
93.5332871946308	266.4599752426436	2999.3186
94.23875609296496	265.7495965314293	2942.8394
94.94357460082692	265.03792066734434	2883.8706
95.64763257032061	264.32472948671335	2823.3634
96.35081904272555	263.60980392411284	2762.2479
97.05302213028318	262.89292388955346	2701.4135
97.75412889705464	262.17386814820765	2641.6931
98.45402523874989	261.45241420309304	2583.8487
99.15259576143428	260.7283381811546	2528.5597
99.84972365902512	260.0014147232256	2476.4145
100.54529058949956	259.27141687839094	2427.9051
101.23917654974393	258.5381160033205	2383.4237
101.93125974898571	257.8012816671933	2343.263
102.62141648076054	257.06068156288813	2307.6184
103.30952099338153	256.31608142517837	2276.5924
103.99544535889142	255.56724495673262	2250.2015
104.67905934049796	254.8139337627975	2228.3838
105.36023025850908	254.05590729551355	2211.0087
106.03882285480874	253.2929228088982	2197.8867
106.71469915593623	252.52473532561788	2188.7803
107.38771833485946	251.7510976167656	2183.415
108.05773657156229	250.9717601959578	2181.4892
108.7246069125981	250.18647132917056	2182.6857
109.38817912979906	249.39497706184335	2186.6803
110.04829957836931	248.59702126489356	2193.1517
110.70481105463544	247.79234570140352	2201.7888
111.35755265377453	246.98069011586378	2212.2979
112.00635962789397	246.16179234798136	2224.4092
112.65106324489344	245.33538847318857	2237.8807
113.29149064860306	244.50121297211547	2252.5029
113.92746472075892	243.6589989314141	2268.1008
114.55880394545001	242.808478278447	2284.5363
115.18532227675053	241.9493820524694	2301.7082
115.8068290103348	241.08144071504458	2319.5528
116.42312865996352	240.2043845025314	2338.0421
117.03402083982486	239.31794382356657	2357.1828
117.63930015381712	238.4218497045308	2377.013
118.23875609296496	237.5158342860312	2397.5995
118.83217294227461	236.59963137344585	2419.0336
119.41932969844842	235.67297704455768	2441.4267
120.00000000000001	234.73561031724535	2464.9051
120.573952071433	233.78727388009108	2489.605
121.14094868327061	232.82771488860465	2515.666
121.70074712984672	231.85668582953755	2543.2249
122.25309922689084	230.87394545546752	2572.4099
122.79775133105717	229.879259791457	2603.3331
123.33444438365854	228.8724032151281	2636.0849
123.86291398096766	227.8531596109341	2670.7271
124.38289047353629	226.82132359874498	2707.2872
124.89409909705513	225.7767018360815	2745.7534
125.39626013732791	224.71911439243897	2786.0696
125.88908913195978	223.64839619311508	2828.1324
126.37229711135494	222.56439852880584	2871.7882
126.84559088158062	221.46699062595428	2916.8329
127.30867335157278	220.35606127143015	2963.0118
127.76124390703504	219.23152048359228	3010.0219
128.20299883320317	218.0933012201501	3057.5159
128.6336317884152	216.94136111151252	3105.1075
129.05283433013093	215.7756842065093	3152.3785
129.460296494684	214.59628271552702	3198.8876
129.85570743161875	213.40319873424195	3244.1803
130.23875609296496	212.19650592930864	3287.8002
130.60913197722795	210.9763111656098	3329.3009
130.96652592722884	209.74275605305837	3368.2588
131.31063098021812	208.49601838951028	3404.2854
131.6411432679098	207.2363134751707	3437.0397
131.95776296325596	205.96389527302162	3466.2401
132.26019526990768	204.67905738932384	3491.6744
132.54815144940486	203.38213384823078	3513.2087
132.8213498802206	202.07349963504214	3530.7945
133.07951714187095	200.75357098368477	3544.4728
133.32238911641656	199.4228053856752	3554.376
133.5497120988417	198.08170130012184	3560.7268
133.76124390703504	196.73079754727542	3563.8345
133.9567549814302	195.3706723717232	3564.088
134.13602946382477	194.0019421655169	3561.946
134.2988662445046	192.62525984626305	3557.9244
134.44507996657927	191.24131289041563	3552.5822
134.57450197640154	189.8508210275788	3546.504
134.68698120911597	188.4545336074338	3540.2827
134.78238499876502	187.0532266567986	3534.4998
134.8605998029806	185.64769965015518	3529.7067
134.92153183310086	184.2387720225645	3526.4055
134.96510758156856	182.82727945907357	3525.0312
134.99127423966527	181.4140699993285	3525.9357
135.0	180.0	3529.3739
134.99127423966527	178.58593000067157	3535.4927
134.96510758156856	177.1727205409264	3544.323
134.92153183310086	175.76122797743554	3555.7764
134.8605998029806	174.35230034984485	3569.6441
134.78238499876502	172.94677334320141	3585.6013
134.68698120911597	171.54546639256625	3603.215
134.57450197640154	170.14917897242117	3621.9551
134.44507996657927	168.7586871095844	3641.2099
134.2988662445046	167.37474015373698	3660.3036
134.13602946382477	165.9980578344831	3678.5173
133.9567549814302	164.62932762827674	3695.1108
133.76124390703504	163.2692024527246	3709.346
133.5497120988417	161.9182986998782	3720.5103
133.32238911641656	160.57719461432484	3727.9401
133.07951714187095	159.24642901631526	3731.0415
132.82134988022057	157.92650036495783	3729.3109
132.54815144940488	156.61786615176925	3722.3507
132.26019526990768	155.32094261067618	3709.8832
131.95776296325596	154.03610472697838	3691.7601
131.6411432679098	152.76368652482927	3667.9671
131.31063098021812	151.50398161048975	3638.6251
130.96652592722884	150.25724394694163	3603.9863
130.60913197722795	149.02368883439024	3564.4258
130.23875609296496	147.80349407069139	3520.4301
129.85570743161873	146.596801265758	3472.5805
129.46029649468403	145.403717284473	3421.5347
129.05283433013096	144.22431579349072	3368.0052
128.6336317884152	143.0586388884875	3312.7366
128.20299883320317	141.90669877984988	3256.482
127.76124390703505	140.76847951640775	3199.9792
127.3086733515728	139.64393872856988	3143.9281
126.84559088158062	138.53300937404575	3088.9698
126.37229711135495	137.4356014711942	3035.6688
125.88908913195978	136.35160380688492	2984.4971
125.39626013732794	135.28088560756106	2935.8236
124.89409909705515	134.22329816391854	2889.9065
124.38289047353632	133.17867640125502	2846.891
123.86291398096766	132.14684038906586	2806.8103
123.33444438365856	131.12759678487194	2769.5928
122.7977513310572	130.120740208543	2735.0715
122.25309922689087	129.12605454453248	2702.9983
121.70074712984675	128.14331417046245	2673.0615
121.14094868327061	127.17228511139534	2644.9047
120.57395207143298	126.21272611990892	2618.1487
120.00000000000001	125.26438968275468	2592.4134
119.41932969844845	124.32702295544235	2567.3398
118.83217294227461	123.40036862655414	2542.6112
118.23875609296496	122.48416571396879	2517.9722
117.63930015381712	121.57815029546921	2493.2459
117.03402083982486	120.68205617643345	2468.3471
116.42312865996352	119.79561549746859	2443.2918
115.8068290103348	118.91855928495542	2418.2025
115.18532227675053	118.05061794753063	2393.3094
114.55880394545002	117.19152172155302	2368.9459
113.92746472075895	116.34100106858591	2345.5408
113.29149064860304	115.49878702788452	2323.6055
112.65106324489344	114.66461152681141	2303.7172
112.00635962789399	113.83820765201867	2286.4994
111.35755265377455	113.01930988413625	2272.5994
110.70481105463546	112.20765429859652	2262.6638
110.04829957836931	111.40297873510644	2257.3138
109.38817912979906	110.60502293815665	2257.1197
108.7246069125981	109.81352867082943	2262.5765
108.05773657156229	109.02823980404222	2274.0816
107.38771833485946	108.2489023832344	2291.9148
106.71469915593623	107.47526467438213	2316.2215
106.03882285480876	106.70707719110183	2347.0002
105.36023025850909	105.94409270448648	2384.0943
104.67905934049797	105.18606623720254	2427.1886
103.99544535889142	104.43275504326738	2475.8108
103.30952099338151	103.68391857482159	2529.3384
102.62141648076056	102.93931843711185	2587.009
101.93125974898572	102.19871833280676	2647.937
101.23917654974393	101.4618839966795	2711.1323
100.54529058949956	100.72858312160906	2775.524
99.84972365902513	99.99858527677442	2839.9853
99.15259576143428	99.27166181884544	2903.3613
98.4540252387499	98.54758579690696	2964.497
97.75412889705464	97.82613185179234	3022.2659
97.05302213028318	97.10707611044654	3075.5973
96.35081904272556	96.39019607588716	3123.5027
95.64763257032062	95.67527051328666	3165.099
94.94357460082692	94.96207933265563	3199.6291
94.23875609296496	94.25040346857071	3226.4789
93.53328719463082	93.54002475735638	3245.1903
92.82727736028713	92.83072581210186	3255.4694
92.12083546764086	92.12228989586791	3257.1908
91.41406993372146	91.41450079341756	3250.3972
90.70708883047607	90.70714268178726	3235.2942
90.0	0.0	1257.2401
90.0	1.0	1247.5489
90.0	2.0	1235.7323
90.0	3.0000000000000004	1222.1394
90.0	4.0	1207.2108
90.0	5.0	1191.4631
90.0	6.000000000000001	1175.4713
90.0	7.0	1159.8483
90.0	8.0	1145.2232
90.0	9.0	1132.2185
90.0	10.0	1121.4279
90.0	11.0	1113.3955
90.0	12.0	1108.5958
90.0	13.0	1107.4177
90.0	14.0	1110.1511
90.0	14.999999999999998	1116.9773
90.0	16.0	1127.9638
90.0	17.000000000000004	1143.0632
90.0	18.0	1162.1164
90.0	19.0	1184.8601
90.0	20.0	1210.9377
90.0	21.0	1239.9136
90.0	22.0	1271.2902
90.0	23.0	1304.5265
90.0	24.000000000000004	1339.0579
90.0	25.0	1374.3166
90.0	26.0	1409.7507
90.0	26.999999999999996	1444.8426
90.0	28.0	1479.1254
90.0	29.000000000000004	1512.196
90.0	29.999999999999996	1543.7263
90.0	31.0	1573.4695
90.0	32.0	1601.2644
90.0	33.0	1627.0348
90.0	34.00000000000001	1650.7868
90.0	35.0	1672.6017
90.0	36.0	1692.6271
90.0	37.0	1711.066
90.0	38.0	1728.1638
90.0	39.0	1744.195
90.0	40.0	1759.4495
90.0	41.0	1774.22
90.0	42.0	1788.7899
90.0	43.0	1803.4238
90.0	44.0	1818.359
90.0	45.0	1833.8011
90.0	46.00000000000001	1849.921
90.0	47.0	1866.8553
90.0	48.00000000000001	1884.7089
90.0	49.00000000000001	1903.5603
90.0	50.0	1923.4686
90.0	51.0	1944.4819
90.0	52.0	1966.647
90.0	53.0	1990.0184
90.0	54.0	2014.6676
90.0	55.0	2040.6907
90.0	56.0	2068.2151
90.0	57.00000000000001	2097.4026
90.0	58.00000000000001	2128.4509
90.0	59.00000000000001	2161.5915
90.0	59.99999999999999	2197.0849
90.0	61.0	2235.212
90.0	62.0	2276.2631
90.0	63.0	2320.5242
90.0	64.0	2368.2608
90.0	65.0	2419.7008
90.0	66.0	2475.0163
90.0	67.0	2534.3054
90.0	68.0	2597.5751
90.0	69.0	2664.7261
90.0	70.0	2735.54
90.0	71.0	2809.67
90.0	72.0	2886.6358
90.0	73.0	2965.8224
90.0	74.0	3046.4848
90.0	75.0	3127.7569
90.0	76.0	3208.6656
90.0	77.0	3288.15
90.0	78.0	3365.0844
90.0	79.0	3438.3052
90.0	80.0	3506.6402
90.0	81.0	3568.9408
90.0	82.0	3624.1136
90.0	83.0	3671.1528
90.0	84.0	3709.1708
90.0	85.0	3737.4258
90.0	86.0	3755.3467
90.0	87.0	3762.5526
90.0	88.0	3758.8672
90.0	89.0	3744.3277
90.0	90.0	3719.1865
90.0	91.0	3683.9071
90.0	92.0	3639.1534
90.0	93.0	3585.7725
90.0	94.0	3524.7719
90.0	95.0	3457.2923
90.0	96.00000000000001	3384.5759
90.0	97.0	3307.9319
90.0	98.0	3228.7002
90.0	99.0	3148.2147
90.0	100.0	3067.7673
90.0	101.0	2988.5736
90.0	102.0	2911.7417
90.0	103.0	2838.2457
90.0	104.0	2768.9032
90.0	105.00000000000001	2704.359
90.0	106.0	2645.0749
90.0	107.0	2591.3255
90.0	108.0	2543.2005
90.0	109.0	2500.613
90.0	110.0	2463.3134
90.0	111.0	2430.9081
90.0	112.0	2402.8824
90.0	113.0	2378.6265
90.0	114.00000000000001	2357.4635
90.0	115.0	2338.6782
90.0	116.00000000000001	2321.546
90.0	117.0	2305.3604
90.0	118.00000000000001	2289.4579
90.0	119.0	2273.2404
90.0	119.99999999999999	2256.193
90.0	121.0	2237.8978
90.0	122.0	2218.0427
90.0	123.00000000000001	2196.4258
90.0	124.0	2172.954
90.0	125.00000000000001	2147.6377
90.0	126.0	2120.5814
90.0	127.00000000000001	2091.9705
90.0	128.0	2062.0551
90.0	129.0	2031.1328
90.0	130.0	1999.5294
90.0	131.0	1967.5801
90.0	132.0	1935.6113
90.0	133.0	1903.9242
90.0	134.0	1872.7802
90.0	135.0	1842.3901
90.0	136.0	1812.9056
90.0	137.0	1784.4152
90.0	138.0	1756.9439
90.0	139.0	1730.456
90.0	140.0	1704.8614
90.0	141.0	1680.0253
90.0	142.0	1655.7801
90.0	143.0	1631.9385
90.0	144.0	1608.3087
90.0	145.0	1584.7084
90.0	146.0	1560.9799
90.0	147.0	1537.0021
90.0	148.0	1512.7019
90.0	149.0	1488.0626
90.0	150.0	1463.1284
90.0	151.0	1438.0071
90.0	152.0	1412.8681
90.0	153.0	1387.9373
90.0	154.0	1363.489
90.0	155.0	1339.8345
90.0	156.0	1317.3085
90.0	157.0	1296.2538
90.0	158.0	1277.0048
90.0	159.0	1259.8705
90.0	160.0	1245.1188
90.0	161.0	1232.961
90.0	162.0	1223.5393
90.0	163.0	1216.9162
90.0	164.0	1213.0678
90.0	165.0	1211.8803
90.0	166.0	1213.1507
90.0	167.0	1216.5907
90.0	168.0	1221.8357
90.0	169.0	1228.4561
90.0	170.0	1235.9726
90.0	171.0	1243.8736
90.0	172.0	1251.6347
90.0	173.0	1258.739
90.0	174.0	1264.698
90.0	175.0	1269.0712
90.0	176.0	1271.4853
90.0	177.0	1271.6498
90.0	178.0	1269.3706
90.0	179.0	1264.5595
90.0	180.0	1257.2401
90.0	181.0	1247.5489
90.0	181.99999999999997	1235.7323
90.0	182.99999999999997	1222.1394
90.0	183.99999999999997	1207.2108
90.0	184.99999999999997	1191.4631
90.0	185.99999999999997	1175.4713
90.0	186.99999999999997	1159.8483
90.0	188.0	1145.2232
90.0	188.99999999999997	1132.2185
90.0	190.0	1121.4279
90.0	190.99999999999997	1113.3955
90.0	192.0	1108.5958
90.0	192.99999999999997	1107.4177
90.0	193.99999999999997	1110.1511
90.0	194.99999999999997	1116.9773
90.0	195.99999999999997	1127.9638
90.0	197.0	1143.0632
90.0	197.99999999999997	1162.1164
90.0	199.0	1184.8601
90.0	199.99999999999997	1210.9377
90.0	201.0	1239.9136
90.0	201.99999999999997	1271.2902
90.0	203.0	1304.5265
90.0	203.99999999999997	1339.0579
90.0	204.99999999999997	1374.3166
90.0	206.0	1409.7507
90.0	206.99999999999997	1444.8426
90.0	208.0	1479.1254
90.0	208.99999999999997	1512.196
90.0	210.0	1543.7263
90.0	210.99999999999997	1573.4695
90.0	212.0	1601.2644
90.0	212.99999999999997	1627.0348
90.0	214.0	1650.7868
90.0	215.0	1672.6017
90.0	216.0	1692.6271
90.0	217.0	1711.066
90.0	217.99999999999997	1728.1638
90.0	219.00000000000003	1744.195
90.0	219.99999999999997	1759.4495
90.0	220.99999999999997	1774.22
90.0	221.99999999999997	1788.7899
90.0	223.0	1803.4238
90.0	224.0	1818.359
90.0	224.99999999999997	1833.8011
90.0	226.0	1849.921
90.0	227.0	1866.8553
90.0	228.0	1884.7089
90.0	229.0	1903.5603
90.0	230.0	1923.4686
90.0	230.99999999999997	1944.4819
90.0	232.00000000000003	1966.647
90.0	233.0	1990.0184
90.0	233.99999999999997	2014.6676
90.0	234.99999999999994	2040.6907
90.0	236.0	2068.2151
90.0	237.0	2097.4026
90.0	238.0	2128.4509
90.0	239.0	2161.5915
90.0	239.99999999999994	2197.0849
90.0	241.0	2235.212
90.0	242.0	2276.2631
90.0	242.99999999999997	2320.5242
90.0	243.99999999999994	2368.2608
90.0	245.0	2419.7008
90.0	246.0	2475.0163
90.0	247.0	2534.3054
90.0	248.0	2597.5751
90.0	248.99999999999997	2664.7261
90.0	250.0	2735.54
90.0	251.0	2809.67
90.0	252.0	2886.6358
90.0	252.99999999999997	2965.8224
90.0	254.0	3046.4848
90.0	255.0	3127.7569
90.0	256.0	3208.6656
90.0	257.0	3288.15
90.0	258.0	3365.0844
90.0	259.0	3438.3052
90.0	260.0	3506.6402
90.0	261.0	3568.9408
90.0	262.0	3624.1136
90.0	263.0	3671.1528
90.0	264.0	3709.1708
90.0	265.0	3737.4258
90.0	266.0	3755.3467
90.0	267.0	3762.5526
90.0	268.0	3758.8672
90.0	269.0	3744.3277
90.0	270.0	3719.1865
90.0	271.0	3683.9071
90.0	272.0	3639.1534
90.0	273.0	3585.7725
90.0	274.0	3524.7719
90.0	275.0	3457.2923
90.0	276.0	3384.5759
90.0	277.0	3307.9319
90.0	278.0	3228.7002
90.0	279.0	3148.2147
90.0	280.0	3067.7673
90.0	281.0	2988.5736
90.0	282.0	2911.7417
90.0	283.0	2838.2457
90.0	284.0	2768.9032
90.0	285.0	2704.359
90.0	286.0	2645.0749
90.0	287.0	2591.3255
90.0	288.0	2543.2005
90.0	289.0	2500.613
90.0	290.0	2463.3134
90.0	291.0	2430.9081
90.0	292.0	2402.8824
90.0	293.0	2378.6265
90.0	294.0	2357.4635
90.0	295.0	2338.6782
90.0	296.0	2321.546
90.0	297.0	2305.3604
90.0	298.0	2289.4579
90.0	299.0	2273.2404
90.0	300.0	2256.193
90.0	301.0	2237.8978
90.0	302.0	2218.0427
90.0	303.0	2196.4258
90.0	304.0	2172.954
90.0	305.0	2147.6377
90.0	306.0	2120.5814
90.0	307.0	2091.9705
90.0	308.0	2062.0551
90.0	309.0	2031.1328
90.0	310.0	1999.5294
90.0	311.0	1967.5801
90.0	311.99999999999994	1935.6113
90.0	313.0	1903.9242
90.0	314.0	1872.7802
90.0	315.0	1842.3901
90.0	316.0	1812.9056
90.0	317.0	1784.4152
90.0	318.0	1756.9439
90.0	319.0	1730.456
90.0	320.0	1704.8614
90.0	321.0	1680.0253
90.0	322.0	1655.7801
90.0	323.0	1631.9385
90.0	324.0	1608.3087
90.0	325.0	1584.7084
90.0	326.0	1560.9799
90.0	327.0	1537.0021
90.0	328.0	1512.7019
90.0	329.0	1488.0626
90.0	330.0	1463.1284
90.0	331.0	1438.0071
90.0	332.0	1412.8681
90.0	333.0	1387.9373
90.0	334.0	1363.489
90.0	335.0	1339.8345
90.0	336.0	1317.3085
90.0	337.0	1296.2538
90.0	338.0	1277.0048
90.0	338.99999999999994	1259.8705
90.0	340.0	1245.1188
90.0	341.0	1232.961
90.0	342.0	1223.5393
90.0	343.0	1216.9162
90.0	344.0	1213.0678
90.0	345.0	1211.8803
90.0	346.0	1213.1507
90.0	347.0	1216.5907
90.0	347.99999999999994	1221.8357
90.0	349.0	1228.4561
90.0	350.0	1235.9726
90.0	351.0	1243.8736
90.0	352.0	1251.6347
90.0	353.0	1258.739
90.0	354.0	1264.698
90.0	355.0	1269.0712
90.0	356.0	1271.4853
90.0	356.99999999999994	1271.6498
90.0	358.0	1269.3706
90.0	359.0	1264.5595
90.0	0.0	2151.6753
89.0	0.0	2127.6704
88.0	0.0	2081.8214
87.00000000000001	0.0	2017.7735
86.0	0.0	1941.219
85.0	0.0	1859.6231
84.0	0.0	1781.8599
83.0	0.0	1717.7759
82.0	0.0	1677.7008
81.0	0.0	1671.9261
80.0	0.0	1710.1756
79.0	0.0	1801.0919
78.00000000000001	0.0	1951.7615
77.0	0.0	2167.2992
76.0	0.0	2450.5134
75.0	0.0	2801.6646
74.0	0.0	3218.3316
73.0	0.0	3695.3902
72.0	0.0	4225.1077
71.0	0.0	4797.35
70.0	0.0	5399.893
69.00000000000001	0.0	6018.8271
68.0	0.0	6639.0373
67.0	0.0	7244.7396
66.0	0.0	7820.052
65.0	0.0	8349.5759
64.0	0.0	8818.9643
63.0	0.0	9215.4526
62.0	0.0	9528.3303
61.0	0.0	9749.3343
60.00000000000001	0.0	9872.9471
59.00000000000001	0.0	9896.5882
58.00000000000001	0.0	9820.6911
57.00000000000001	0.0	9648.6626
55.99999999999999	0.0	9386.7278
55.00000000000001	0.0	9043.6665
54.0	0.0	8630.4544
53.00000000000001	0.0	8159.8229
52.0	0.0	7645.7586
51.00000000000001	0.0	7102.9623
50.00000000000001	0.0	6546.2913
49.00000000000001	0.0	5990.2099
48.0	0.0	5448.2687
47.0	0.0	4932.6363
46.00000000000001	0.0	4453.7033
45.0	0.0	4019.7714
44.0	0.0	3636.8437
43.0	0.0	3308.521
42.0	0.0	3036.0074
41.0	0.0	2818.2244
40.00000000000001	0.0	2652.0246
39.0	0.0	2532.496
37.99999999999999	0.0	2453.3393
37.0	0.0	2407.3017
36.0	0.0	2386.6452
35.0	0.0	2383.627
34.0	0.0	2390.9702
33.0	0.0	2402.3007
31.99999999999999	0.0	2412.5316
31.0	0.0	2418.1751
30.000000000000004	0.0	2417.5681
29.00000000000001	0.0	2410.9998
28.000000000000007	0.0	2400.7348
27.00000000000001	0.0	2390.9311
25.999999999999996	0.0	2387.4535
25.000000000000004	0.0	2397.5939
24.000000000000004	0.0	2429.7069
22.999999999999993	0.0	2492.7802
21.999999999999996	0.0	2595.9565
21.0	0.0	2748.0303
20.00000000000001	0.0	2956.9412
19.000000000000014	0.0	3229.2888
18.00000000000001	0.0	3569.8897
17.000000000000007	0.0	3981.3995
15.999999999999995	0.0	4464.0171
14.999999999999996	0.0	5015.2869
14.0	0.0	5630.009
12.999999999999996	0.0	6300.2645
12.000000000000018	0.0	7015.5565
10.999999999999993	0.0	7763.0634
10.000000000000012	0.0	8527.9959
8.999999999999984	0.0	9294.0448
7.999999999999981	0.0	10043.9017
7.000000000000025	0.0	10759.8335
6.000000000000026	0.0	11424.2864
4.999999999999992	0.0	12020.4972
4.000000000000042	0.0	12533.0841
3.0000000000000444	0.0	12948.5967
1.9999999999999472	0.0	13256.0
0.9999999999999002	0.0	13447.0731
0.0	0.0	13516.7075
0.9999999999999002	180.0	13463.0919
1.9999999999999472	180.0	13287.7754
3.0000000000000444	180.0	12995.6076
4.000000000000042	180.0	12594.5583
4.999999999999992	180.0	12095.4229
6.000000000000026	180.0	11511.4272
6.9999999999999725	180.0	10857.7472
7.999999999999981	180.0	10150.9641
8.999999999999984	180.0	9408.476
10.000000000000012	180.0	8647.8915
10.999999999999993	180.0	7886.4289
11.999999999999988	180.0	7140.3448
12.999999999999996	180.0	6424.4166
14.0	180.0	5751.4964
14.999999999999996	180.0	5132.156
15.999999999999995	180.0	4574.4333
16.99999999999999	180.0	4083.6917
17.999999999999986	180.0	3662.5921
18.999999999999996	180.0	3311.1804
19.999999999999993	180.0	3027.0811
21.0	180.0	2805.7869
21.999999999999996	180.0	2641.0309
23.00000000000001	180.0	2525.2209
24.000000000000004	180.0	2449.917
24.99999999999999	180.0	2406.3277
26.000000000000007	180.0	2385.8044
26.999999999999996	180.0	2380.3087
28.000000000000007	180.0	2382.8329
28.999999999999996	180.0	2387.7548
29.999999999999993	180.0	2391.1095
31.0	180.0	2390.7682
31.99999999999999	180.0	2386.5153
33.0	180.0	2380.0213
34.0	180.0	2374.713
35.000000000000014	180.0	2375.5488
36.0	180.0	2388.7089
37.000000000000014	180.0	2421.2164
37.99999999999999	180.0	2480.5064
38.99999999999999	180.0	2573.9653
40.00000000000001	180.0	2708.4601
40.999999999999986	180.0	2889.8829
42.0	180.0	3122.7302
43.0	180.0	3409.7387
44.00000000000001	180.0	3751.5954
45.0	180.0	4146.7369
46.000000000000014	180.0	4591.2482
47.0	180.0	5078.868
47.999999999999986	180.0	5601.1015
49.00000000000001	180.0	6147.4379
49.99999999999999	180.0	6705.6651
51.00000000000001	180.0	7262.2684
51.99999999999999	180.0	7802.8973
53.000000000000014	180.0	8312.8825
53.99999999999999	180.0	8777.7788
55.000000000000014	180.0	9183.914
55.99999999999999	180.0	9518.9176
56.999999999999986	180.0	9772.2083
58.00000000000001	180.0	9935.4195
58.99999999999999	180.0	10002.7421
60.00000000000001	180.0	9971.1719
61.0	180.0	9840.6493
62.000000000000014	180.0	9614.0843
63.0	180.0	9297.2667
64.00000000000001	180.0	8898.663
65.0	180.0	8429.1089
65.99999999999999	180.0	7901.4103
67.0	180.0	7329.8679
68.0	180.0	6729.747
69.00000000000001	180.0	6116.7127
70.0	180.0	5506.2548
71.00000000000001	180.0	4913.1272
72.0	180.0	4350.8232
73.00000000000001	180.0	3831.1103
74.0	180.0	3363.6421
74.99999999999999	180.0	2955.6644
76.0	180.0	2611.8259
77.0	180.0	2334.1018
78.00000000000001	180.0	2121.8315
79.0	180.0	1971.8688
80.00000000000001	180.0	1878.8356
81.0	180.0	1835.4687
82.00000000000001	180.0	1833.0424
83.0	180.0	1861.8477
83.99999999999999	180.0	1911.7076
85.0	180.0	1972.5032
86.0	180.0	2034.6893
87.00000000000001	180.0	2089.7744
88.0	180.0	2130.7446
89.00000000000001	180.0	2152.4125
90.0	180.0	2151.6753
91.00000000000001	180.0	2127.6704
92.0	180.0	2081.8214
92.99999999999999	180.0	2017.7735
94.0	180.0	1941.219
95.0	180.0	1859.6231
96.00000000000001	180.0	1781.8599
97.0	180.0	1717.7759
98.00000000000001	180.0	1677.7008
99.0	180.0	1671.9261
100.00000000000001	180.0	1710.1756
101.0	180.0	1801.0919
102.00000000000001	180.0	1951.7615
103.0	180.0	2167.2992
104.0	180.0	2450.5134
105.00000000000001	180.0	2801.6646
106.0	180.0	3218.3316
107.00000000000001	180.0	3695.3902
108.0	180.0	4225.1077
109.00000000000001	180.0	4797.35
110.0	180.0	5399.893
111.00000000000001	180.0	6018.8271
112.0	180.0	6639.0373
113.0	180.0	7244.7396
114.00000000000001	180.0	7820.052
115.0	180.0	8349.5759
116.00000000000001	180.0	8818.9643
117.0	180.0	9215.4526
118.00000000000001	180.0	9528.3303
119.0	180.0	9749.3343
120.00000000000001	180.0	9872.9471
121.0	180.0	9896.5882
122.0	180.0	9820.6911
123.00000000000001	180.0	9648.6626
124.0	180.0	9386.7278
125.00000000000001	180.0	9043.6665
126.0	180.0	8630.4544
127.00000000000001	180.0	8159.8229
128.0	180.0	7645.7586
129.00000000000003	180.0	7102.9623
130.0	180.0	6546.2913
131.0	180.0	5990.2099
132.0	180.0	5448.2687
133.0	180.0	4932.6363
134.0	180.0	4453.7033
135.0	180.0	4019.7714
136.0	180.0	3636.8437
137.0	180.0	3308.521
138.00000000000003	180.0	3036.0074
139.0	180.0	2818.2244
140.0	180.0	2652.0246
140.99999999999997	180.0	2532.496
142.00000000000003	180.0	2453.3393
143.0	180.0	2407.3017
144.0	180.0	2386.6452
145.0	180.0	2383.627
146.00000000000003	180.0	2390.9702
147.00000000000003	180.0	2402.3007
148.0	180.0	2412.5316
149.0	180.0	2418.1751
149.99999999999997	180.0	2417.5681
151.00000000000003	180.0	2410.9998
152.0	180.0	2400.7348
153.0	180.0	2390.9311
154.0	180.0	2387.4535
155.00000000000003	180.0	2397.5939
156.00000000000003	180.0	2429.7069
157.0	180.0	2492.7802
158.0	180.0	2595.9565
158.99999999999997	180.0	2748.0303
160.00000000000003	180.0	2956.9412
161.0	180.0	3229.2888
162.0	180.0	3569.8897
163.0	180.0	3981.3995
164.00000000000003	180.0	4464.0171
165.00000000000003	180.0	5015.2869
166.0	180.0	5630.009
167.0	180.0	6300.2645
167.99999999999997	180.0	7015.5565
169.00000000000003	180.0	7763.0634
169.99999999999997	180.0	8527.9959
170.99999999999997	180.0	9294.0448
172.0	180.0	10043.9017
173.00000000000003	180.0	10759.8335
174.00000000000003	180.0	11424.2864
175.0	180.0	12020.4972
175.99999999999997	180.0	12533.0841
176.99999999999994	180.0	12948.5967
178.00000000000006	180.0	13256.0
179.0000000000001	180.0	13447.0731
180.0	180.0	13516.7075
179.0000000000001	0.0	13463.0919
178.00000000000006	0.0	13287.7754
176.99999999999994	0.0	12995.6076
176.00000000000006	0.0	12594.5583
175.0	0.0	12095.4229
174.00000000000003	0.0	11511.4272
172.99999999999997	0.0	10857.7472
172.0	0.0	10150.9641
171.00000000000003	0.0	9408.476
170.00000000000003	0.0	8647.8915
168.99999999999997	0.0	7886.4289
167.99999999999997	0.0	7140.3448
167.00000000000003	0.0	6424.4166
166.00000000000003	0.0	5751.4964
165.00000000000003	0.0	5132.156
163.99999999999997	0.0	4574.4333
163.0	0.0	4083.6917
162.00000000000003	0.0	3662.5921
161.00000000000003	0.0	3311.1804
160.0	0.0	3027.0811
159.0	0.0	2805.7869
158.00000000000003	0.0	2641.0309
157.00000000000003	0.0	2525.2209
156.00000000000003	0.0	2449.917
154.99999999999997	0.0	2406.3277
154.0	0.0	2385.8044
153.00000000000003	0.0	2380.3087
152.0	0.0	2382.8329
150.99999999999997	0.0	2387.7548
150.0	0.0	2391.1095
149.0	0.0	2390.7682
148.0	0.0	2386.5153
147.00000000000003	0.0	2380.0213
146.0	0.0	2374.713
145.0	0.0	2375.5488
144.00000000000003	0.0	2388.7089
143.0	0.0	2421.2164
142.0	0.0	2480.5064
140.99999999999997	0.0	2573.9653
140.00000000000003	0.0	2708.4601
139.00000000000003	0.0	2889.8829
138.00000000000003	0.0	3122.7302
137.0	0.0	3409.7387
136.0	0.0	3751.5954
135.00000000000003	0.0	4146.7369
134.00000000000003	0.0	4591.2482
132.99999999999997	0.0	5078.868
131.99999999999997	0.0	5601.1015
131.00000000000003	0.0	6147.4379
130.00000000000003	0.0	6705.6651
129.00000000000003	0.0	7262.2684
128.0	0.0	7802.8973
126.99999999999999	0.0	8312.8825
126.00000000000003	0.0	8777.7788
125.00000000000004	0.0	9183.914
123.99999999999997	0.0	9518.9176
122.99999999999999	0.0	9772.2083
122.0	0.0	9935.4195
121.0	0.0	10002.7421
120.00000000000001	0.0	9971.1719
119.0	0.0	9840.6493
118.00000000000001	0.0	9614.0843
117.00000000000003	0.0	9297.2667
116.00000000000004	0.0	8898.663
115.0	0.0	8429.1089
114.00000000000001	0.0	7901.4103
113.00000000000001	0.0	7329.8679
112.00000000000003	0.0	6729.747
111.00000000000004	0.0	6116.7127
110.0	0.0	5506.2548
109.00000000000001	0.0	4913.1272
108.00000000000003	0.0	4350.8232
107.00000000000004	0.0	3831.1103
106.0	0.0	3363.6421
105.0	0.0	2955.6644
104.00000000000001	0.0	2611.8259
103.00000000000001	0.0	2334.1018
102.00000000000003	0.0	2121.8315
100.99999999999999	0.0	1971.8688
100.0	0.0	1878.8356
99.00000000000001	0.0	1835.4687
98.00000000000003	0.0	1833.0424
96.99999999999999	0.0	1861.8477
96.0	0.0	1911.7076
95.0	0.0	1972.5032
94.00000000000001	0.0	2034.6893
93.00000000000003	0.0	2089.7744
91.99999999999999	0.0	2130.7446
91.0	0.0	2152.4125
90.0	90.0	3114.6586
89.0	90.0	3095.0095
88.0	90.0	3063.9235
87.00000000000001	90.0	3022.1707
86.0	90.0	2970.8387
85.0	90.0	2911.2931
84.0	90.0	2845.1274
83.0	90.0	2774.1042
82.0	90.0	2700.0905
81.0	90.0	2624.99
80.0	90.0	2550.6759
79.0	90.0	2478.9252
78.00000000000001	90.0	2411.3601
77.0	90.0	2349.3963
76.0	90.0	2294.2027
75.0	90.0	2246.672
74.0	90.0	2207.4056
73.0	90.0	2176.7111
72.0	90.0	2154.614
71.0	90.0	2140.8815
70.0	90.0	2135.0586
69.00000000000001	90.0	2136.5125
68.0	90.0	2144.4854
67.0	90.0	2158.1509
66.0	90.0	2176.6726
65.0	90.0	2199.261
64.0	90.0	2225.2265
63.0	90.0	2254.0256
62.0	90.0	2285.2975
61.0	90.0	2318.8898
60.00000000000001	90.0	2354.8721
59.00000000000001	90.0	2393.5358
58.00000000000001	90.0	2435.3807
57.00000000000001	90.0	2481.0895
55.99999999999999	90.0	2531.49
55.00000000000001	90.0	2587.508
54.0	90.0	2650.113
53.00000000000001	90.0	2720.2587
52.0	90.0	2798.823
51.00000000000001	90.0	2886.5485
50.00000000000001	90.0	2983.9884
49.00000000000001	90.0	3091.4601
48.0	90.0	3209.0096
47.0	90.0	3336.3881
46.00000000000001	90.0	3473.0437
45.0	90.0	3618.1284
44.0	90.0	3770.5214
43.0	90.0	3928.8671
42.0	90.0	4091.6284
41.0	90.0	4257.1518
40.00000000000001	90.0	4423.742
39.0	90.0	4589.7446
37.99999999999999	90.0	4753.63
37.0	90.0	4914.0779
36.0	90.0	5070.057
35.0	90.0	5220.8948
34.0	90.0	5366.337
33.0	90.0	5506.5891
31.99999999999999	90.0	5642.3415
31.0	90.0	5774.7723
30.000000000000004	90.0	5905.5301
29.00000000000001	90.0	6036.693
28.000000000000007	90.0	6170.7076
27.00000000000001	90.0	6310.3069
25.999999999999996	90.0	6458.4107
25.000000000000004	90.0	6618.0121
24.000000000000004	90.0	6792.0529
22.999999999999993	90.0	6983.2932
21.999999999999996	90.0	7194.1799
21.0	90.0	7426.7196
20.00000000000001	90.0	7682.3595
19.000000000000014	90.0	7961.8843
18.00000000000001	90.0	8265.3295
17.000000000000007	90.0	8591.9196
15.999999999999995	90.0	8940.0299
14.999999999999996	90.0	9307.1786
14.0	90.0	9690.0464
12.999999999999996	90.0	10084.5271
12.000000000000018	90.0	10485.8062
10.999999999999993	90.0	10888.4667
10.000000000000012	90.0	11286.6183
8.999999999999984	90.0	11674.047
7.999999999999981	90.0	12044.3789
7.000000000000025	90.0	12391.2545
6.000000000000026	90.0	12708.5066
4.999999999999992	90.0	12990.3359
4.000000000000042	90.0	13231.4789
3.0000000000000444	90.0	13427.3613
1.9999999999999472	90.0	13574.2326
0.9999999999999002	90.0	13669.2768
0.0	90.0	13710.6952
0.9999999999999002	270.0	13697.7582
1.9999999999999472	270.0	13630.8256
3.0000000000000444	270.0	13511.3329
4.000000000000042	270.0	13341.7457
4.999999999999992	270.0	13125.4829
6.000000000000026	270.0	12866.8124
6.9999999999999725	270.0	12570.7215
7.999999999999981	270.0	12242.7687
8.999999999999984	270.0	11888.9204
10.000000000000012	270.0	11515.3787
10.999999999999993	270.0	11128.4064
11.999999999999988	270.0	10734.1555
12.999999999999996	270.0	10338.5038
14.0	270.0	9946.9059
14.999999999999996	270.0	9564.2634
15.999999999999995	270.0	9194.8168
16.99999999999999	270.0	8842.0643
17.999999999999986	270.0	8508.7075
18.999999999999996	270.0	8196.6264
19.999999999999993	270.0	7906.882
21.0	270.0	7639.7478
21.999999999999996	270.0	7394.7646
23.00000000000001	270.0	7170.819
24.000000000000004	270.0	6966.2396
24.99999999999999	270.0	6778.9068
26.000000000000007	270.0	6606.373
26.999999999999996	270.0	6445.9858
28.000000000000007	270.0	6295.012
28.999999999999996	270.0	6150.7552
29.999999999999993	270.0	6010.665
31.0	270.0	5872.4319
31.99999999999999	270.0	5734.0663
33.0	270.0	5593.9592
34.0	270.0	5450.9222
35.000000000000014	270.0	5304.2074
36.0	270.0	5153.5066
37.000000000000014	270.0	4998.9321
37.99999999999999	270.0	4840.9794
38.99999999999999	270.0	4680.4762
40.00000000000001	270.0	4518.5197
40.999999999999986	270.0	4356.4052
42.0	270.0	4195.5511
43.0	270.0	4037.4232
44.00000000000001	270.0	3883.4611
45.0	270.0	3735.0117
46.000000000000014	270.0	3593.2707
47.0	270.0	3459.236
47.999999999999986	270.0	3333.6741
49.00000000000001	270.0	3217.0997
49.99999999999999	270.0	3109.7704
51.00000000000001	270.0	3011.6944
51.99999999999999	270.0	2922.6519
53.000000000000014	270.0	2842.2261
53.99999999999999	270.0	2769.8448
55.000000000000014	270.0	2704.827
55.99999999999999	270.0	2646.4337
56.999999999999986	270.0	2593.9194
58.00000000000001	270.0	2546.5814
58.99999999999999	270.0	2503.804
60.00000000000001	270.0	2465.0957
61.0	270.0	2430.1175
62.000000000000014	270.0	2398.7002
63.0	270.0	2370.8502
64.00000000000001	270.0	2346.7437
65.0	270.0	2326.7098
65.99999999999999	270.0	2311.2025
67.0	270.0	2300.764
68.0	270.0	2295.9812
69.00000000000001	270.0	2297.437
70.0	270.0	2305.6596
71.00000000000001	270.0	2321.0728
72.0	270.0	2343.9489
73.00000000000001	270.0	2374.3674
74.0	270.0	2412.1824
74.99999999999999	270.0	2456.9993
76.0	270.0	2508.1634
77.0	270.0	2564.7605
78.00000000000001	270.0	2625.6305
79.0	270.0	2689.3931
80.00000000000001	270.0	2754.4855
81.0	270.0	2819.2091
82.00000000000001	270.0	2881.7858
83.0	270.0	2940.419
83.99999999999999	270.0	2993.358
85.0	270.0	3038.9629
86.0	270.0	3075.7672
87.00000000000001	270.0	3102.5343
88.0	270.0	3118.307
89.00000000000001	270.0	3122.4463
90.0	270.0	3114.6586
91.00000000000001	270.0	3095.0095
92.0	270.0	3063.9235
92.99999999999999	270.0	3022.1707
94.0	270.0	2970.8387
95.0	270.0	2911.2931
96.00000000000001	270.0	2845.1274
97.0	270.0	2774.1042
98.00000000000001	270.0	2700.0905
99.0	270.0	2624.99
100.00000000000001	270.0	2550.6759
101.0	270.0	2478.9252
102.00000000000001	270.0	2411.3601
103.0	270.0	2349.3963
104.0	270.0	2294.2027
105.00000000000001	270.0	2246.672
106.0	270.0	2207.4056
107.00000000000001	270.0	2176.7111
108.0	270.0	2154.614
109.00000000000001	270.0	2140.8815
110.0	270.0	2135.0586
111.00000000000001	270.0	2136.5125
112.0	270.0	2144.4854
113.0	270.0	2158.1509
114.00000000000001	270.0	2176.6726
115.0	270.0	2199.261
116.00000000000001	270.0	2225.2265
117.0	270.0	2254.0256
118.00000000000001	270.0	2285.2975
119.0	270.0	2318.8898
120.00000000000001	270.0	2354.8721
121.0	270.0	2393.5358
122.0	270.0	2435.3807
123.00000000000001	270.0	2481.0895
124.0	270.0	2531.49
125.00000000000001	270.0	2587.508
126.0	270.0	2650.113
127.00000000000001	270.0	2720.2587
128.0	270.0	2798.823
129.00000000000003	270.0	2886.5485
130.0	270.0	2983.9884
131.0	270.0	3091.4601
132.0	270.0	3209.0096
133.0	270.0	3336.3881
134.0	270.0	3473.0437
135.0	270.0	3618.1284
136.0	270.0	3770.5214
137.0	270.0	3928.8671
138.00000000000003	270.0	4091.6284
139.0	270.0	4257.1518
140.0	270.0	4423.742
140.99999999999997	270.0	4589.7446
142.00000000000003	270.0	4753.63
143.0	270.0	4914.0779
144.0	270.0	5070.057
145.0	270.0	5220.8948
146.00000000000003	270.0	5366.337
147.00000000000003	270.0	5506.5891
148.0	270.0	5642.3415
149.0	270.0	5774.7723
149.99999999999997	270.0	5905.5301
151.00000000000003	270.0	6036.693
152.0	270.0	6170.7076
153.0	270.0	6310.3069
154.0	270.0	6458.4107
155.00000000000003	270.0	6618.0121
156.00000000000003	270.0	6792.0529
157.0	270.0	6983.2932
158.0	270.0	7194.1799
158.99999999999997	270.0	7426.7196
160.00000000000003	270.0	7682.3595
161.0	270.0	7961.8843
162.0	270.0	8265.3295
163.0	270.0	8591.9196
164.00000000000003	270.0	8940.0299
165.00000000000003	270.0	9307.1786
166.0	270.0	9690.0464
167.0	270.0	10084.5271
167.99999999999997	270.0	10485.8062
169.00000000000003	270.0	10888.4667
169.99999999999997	270.0	11286.6183
170.99999999999997	270.0	11674.047
172.0	270.0	12044.3789
173.00000000000003	270.0	12391.2545
174.00000000000003	270.0	12708.5066
175.0	270.0	12990.3359
175.99999999999997	270.0	13231.4789
176.99999999999994	270.0	13427.3613
178.00000000000006	270.0	13574.2326
179.0000000000001	270.0	13669.2768
180.0	270.0	13710.6952
179.0000000000001	90.0	13697.7582
178.00000000000006	90.0	13630.8256
176.99999999999994	90.0	13511.3329
176.00000000000006	90.0	13341.7457
175.0	90.0	13125.4829
174.00000000000003	90.0	12866.8124
172.99999999999997	90.0	12570.7215
172.0	90.0	12242.7687
171.00000000000003	90.0	11888.9204
170.00000000000003	90.0	11515.3787
168.99999999999997	90.0	11128.4064
167.99999999999997	90.0	10734.1555
167.00000000000003	90.0	10338.5038
166.00000000000003	90.0	9946.9059
165.00000000000003	90.0	9564.2634
163.99999999999997	90.0	9194.8168
163.0	90.0	8842.0643
162.00000000000003	90.0	8508.7075
161.00000000000003	90.0	8196.6264
160.0	90.0	7906.882
159.0	90.0	7639.7478
158.00000000000003	90.0	7394.7646
157.00000000000003	90.0	7170.819
156.00000000000003	90.0	6966.2396
154.99999999999997	90.0	6778.9068
154.0	90.0	6606.373
153.00000000000003	90.0	6445.9858
152.0	90.0	6295.012
150.99999999999997	90.0	6150.7552
150.0	90.0	6010.665
149.0	90.0	5872.4319
148.0	90.0	5734.0663
147.00000000000003	90.0	5593.9592
146.0	90.0	5450.9222
145.0	90.0	5304.2074
144.00000000000003	90.0	5153.5066
143.0	90.0	4998.9321
142.0	90.0	4840.9794
140.99999999999997	90.0	4680.4762
140.00000000000003	90.0	4518.5197
139.00000000000003	90.0	4356.4052
138.00000000000003	90.0	4195.5511
137.0	90.0	4037.4232
136.0	90.0	3883.4611
135.00000000000003	90.0	3735.0117
134.00000000000003	90.0	3593.2707
132.99999999999997	90.0	3459.236
131.99999999999997	90.0	3333.6741
131.00000000000003	90.0	3217.0997
130.00000000000003	90.0	3109.7704
129.00000000000003	90.0	3011.6944
128.0	90.0	2922.6519
126.99999999999999	90.0	2842.2261
126.00000000000003	90.0	2769.8448
125.00000000000004	90.0	2704.827
123.99999999999997	90.0	2646.4337
122.99999999999999	90.0	2593.9194
122.0	90.0	2546.5814
121.0	90.0	2503.804
120.00000000000001	90.0	2465.0957
119.0	90.0	2430.1175
118.00000000000001	90.0	2398.7002
117.00000000000003	90.0	2370.8502
116.00000000000004	90.0	2346.7437
115.0	90.0	2326.7098
114.00000000000001	90.0	2311.2025
113.00000000000001	90.0	2300.764
112.00000000000003	90.0	2295.9812
111.00000000000004	90.0	2297.437
110.0	90.0	2305.6596
109.00000000000001	90.0	2321.0728
108.00000000000003	90.0	2343.9489
107.00000000000004	90.0	2374.3674
106.0	90.0	2412.1824
105.0	90.0	2456.9993
104.00000000000001	90.0	2508.1634
103.00000000000001	90.0	2564.7605
102.00000000000003	90.0	2625.6305
100.99999999999999	90.0	2689.3931
100.0	90.0	2754.4855
99.00000000000001	90.0	2819.2091
98.00000000000003	90.0	2881.7858
96.99999999999999	90.0	2940.419
96.0	90.0	2993.358
95.0	90.0	3038.9629
94.00000000000001	90.0	3075.7672
93.00000000000003	90.0	3102.5343
91.99999999999999	90.0	3118.307
91.0	90.0	3122.4463
