Polar Angle 	 Azimuth Angle 	 Intensity 
90.0	45.0	138.4887
89.0	45.0	137.8987
88.0	45.0	137.5446
87.00000000000001	45.0	137.437
86.0	45.0	137.5843
85.0	45.0	137.9923
84.0	45.0	138.6639
83.0	45.0	139.5988
82.0	45.0	140.7935
81.0	45.0	142.2408
80.0	45.0	143.9301
79.0	45.0	145.8469
78.00000000000001	45.0	147.9733
77.0	45.0	150.2875
76.0	45.0	152.7645
75.0	45.0	155.3759
74.0	45.0	158.0904
73.0	45.0	160.874
72.0	45.0	163.6905
71.0	45.0	166.5025
70.0	45.0	169.271
69.00000000000001	45.0	171.9572
68.0	45.0	174.5224
67.0	45.0	176.9292
66.0	45.0	179.1422
65.0	45.0	181.1289
64.0	45.0	182.8604
63.0	45.0	184.3124
62.0	45.0	185.4658
61.0	45.0	186.3073
60.00000000000001	45.0	186.8303
59.00000000000001	45.0	187.0352
58.00000000000001	45.0	186.9297
57.00000000000001	45.0	186.5289
55.99999999999999	45.0	185.8559
55.00000000000001	45.0	184.9409
54.0	45.0	183.8217
53.00000000000001	45.0	182.5425
52.0	45.0	181.1539
51.00000000000001	45.0	179.7117
50.00000000000001	45.0	178.2765
49.00000000000001	45.0	176.9122
48.0	45.0	175.6851
47.0	45.0	174.6631
46.00000000000001	45.0	173.9142
45.0	45.0	173.5054
44.0	45.0	173.5018
43.0	45.0	173.9655
42.0	45.0	174.9546
41.0	45.0	176.5226
40.00000000000001	45.0	178.7174
39.0	45.0	181.5813
37.99999999999999	45.0	185.1503
37.0	45.0	189.4539
36.0	45.0	194.5153
35.0	45.0	200.3513
34.0	45.0	206.9726
33.0	45.0	214.3842
31.99999999999999	45.0	222.5855
31.0	45.0	231.5712
30.000000000000004	45.0	241.3313
29.00000000000001	45.0	251.8517
28.000000000000007	45.0	263.1147
27.00000000000001	45.0	275.0989
25.999999999999996	45.0	287.7796
25.000000000000004	45.0	301.129
24.000000000000004	45.0	315.1158
22.999999999999993	45.0	329.7049
21.999999999999996	45.0	344.8577
21.0	45.0	360.5306
20.00000000000001	45.0	376.6755
19.000000000000014	45.0	393.2381
18.00000000000001	45.0	410.1582
17.000000000000007	45.0	427.3683
15.999999999999995	45.0	444.7931
14.999999999999996	45.0	462.3493
14.0	45.0	479.9448
12.999999999999996	45.0	497.4788
12.000000000000018	45.0	514.8416
10.999999999999993	45.0	531.9151
10.000000000000012	45.0	548.5729
8.999999999999984	45.0	564.682
7.999999999999981	45.0	580.1031
7.000000000000025	45.0	594.6929
6.000000000000026	45.0	608.3055
4.999999999999992	45.0	620.7947
4.000000000000042	45.0	632.0162
3.0000000000000444	45.0	641.8303
1.9999999999999472	45.0	650.1048
0.9999999999999002	45.0	656.7171
0.0	45.0	661.5578
0.9999999999999002	225.0	664.5329
1.9999999999999472	225.0	665.5663
3.0000000000000444	225.0	664.6024
4.000000000000042	225.0	661.6077
4.999999999999992	225.0	656.5727
6.000000000000026	225.0	649.513
6.9999999999999725	225.0	640.47
7.999999999999981	225.0	629.5109
8.999999999999984	225.0	616.7283
10.000000000000012	225.0	602.2397
10.999999999999993	225.0	586.1853
11.999999999999988	225.0	568.7265
12.999999999999996	225.0	550.0432
14.0	225.0	530.3308
14.999999999999996	225.0	509.7972
15.999999999999995	225.0	488.6587
16.99999999999999	225.0	467.1367
17.999999999999986	225.0	445.4536
18.999999999999996	225.0	423.8287
19.999999999999993	225.0	402.4747
21.0	225.0	381.5939
21.999999999999996	225.0	361.3746
23.00000000000001	225.0	341.9884
24.000000000000004	225.0	323.5874
24.99999999999999	225.0	306.302
26.000000000000007	225.0	290.2394
26.999999999999996	225.0	275.4822
28.000000000000007	225.0	262.0885
28.999999999999996	225.0	250.091
29.999999999999993	225.0	239.4987
31.0	225.0	230.297
31.99999999999999	225.0	222.4498
33.0	225.0	215.9014
34.0	225.0	210.5787
35.000000000000014	225.0	206.394
36.0	225.0	203.2474
37.000000000000014	225.0	201.0303
37.99999999999999	225.0	199.6275
38.99999999999999	225.0	198.921
40.00000000000001	225.0	198.7919
40.999999999999986	225.0	199.1237
42.0	225.0	199.804
43.0	225.0	200.727
44.00000000000001	225.0	201.7951
45.0	225.0	202.9199
46.000000000000014	225.0	204.0239
47.0	225.0	205.0403
47.999999999999986	225.0	205.914
49.00000000000001	225.0	206.6011
49.99999999999999	225.0	207.069
51.00000000000001	225.0	207.2951
51.99999999999999	225.0	207.2665
53.000000000000014	225.0	206.9791
53.99999999999999	225.0	206.4358
55.000000000000014	225.0	205.646
55.99999999999999	225.0	204.6239
56.999999999999986	225.0	203.3875
58.00000000000001	225.0	201.9571
58.99999999999999	225.0	200.3546
60.00000000000001	225.0	198.6025
61.0	225.0	196.7226
62.000000000000014	225.0	194.7357
63.0	225.0	192.6612
64.00000000000001	225.0	190.5162
65.0	225.0	188.3159
65.99999999999999	225.0	186.073
67.0	225.0	183.7983
68.0	225.0	181.5003
69.00000000000001	225.0	179.186
70.0	225.0	176.8609
71.00000000000001	225.0	174.5296
72.0	225.0	172.1961
73.00000000000001	225.0	169.864
74.0	225.0	167.5376
74.99999999999999	225.0	165.2212
76.0	225.0	162.9206
77.0	225.0	160.6423
78.00000000000001	225.0	158.3942
79.0	225.0	156.186
80.00000000000001	225.0	154.0285
81.0	225.0	151.9341
82.00000000000001	225.0	149.9166
83.0	225.0	147.9911
83.99999999999999	225.0	146.1735
85.0	225.0	144.4808
86.0	225.0	142.93
87.00000000000001	225.0	141.5385
88.0	225.0	140.3236
89.00000000000001	225.0	139.3017
90.0	225.0	138.4887
91.00000000000001	225.0	137.8987
92.0	225.0	137.5446
92.99999999999999	225.0	137.437
94.0	225.0	137.5843
95.0	225.0	137.9923
96.00000000000001	225.0	138.6639
97.0	225.0	139.5988
98.00000000000001	225.0	140.7935
99.0	225.0	142.2408
100.00000000000001	225.0	143.9301
101.0	225.0	145.8469
102.00000000000001	225.0	147.9733
103.0	225.0	150.2875
104.0	225.0	152.7645
105.00000000000001	225.0	155.3759
106.0	225.0	158.0904
107.00000000000001	225.0	160.874
108.0	225.0	163.6905
109.00000000000001	225.0	166.5025
110.0	225.0	169.271
111.00000000000001	225.0	171.9572
112.0	225.0	174.5224
113.0	225.0	176.9292
114.00000000000001	225.0	179.1422
115.0	225.0	181.1289
116.00000000000001	225.0	182.8604
117.0	225.0	184.3124
118.00000000000001	225.0	185.4658
119.0	225.0	186.3073
120.00000000000001	225.0	186.8303
121.0	225.0	187.0352
122.0	225.0	186.9297
123.00000000000001	225.0	186.5289
124.0	225.0	185.8559
125.00000000000001	225.0	184.9409
126.0	225.0	183.8217
127.00000000000001	225.0	182.5425
128.0	225.0	181.1539
129.00000000000003	225.0	179.7117
130.0	225.0	178.2765
131.0	225.0	176.9122
132.0	225.0	175.6851
133.0	225.0	174.6631
134.0	225.0	173.9142
135.0	225.0	173.5054
136.0	225.0	173.5018
137.0	225.0	173.9655
138.00000000000003	225.0	174.9546
139.0	225.0	176.5226
140.0	225.0	178.7174
140.99999999999997	225.0	181.5813
142.00000000000003	225.0	185.1503
143.0	225.0	189.4539
144.0	225.0	194.5153
145.0	225.0	200.3513
146.00000000000003	225.0	206.9726
147.00000000000003	225.0	214.3842
148.0	225.0	222.5855
149.0	225.0	231.5712
149.99999999999997	225.0	241.3313
151.00000000000003	225.0	251.8517
152.0	225.0	263.1147
153.0	225.0	275.0989
154.0	225.0	287.7796
155.00000000000003	225.0	301.129
156.00000000000003	225.0	315.1158
157.0	225.0	329.7049
158.0	225.0	344.8577
158.99999999999997	225.0	360.5306
160.00000000000003	225.0	376.6755
161.0	225.0	393.2381
162.0	225.0	410.1582
163.0	225.0	427.3683
164.00000000000003	225.0	444.7931
165.00000000000003	225.0	462.3493
166.0	225.0	479.9448
167.0	225.0	497.4788
167.99999999999997	225.0	514.8416
169.00000000000003	225.0	531.9151
169.99999999999997	225.0	548.5729
170.99999999999997	225.0	564.682
172.0	225.0	580.1031
173.00000000000003	225.0	594.6929
174.00000000000003	225.0	608.3055
175.0	225.0	620.7947
175.99999999999997	225.0	632.0162
176.99999999999994	225.0	641.8303
178.00000000000006	225.0	650.1048
179.0000000000001	225.0	656.7171
180.0	225.0	661.5578
179.0000000000001	45.0	664.5329
178.00000000000006	45.0	665.5663
176.99999999999994	45.0	664.6024
176.00000000000006	45.0	661.6077
175.0	45.0	656.5727
174.00000000000003	45.0	649.513
172.99999999999997	45.0	640.47
172.0	45.0	629.5109
171.00000000000003	45.0	616.7283
170.00000000000003	45.0	602.2397
168.99999999999997	45.0	586.1853
167.99999999999997	45.0	568.7265
167.00000000000003	45.0	550.0432
166.00000000000003	45.0	530.3308
165.00000000000003	45.0	509.7972
163.99999999999997	45.0	488.6587
163.0	45.0	467.1367
162.00000000000003	45.0	445.4536
161.00000000000003	45.0	423.8287
160.0	45.0	402.4747
159.0	45.0	381.5939
158.00000000000003	45.0	361.3746
157.00000000000003	45.0	341.9884
156.00000000000003	45.0	323.5874
154.99999999999997	45.0	306.302
154.0	45.0	290.2394
153.00000000000003	45.0	275.4822
152.0	45.0	262.0885
150.99999999999997	45.0	250.091
150.0	45.0	239.4987
149.0	45.0	230.297
148.0	45.0	222.4498
147.00000000000003	45.0	215.9014
146.0	45.0	210.5787
145.0	45.0	206.394
144.00000000000003	45.0	203.2474
143.0	45.0	201.0303
142.0	45.0	199.6275
140.99999999999997	45.0	198.921
140.00000000000003	45.0	198.7919
139.00000000000003	45.0	199.1237
138.00000000000003	45.0	199.804
137.0	45.0	200.727
136.0	45.0	201.7951
135.00000000000003	45.0	202.9199
134.00000000000003	45.0	204.0239
132.99999999999997	45.0	205.0403
131.99999999999997	45.0	205.914
131.00000000000003	45.0	206.6011
130.00000000000003	45.0	207.069
129.00000000000003	45.0	207.2951
128.0	45.0	207.2665
126.99999999999999	45.0	206.9791
126.00000000000003	45.0	206.4358
125.00000000000004	45.0	205.646
123.99999999999997	45.0	204.6239
122.99999999999999	45.0	203.3875
122.0	45.0	201.9571
121.0	45.0	200.3546
120.00000000000001	45.0	198.6025
119.0	45.0	196.7226
118.00000000000001	45.0	194.7357
117.00000000000003	45.0	192.6612
116.00000000000004	45.0	190.5162
115.0	45.0	188.3159
114.00000000000001	45.0	186.073
113.00000000000001	45.0	183.7983
112.00000000000003	45.0	181.5003
111.00000000000004	45.0	179.186
110.0	45.0	176.8609
109.00000000000001	45.0	174.5296
108.00000000000003	45.0	172.1961
107.00000000000004	45.0	169.864
106.0	45.0	167.5376
105.0	45.0	165.2212
104.00000000000001	45.0	162.9206
103.00000000000001	45.0	160.6423
102.00000000000003	45.0	158.3942
100.99999999999999	45.0	156.186
100.0	45.0	154.0285
99.00000000000001	45.0	151.9341
98.00000000000003	45.0	149.9166
96.99999999999999	45.0	147.9911
96.0	45.0	146.1735
95.0	45.0	144.4808
94.00000000000001	45.0	142.93
93.00000000000003	45.0	141.5385
91.99999999999999	45.0	140.3236
91.0	45.0	139.3017
90.0	0.0	139.0559
89.29291116952395	0.7071426817872533	138.3219
88.58593006627854	1.4145007934175506	139.1958
87.87916453235917	2.122289895867879	141.6406
87.1727226397129	2.8307258121018455	145.5812
86.4667128053692	3.540024757356371	150.9067
85.76124390703504	4.250403468570711	157.474
85.05642539917308	4.962079332655645	165.1126
84.3523674296794	5.675270513286652	173.6296
83.64918095727445	6.390196075887154	182.816
82.94697786971682	7.107076110446535	192.4526
82.24587110294536	7.826131851792348	202.3167
81.54597476125012	8.547585796906942	212.1886
80.84740423856572	9.271661818845425	221.8575
80.15027634097487	9.998585276774412	231.1274
79.45470941050044	10.728583121609057	239.8225
78.76082345025607	11.461883996679509	247.7905
78.0687402510143	12.198718332806749	254.9071
77.37858351923944	12.939318437111838	261.0774
76.69047900661849	13.683918574821595	266.2378
76.00455464110858	14.432755043267381	270.356
75.32094065950206	15.186066237202516	273.4301
74.63976974149092	15.944092704486447	275.487
73.96117714519126	16.707077191101824	276.5798
73.28530084406378	17.47526467438212	276.784
72.61228166514054	18.2489023832344	276.1943
71.94226342843773	19.028239804042187	274.9195
71.27539308740191	19.813528670829413	273.0784
70.61182087020094	20.605022938156644	270.7947
69.95170042163069	21.402978735106455	268.1925
69.29518894536457	22.207654298596484	265.3922
68.64244734622547	23.019309884136224	262.5062
67.99364037210603	23.838207652018653	259.6358
67.34893675510656	24.664611526811417	256.8682
66.70850935139694	25.498787027884514	254.2746
66.07253527924108	26.34100106858589	251.9087
65.44119605454999	27.191521721553002	249.8064
64.81467772324949	28.05061794753063	247.9856
64.19317098966519	28.918559284955432	246.4472
63.57687134003648	29.79561549746857	245.1765
62.965979160175145	30.68205617643342	244.1453
62.36069984618289	31.5781502954692	243.3142
61.761243907035045	32.484165713968785	242.635
61.16782705772538	33.400368626554155	242.0538
60.58067030155157	34.32702295544232	241.5141
59.99999999999999	35.264389682754654	240.9592
59.42604792856702	36.212726119908915	240.3348
58.8590513167294	37.17228511139536	239.5919
58.29925287015328	38.143314170462425	238.6882
57.74690077310915	39.12605454453247	237.5901
57.20224866894282	40.12074020854298	236.2738
56.66555561634145	41.12759678487194	234.7256
56.13708601903233	42.14684038906587	232.9427
55.61710952646371	43.178676401255004	230.9327
55.10590090294487	44.223298163918535	228.7127
54.60373986267208	45.28088560756104	226.3091
54.11091086804023	46.3516038068849	223.7554
53.62770288864506	47.435601471194154	221.0916
53.154409118419395	48.53300937404573	218.3621
52.691326648427214	49.643938728569864	215.6143
52.23875609296496	50.76847951640774	212.897
51.79700116679687	51.90669877984987	210.2585
51.36636821158484	53.05863888848747	207.7459
50.94716566986906	54.22431579349069	205.403
50.539703505316	55.40371728447302	203.27
50.14429256838126	56.59680126575802	201.3823
49.76124390703504	57.80349407069134	199.7701
49.390868022772075	59.02368883439022	198.458
49.03347407277117	60.25724394694163	197.4646
48.68936901978189	61.503981610489745	196.8031
48.35885673209022	62.76368652482927	196.4809
48.04223703674405	64.03610472697835	196.4999
47.73980473009234	65.32094261067617	196.8573
47.45184855059514	66.61786615176922	197.5451
47.178650119779434	67.92650036495783	198.5513
46.920482858129056	69.2464290163152	199.8595
46.677610883583455	70.57719461432482	201.4494
46.450287901158305	71.91829869987819	203.297
46.23875609296496	73.2692024527246	205.3747
46.043245018569806	74.62932762827676	207.6511
45.86397053617525	75.99805783448308	210.0912
45.701133755495384	77.37474015373697	212.6567
45.554920033420714	78.7586871095844	215.3053
45.42549802359849	80.14917897242118	217.9916
45.31301879088406	81.5454663925662	220.667
45.21761500123496	82.94677334320139	223.2797
45.1394001970194	84.35230034984485	225.7759
45.07846816689916	85.76122797743554	228.1
45.03489241843145	87.17272054092642	230.1958
45.00872576033472	88.58593000067151	232.0075
45.0	90.0	233.481
45.00872576033472	91.41406999932849	234.5655
45.03489241843145	92.82727945907358	235.2149
45.07846816689916	94.23877202256445	235.39
45.1394001970194	95.64769965015516	235.0594
45.21761500123496	97.05322665679864	234.202
45.31301879088406	98.45453360743382	232.808
45.42549802359848	99.85082102757882	230.8804
45.554920033420714	101.2413128904156	228.4361
45.701133755495384	102.62525984626303	225.5066
45.86397053617525	104.00194216551692	222.138
46.043245018569806	105.37067237172324	218.3911
46.238756092964955	106.73079754727539	214.3408
46.450287901158305	108.08170130012182	210.0746
46.677610883583455	109.42280538567519	205.6911
46.920482858129056	110.7535709836848	201.2976
47.178650119779434	112.07349963504215	197.0078
47.45184855059512	113.38213384823077	192.9387
47.73980473009234	114.67905738932384	189.2071
48.04223703674405	115.96389527302166	185.9264
48.3588567320902	117.23631347517073	183.2031
48.68936901978189	118.49601838951025	181.1334
49.03347407277117	119.74275605305839	179.7998
49.39086802277208	120.9763111656098	179.2682
49.76124390703504	122.19650592930867	179.5859
50.14429256838125	123.40319873424197	180.7787
50.539703505316005	124.59628271552698	182.8509
50.94716566986905	125.77568420650928	185.7834
51.36636821158484	126.94136111151253	189.535
51.79700116679685	128.09330122015012	194.0426
52.23875609296496	129.23152048359225	199.2232
52.691326648427214	130.35606127143015	204.9763
53.154409118419395	131.46699062595425	211.1869
53.62770288864506	132.56439852880584	217.7291
54.11091086804023	133.64839619311508	224.4702
54.60373986267208	134.71911439243897	231.2747
55.10590090294487	135.7767018360815	238.0093
55.617109526463715	136.821323598745	244.5464
56.13708601903233	137.8531596109341	250.7694
56.66555561634144	138.87240321512806	256.5755
57.20224866894282	139.879259791457	261.8794
57.74690077310915	140.87394545546752	266.6162
58.29925287015328	141.85668582953758	270.7428
58.8590513167294	142.82771488860465	274.2392
59.42604792856702	143.7872738800911	277.1087
59.99999999999999	144.73561031724535	279.3768
60.58067030155157	145.6729770445577	281.0899
61.16782705772538	146.59963137344585	282.3127
61.76124390703503	147.5158342860312	283.1248
62.36069984618289	148.4218497045308	283.6171
62.96597916017513	149.31794382356657	283.887
63.57687134003648	150.20438450253144	284.0342
64.19317098966519	151.08144071504458	284.1558
64.81467772324949	151.9493820524694	284.3413
65.44119605454999	152.808478278447	284.6686
66.0725352792411	153.65899893141415	285.1993
66.70850935139694	154.5012129721155	285.9762
67.34893675510656	155.3353884731886	287.0197
67.99364037210603	156.16179234798136	288.3269
68.64244734622547	156.98069011586378	289.8703
69.29518894536457	157.79234570140352	291.5982
69.95170042163069	158.59702126489356	293.4359
70.61182087020094	159.39497706184335	295.2881
71.2753930874019	160.1864713291706	297.0424
71.94226342843773	160.9717601959578	298.5727
72.61228166514054	161.7510976167656	299.7447
73.28530084406377	162.52473532561788	300.4208
73.96117714519126	163.29292280889817	300.4655
74.63976974149092	164.05590729551355	299.7517
75.32094065950206	164.8139337627975	298.1659
76.00455464110858	165.56724495673262	295.6137
76.6904790066185	166.31608142517842	292.0242
77.37858351923944	167.06068156288816	287.3547
78.0687402510143	167.80128166719328	281.5933
78.76082345025605	168.5381160033205	274.7611
79.45470941050044	169.27141687839094	266.9135
80.15027634097487	170.0014147232256	258.1397
80.84740423856572	170.72833818115458	248.5616
81.54597476125012	171.45241420309307	238.3309
82.24587110294536	172.17386814820765	227.6258
82.94697786971682	172.8929238895535	216.6461
83.64918095727445	173.60980392411287	205.6078
84.3523674296794	174.32472948671335	194.7372
85.05642539917308	175.03792066734437	184.264
85.76124390703502	175.7495965314293	174.4146
86.4667128053692	176.45997524264365	165.4054
87.17272263971289	177.16927418789817	157.4361
87.87916453235917	177.87771010413212	150.6841
88.58593006627854	178.58549920658245	145.2983
89.29291116952395	179.29285731821275	141.3954
90.0	180.0	139.0559
90.70708883047607	180.70714268178725	138.3219
91.41406993372146	181.41450079341755	139.1958
92.12083546764083	182.12228989586788	141.6406
92.82727736028711	182.83072581210183	145.5812
93.5332871946308	183.54002475735635	150.9067
94.23875609296496	184.2504034685707	157.474
94.94357460082692	184.96207933265563	165.1126
95.64763257032061	185.67527051328665	173.6296
96.35081904272555	186.39019607588713	182.816
97.05302213028318	187.1070761104465	192.4526
97.75412889705464	187.82613185179233	202.3167
98.45402523874989	188.54758579690696	212.1886
99.15259576143428	189.27166181884542	221.8575
99.84972365902512	189.9985852767744	231.1274
100.54529058949956	190.72858312160906	239.8225
101.23917654974393	191.4618839966795	247.7905
101.93125974898571	192.19871833280675	254.9071
102.62141648076054	192.93931843711184	261.0774
103.30952099338153	193.68391857482158	266.2378
103.99544535889142	194.43275504326738	270.356
104.67905934049796	195.18606623720254	273.4301
105.36023025850908	195.94409270448645	275.487
106.03882285480874	196.7070771911018	276.5798
106.71469915593623	197.4752646743821	276.784
107.38771833485946	198.2489023832344	276.1943
108.05773657156229	199.0282398040422	274.9195
108.7246069125981	199.8135286708294	273.0784
109.38817912979906	200.60502293815665	270.7947
110.04829957836931	201.40297873510644	268.1925
110.70481105463544	202.20765429859648	265.3922
111.35755265377453	203.01930988413622	262.5062
112.00635962789397	203.83820765201864	259.6358
112.65106324489344	204.6646115268114	256.8682
113.29149064860306	205.49878702788448	254.2746
113.92746472075892	206.34100106858588	251.9087
114.55880394545001	207.191521721553	249.8064
115.18532227675053	208.05061794753064	247.9856
115.8068290103348	208.91855928495542	246.4472
116.42312865996352	209.79561549746856	245.1765
117.03402083982486	210.68205617643343	244.1453
117.63930015381712	211.5781502954692	243.3142
118.23875609296496	212.48416571396876	242.635
118.83217294227461	213.40036862655413	242.0538
119.41932969844842	214.32702295544232	241.5141
120.00000000000001	215.26438968275463	240.9592
120.573952071433	216.2127261199089	240.3348
121.14094868327061	217.17228511139535	239.5919
121.70074712984672	218.14331417046245	238.6882
122.25309922689084	219.12605454453248	237.5901
122.79775133105717	220.12074020854297	236.2738
123.33444438365854	221.1275967848719	234.7256
123.86291398096766	222.1468403890659	232.9427
124.38289047353629	223.17867640125502	230.9327
124.89409909705513	224.2232981639185	228.7127
125.39626013732791	225.28088560756103	226.3091
125.88908913195978	226.35160380688492	223.7554
126.37229711135494	227.43560147119416	221.0916
126.84559088158062	228.53300937404572	218.3621
127.30867335157278	229.64393872856982	215.6143
127.76124390703504	230.7684795164077	212.897
128.20299883320317	231.90669877984988	210.2585
128.6336317884152	233.05863888848748	207.7459
129.05283433013093	234.2243157934907	205.403
129.460296494684	235.40371728447298	203.27
129.85570743161875	236.59680126575802	201.3823
130.23875609296496	237.80349407069136	199.7701
130.60913197722795	239.0236888343902	198.458
130.96652592722884	240.25724394694157	197.4646
131.31063098021812	241.50398161048972	196.8031
131.6411432679098	242.7636865248293	196.4809
131.95776296325596	244.03610472697835	196.4999
132.26019526990768	245.32094261067616	196.8573
132.54815144940486	246.6178661517692	197.5451
132.8213498802206	247.92650036495786	198.5513
133.07951714187095	249.2464290163152	199.8595
133.32238911641656	250.5771946143248	201.4494
133.5497120988417	251.91829869987816	203.297
133.76124390703504	253.26920245272458	205.3747
133.9567549814302	254.62932762827677	207.6511
134.13602946382477	255.99805783448306	210.0912
134.2988662445046	257.374740153737	212.6567
134.44507996657927	258.75868710958434	215.3053
134.57450197640154	260.14917897242117	217.9916
134.68698120911597	261.5454663925662	220.667
134.78238499876502	262.94677334320136	223.2797
134.8605998029806	264.3523003498448	225.7759
134.92153183310086	265.7612279774355	228.1
134.96510758156856	267.17272054092643	230.1958
134.99127423966527	268.5859300006715	232.0075
135.0	270.0	233.481
134.99127423966527	271.4140699993285	234.5655
134.96510758156856	272.82727945907357	235.2149
134.92153183310086	274.2387720225645	235.39
134.8605998029806	275.6476996501551	235.0594
134.78238499876502	277.0532266567986	234.202
134.68698120911597	278.45453360743375	232.808
134.57450197640154	279.85082102757883	230.8804
134.44507996657927	281.2413128904156	228.4361
134.2988662445046	282.625259846263	225.5066
134.13602946382477	284.0019421655169	222.138
133.9567549814302	285.37067237172323	218.3911
133.76124390703504	286.7307975472754	214.3408
133.5497120988417	288.08170130012184	210.0746
133.32238911641656	289.42280538567513	205.6911
133.07951714187095	290.75357098368477	201.2976
132.82134988022057	292.0734996350422	197.0078
132.54815144940488	293.38213384823075	192.9387
132.26019526990768	294.6790573893238	189.2071
131.95776296325596	295.9638952730216	185.9264
131.6411432679098	297.23631347517073	183.2031
131.31063098021812	298.49601838951025	181.1334
130.96652592722884	299.7427560530584	179.7998
130.60913197722795	300.9763111656098	179.2682
130.23875609296496	302.1965059293086	179.5859
129.85570743161873	303.403198734242	180.7787
129.46029649468403	304.59628271552697	182.8509
129.05283433013096	305.7756842065093	185.7834
128.6336317884152	306.9413611115125	189.535
128.20299883320317	308.0933012201501	194.0426
127.76124390703505	309.23152048359225	199.2232
127.3086733515728	310.3560612714301	204.9763
126.84559088158062	311.4669906259543	211.1869
126.37229711135495	312.5643985288058	217.7291
125.88908913195978	313.6483961931151	224.4702
125.39626013732794	314.71911439243894	231.2747
124.89409909705515	315.77670183608143	238.0093
124.38289047353632	316.821323598745	244.5464
123.86291398096766	317.85315961093414	250.7694
123.33444438365856	318.8724032151281	256.5755
122.7977513310572	319.879259791457	261.8794
122.25309922689087	320.8739454554675	266.6162
121.70074712984675	321.8566858295375	270.7428
121.14094868327061	322.82771488860465	274.2392
120.57395207143298	323.7872738800911	277.1087
120.00000000000001	324.73561031724535	279.3768
119.41932969844845	325.6729770445577	281.0899
118.83217294227461	326.59963137344585	282.3127
118.23875609296496	327.51583428603124	283.1248
117.63930015381712	328.4218497045308	283.6171
117.03402083982486	329.31794382356657	283.887
116.42312865996352	330.2043845025314	284.0342
115.8068290103348	331.08144071504455	284.1558
115.18532227675053	331.9493820524694	284.3413
114.55880394545002	332.808478278447	284.6686
113.92746472075895	333.6589989314141	285.1993
113.29149064860304	334.5012129721155	285.9762
112.65106324489344	335.3353884731886	287.0197
112.00635962789399	336.16179234798136	288.3269
111.35755265377455	336.98069011586375	289.8703
110.70481105463546	337.79234570140346	291.5982
110.04829957836931	338.59702126489356	293.4359
109.38817912979906	339.39497706184335	295.2881
108.7246069125981	340.18647132917056	297.0424
108.05773657156229	340.9717601959578	298.5727
107.38771833485946	341.7510976167656	299.7447
106.71469915593623	342.5247353256179	300.4208
106.03882285480876	343.2929228088982	300.4655
105.36023025850909	344.0559072955135	299.7517
104.67905934049797	344.8139337627975	298.1659
103.99544535889142	345.5672449567326	295.6137
103.30952099338151	346.3160814251784	292.0242
102.62141648076056	347.06068156288813	287.3547
101.93125974898572	347.8012816671932	281.5933
101.23917654974393	348.5381160033205	274.7611
100.54529058949956	349.27141687839094	266.9135
99.84972365902513	350.0014147232256	258.1397
99.15259576143428	350.7283381811546	248.5616
98.4540252387499	351.45241420309304	238.3309
97.75412889705464	352.17386814820765	227.6258
97.05302213028318	352.89292388955346	216.6461
96.35081904272556	353.60980392411284	205.6078
95.64763257032062	354.32472948671335	194.7372
94.94357460082692	355.03792066734434	184.264
94.23875609296496	355.7495965314293	174.4146
93.53328719463082	356.4599752426436	165.4054
92.82727736028713	357.16927418789817	157.4361
92.12083546764086	357.8777101041321	150.6841
91.41406993372146	358.5854992065825	145.2983
90.70708883047607	359.2928573182127	141.3954
90.0	90.0	196.8949
89.29291116952395	89.29285731821274	195.4639
88.58593006627854	88.58549920658245	193.5825
87.87916453235917	87.87771010413212	191.2849
87.1727226397129	87.16927418789815	188.6174
86.4667128053692	86.45997524264364	185.637
85.76124390703504	85.74959653142929	182.4093
85.05642539917308	85.03792066734437	179.0063
84.3523674296794	84.32472948671335	175.5043
83.64918095727445	83.60980392411285	171.9805
82.94697786971682	82.89292388955346	168.5109
82.24587110294536	82.17386814820766	165.1674
81.54597476125012	81.45241420309306	162.0151
80.84740423856572	80.72833818115458	159.1106
80.15027634097487	80.0014147232256	156.4994
79.45470941050044	79.27141687839094	154.2151
78.76082345025607	78.5381160033205	152.2783
78.0687402510143	77.80128166719327	150.6966
77.37858351923944	77.06068156288816	149.4644
76.69047900661849	76.31608142517841	148.564
76.00455464110858	75.56724495673262	147.9671
75.32094065950206	74.81393376279749	147.6366
74.63976974149092	74.05590729551355	147.5287
73.96117714519126	73.29292280889818	147.5957
73.28530084406378	72.52473532561788	147.7885
72.61228166514054	71.7510976167656	148.0595
71.94226342843773	70.97176019595781	148.3653
71.27539308740191	70.18647132917059	148.6691
70.61182087020094	69.39497706184336	148.9432
69.95170042163069	68.59702126489356	149.1703
69.29518894536457	67.79234570140352	149.3449
68.64244734622547	66.98069011586378	149.4743
67.99364037210603	66.16179234798135	149.5779
67.34893675510656	65.33538847318859	149.6874
66.70850935139694	64.50121297211548	149.8452
66.07253527924108	63.65899893141411	150.1024
65.44119605454999	62.808478278447	150.517
64.81467772324949	61.94938205246937	151.1508
64.19317098966519	61.081440715044565	152.0668
63.57687134003648	60.20438450253143	153.3256
62.965979160175145	59.31794382356658	154.9827
62.36069984618289	58.4218497045308	157.0853
61.761243907035045	57.515834286031215	159.6695
61.16782705772538	56.59963137344585	162.758
60.58067030155157	55.67297704455769	166.3586
59.99999999999999	54.735610317245346	170.4624
59.42604792856702	53.787273880091085	175.0441
58.8590513167294	52.827714888604646	180.0616
58.29925287015328	51.85668582953758	185.4574
57.74690077310915	50.87394545546753	191.1602
57.20224866894282	49.87925979145702	197.0876
56.66555561634145	48.87240321512806	203.1487
56.13708601903233	47.85315961093413	209.2478
55.61710952646371	46.821323598745	215.2885
55.10590090294487	45.776701836081465	221.1774
54.60373986267208	44.71911439243896	226.8281
54.11091086804023	43.6483961931151	232.1655
53.62770288864506	42.564398528805846	237.1292
53.154409118419395	41.46699062595427	241.6761
52.691326648427214	40.356061271430136	245.7838
52.23875609296496	39.23152048359226	249.4515
51.79700116679687	38.09330122015014	252.7011
51.36636821158484	36.941361111512535	255.5772
50.94716566986906	35.77568420650932	258.1461
50.539703505316	34.59628271552699	260.4936
50.14429256838126	33.40319873424199	262.7225
49.76124390703504	32.19650592930866	264.9486
49.390868022772075	30.976311165609783	267.2968
49.03347407277117	29.742756053058372	269.896
48.68936901978189	28.496018389510258	272.8739
48.35885673209022	27.236313475170732	276.3519
48.04223703674405	25.963895273021652	280.4396
47.73980473009234	24.679057389323834	285.2297
47.45184855059514	23.382133848230776	290.7935
47.178650119779434	22.07349963504216	297.1771
46.920482858129056	20.753570983684796	304.398
46.677610883583455	19.422805385675183	312.4429
46.450287901158305	18.08170130012181	321.2665
46.23875609296496	16.730797547275397	330.7917
46.043245018569806	15.370672371723243	340.9103
45.86397053617525	14.001942165516926	351.4855
45.701133755495384	12.625259846263035	362.3549
45.554920033420714	11.241312890415616	373.3346
45.42549802359849	9.850821027578828	384.2248
45.31301879088406	8.454533607433808	394.8148
45.21761500123496	7.053226656798624	404.8896
45.1394001970194	5.647699650155149	414.2361
45.07846816689916	4.238772022564465	422.6497
45.03489241843145	2.8272794590735852	429.9401
45.00872576033472	1.414069999328503	435.9379
45.0	4.961562726608714e-15	440.4991
45.00872576033472	358.5859300006715	443.51
45.03489241843145	357.17272054092643	444.8905
45.07846816689916	355.76122797743557	444.5963
45.1394001970194	354.3523003498448	442.6207
45.21761500123496	352.94677334320136	438.9944
45.31301879088406	351.5454663925662	433.7843
45.42549802359848	350.14917897242117	427.0916
45.554920033420714	348.7586871095844	419.0484
45.701133755495384	347.374740153737	409.8136
45.86397053617525	345.99805783448306	399.5679
46.043245018569806	344.62932762827677	388.5083
46.238756092964955	343.26920245272464	376.8426
46.450287901158305	341.91829869987816	364.7825
46.677610883583455	340.5771946143248	352.5384
46.920482858129056	339.2464290163152	340.3133
47.178650119779434	337.92650036495786	328.2972
47.45184855059512	336.61786615176925	316.6625
47.73980473009234	335.3209426106762	305.5601
48.04223703674405	334.03610472697835	295.1161
48.3588567320902	332.76368652482927	285.4295
48.68936901978189	331.50398161048975	276.571
49.03347407277117	330.2572439469416	268.5828
49.39086802277208	329.0236888343902	261.479
49.76124390703504	327.80349407069133	255.2478
50.14429256838125	326.596801265758	249.8532
50.539703505316005	325.40371728447303	245.2384
50.94716566986905	324.2243157934907	241.3293
51.36636821158484	323.05863888848745	238.0383
51.79700116679685	321.9066987798499	235.2689
52.23875609296496	320.76847951640775	232.9194
52.691326648427214	319.6439387285699	230.8872
53.154409118419395	318.5330093740457	229.0727
53.62770288864506	317.43560147119416	227.3825
54.11091086804023	316.3516038068849	225.7325
54.60373986267208	315.28088560756106	224.05
55.10590090294487	314.2232981639185	222.2759
55.617109526463715	313.17867640125496	220.3651
56.13708601903233	312.14684038906586	218.2871
56.66555561634144	311.12759678487197	216.0261
57.20224866894282	310.120740208543	213.5795
57.74690077310915	309.1260545445325	210.9572
58.29925287015328	308.1433141704624	208.1793
58.8590513167294	307.17228511139535	205.2747
59.42604792856702	306.2127261199089	202.2782
59.99999999999999	305.26438968275465	199.2291
60.58067030155157	304.3270229554423	196.1681
61.16782705772538	303.40036862655415	193.1357
61.76124390703503	302.4841657139688	190.1705
62.36069984618289	301.5781502954692	187.3073
62.96597916017513	300.68205617643343	184.5763
63.57687134003648	299.7956154974686	182.002
64.19317098966519	298.91855928495545	179.6032
64.81467772324949	298.0506179475306	177.3926
65.44119605454999	297.191521721553	175.3775
66.0725352792411	296.3410010685859	173.5605
66.70850935139694	295.49878702788453	171.9401
67.34893675510656	294.6646115268114	170.5121
67.99364037210603	293.83820765201864	169.2706
68.64244734622547	293.0193098841362	168.2092
69.29518894536457	292.2076542985965	167.3219
69.95170042163069	291.40297873510644	166.6043
70.61182087020094	290.60502293815665	166.0544
71.2753930874019	289.81352867082944	165.6724
71.94226342843773	289.0282398040422	165.4616
72.61228166514054	288.2489023832344	165.4279
73.28530084406377	287.4752646743821	165.5791
73.96117714519126	286.7070771911018	165.9246
74.63976974149092	285.9440927044865	166.4741
75.32094065950206	285.1860662372025	167.2367
76.00455464110858	284.4327550432674	168.2192
76.6904790066185	283.6839185748216	169.4252
77.37858351923944	282.93931843711187	170.8536
78.0687402510143	282.1987183328067	172.4975
78.76082345025605	281.4618839966795	174.3433
79.45470941050044	280.72858312160906	176.3697
80.15027634097487	279.9985852767744	178.548
80.84740423856572	279.2716618188454	180.8414
81.54597476125012	278.54758579690696	183.2058
82.24587110294536	277.82613185179235	185.5904
82.94697786971682	277.10707611044654	187.9392
83.64918095727445	276.39019607588716	190.1922
84.3523674296794	275.67527051328665	192.2872
85.05642539917308	274.96207933265566	194.1622
85.76124390703502	274.2504034685707	195.7571
86.4667128053692	273.5400247573564	197.0164
87.17272263971289	272.83072581210183	197.891
87.87916453235917	272.1222898958679	198.3403
88.58593006627854	271.4145007934176	198.3342
89.29291116952395	270.7071426817872	197.8543
90.0	270.0	196.8949
90.70708883047607	269.2928573182127	195.4639
91.41406993372146	268.5854992065824	193.5825
92.12083546764083	267.8777101041321	191.2849
92.82727736028711	267.16927418789817	188.6174
93.5332871946308	266.4599752426436	185.637
94.23875609296496	265.7495965314293	182.4093
94.94357460082692	265.03792066734434	179.0063
95.64763257032061	264.32472948671335	175.5043
96.35081904272555	263.60980392411284	171.9805
97.05302213028318	262.89292388955346	168.5109
97.75412889705464	262.17386814820765	165.1674
98.45402523874989	261.45241420309304	162.0151
99.15259576143428	260.7283381811546	159.1106
99.84972365902512	260.0014147232256	156.4994
100.54529058949956	259.27141687839094	154.2151
101.23917654974393	258.5381160033205	152.2783
101.93125974898571	257.8012816671933	150.6966
102.62141648076054	257.06068156288813	149.4644
103.30952099338153	256.31608142517837	148.564
103.99544535889142	255.56724495673262	147.9671
104.67905934049796	254.8139337627975	147.6366
105.36023025850908	254.05590729551355	147.5287
106.03882285480874	253.2929228088982	147.5957
106.71469915593623	252.52473532561788	147.7885
107.38771833485946	251.7510976167656	148.0595
108.05773657156229	250.9717601959578	148.3653
108.7246069125981	250.18647132917056	148.6691
109.38817912979906	249.39497706184335	148.9432
110.04829957836931	248.59702126489356	149.1703
110.70481105463544	247.79234570140352	149.3449
111.35755265377453	246.98069011586378	149.4743
112.00635962789397	246.16179234798136	149.5779
112.65106324489344	245.33538847318857	149.6874
113.29149064860306	244.50121297211547	149.8452
113.92746472075892	243.6589989314141	150.1024
114.55880394545001	242.808478278447	150.517
115.18532227675053	241.9493820524694	151.1508
115.8068290103348	241.08144071504458	152.0668
116.42312865996352	240.2043845025314	153.3256
117.03402083982486	239.31794382356657	154.9827
117.63930015381712	238.4218497045308	157.0853
118.23875609296496	237.5158342860312	159.6695
118.83217294227461	236.59963137344585	162.758
119.41932969844842	235.67297704455768	166.3586
120.00000000000001	234.73561031724535	170.4624
120.573952071433	233.78727388009108	175.0441
121.14094868327061	232.82771488860465	180.0616
121.70074712984672	231.85668582953755	185.4574
122.25309922689084	230.87394545546752	191.1602
122.79775133105717	229.879259791457	197.0876
123.33444438365854	228.8724032151281	203.1487
123.86291398096766	227.8531596109341	209.2478
124.38289047353629	226.82132359874498	215.2885
124.89409909705513	225.7767018360815	221.1774
125.39626013732791	224.71911439243897	226.8281
125.88908913195978	223.64839619311508	232.1655
126.37229711135494	222.56439852880584	237.1292
126.84559088158062	221.46699062595428	241.6761
127.30867335157278	220.35606127143015	245.7838
127.76124390703504	219.23152048359228	249.4515
128.20299883320317	218.0933012201501	252.7011
128.6336317884152	216.94136111151252	255.5772
129.05283433013093	215.7756842065093	258.1461
129.460296494684	214.59628271552702	260.4936
129.85570743161875	213.40319873424195	262.7225
130.23875609296496	212.19650592930864	264.9486
130.60913197722795	210.9763111656098	267.2968
130.96652592722884	209.74275605305837	269.896
131.31063098021812	208.49601838951028	272.8739
131.6411432679098	207.2363134751707	276.3519
131.95776296325596	205.96389527302162	280.4396
132.26019526990768	204.67905738932384	285.2297
132.54815144940486	203.38213384823078	290.7935
132.8213498802206	202.07349963504214	297.1771
133.07951714187095	200.75357098368477	304.398
133.32238911641656	199.4228053856752	312.4429
133.5497120988417	198.08170130012184	321.2665
133.76124390703504	196.73079754727542	330.7917
133.9567549814302	195.3706723717232	340.9103
134.13602946382477	194.0019421655169	351.4855
134.2988662445046	192.62525984626305	362.3549
134.44507996657927	191.24131289041563	373.3346
134.57450197640154	189.8508210275788	384.2248
134.68698120911597	188.4545336074338	394.8148
134.78238499876502	187.0532266567986	404.8896
134.8605998029806	185.64769965015518	414.2361
134.92153183310086	184.2387720225645	422.6497
134.96510758156856	182.82727945907357	429.9401
134.99127423966527	181.4140699993285	435.9379
135.0	180.0	440.4991
134.99127423966527	178.58593000067157	443.51
134.96510758156856	177.1727205409264	444.8905
134.92153183310086	175.76122797743554	444.5963
134.8605998029806	174.35230034984485	442.6207
134.78238499876502	172.94677334320141	438.9944
134.68698120911597	171.54546639256625	433.7843
134.57450197640154	170.14917897242117	427.0916
134.44507996657927	168.7586871095844	419.0484
134.2988662445046	167.37474015373698	409.8136
134.13602946382477	165.9980578344831	399.5679
133.9567549814302	164.62932762827674	388.5083
133.76124390703504	163.2692024527246	376.8426
133.5497120988417	161.9182986998782	364.7825
133.32238911641656	160.57719461432484	352.5384
133.07951714187095	159.24642901631526	340.3133
132.82134988022057	157.92650036495783	328.2972
132.54815144940488	156.61786615176925	316.6625
132.26019526990768	155.32094261067618	305.5601
131.95776296325596	154.03610472697838	295.1161
131.6411432679098	152.76368652482927	285.4295
131.31063098021812	151.50398161048975	276.571
130.96652592722884	150.25724394694163	268.5828
130.60913197722795	149.02368883439024	261.479
130.23875609296496	147.80349407069139	255.2478
129.85570743161873	146.596801265758	249.8532
129.46029649468403	145.403717284473	245.2384
129.05283433013096	144.22431579349072	241.3293
128.6336317884152	143.0586388884875	238.0383
128.20299883320317	141.90669877984988	235.2689
127.76124390703505	140.76847951640775	232.9194
127.3086733515728	139.64393872856988	230.8872
126.84559088158062	138.53300937404575	229.0727
126.37229711135495	137.4356014711942	227.3825
125.88908913195978	136.35160380688492	225.7325
125.39626013732794	135.28088560756106	224.05
124.89409909705515	134.22329816391854	222.2759
124.38289047353632	133.17867640125502	220.3651
123.86291398096766	132.14684038906586	218.2871
123.33444438365856	131.12759678487194	216.0261
122.7977513310572	130.120740208543	213.5795
122.25309922689087	129.12605454453248	210.9572
121.70074712984675	128.14331417046245	208.1793
121.14094868327061	127.17228511139534	205.2747
120.57395207143298	126.21272611990892	202.2782
120.00000000000001	125.26438968275468	199.2291
119.41932969844845	124.32702295544235	196.1681
118.83217294227461	123.40036862655414	193.1357
118.23875609296496	122.48416571396879	190.1705
117.63930015381712	121.57815029546921	187.3073
117.03402083982486	120.68205617643345	184.5763
116.42312865996352	119.79561549746859	182.002
115.8068290103348	118.91855928495542	179.6032
115.18532227675053	118.05061794753063	177.3926
114.55880394545002	117.19152172155302	175.3775
113.92746472075895	116.34100106858591	173.5605
113.29149064860304	115.49878702788452	171.9401
112.65106324489344	114.66461152681141	170.5121
112.00635962789399	113.83820765201867	169.2706
111.35755265377455	113.01930988413625	168.2092
110.70481105463546	112.20765429859652	167.3219
110.04829957836931	111.40297873510644	166.6043
109.38817912979906	110.60502293815665	166.0544
108.7246069125981	109.81352867082943	165.6724
108.05773657156229	109.02823980404222	165.4616
107.38771833485946	108.2489023832344	165.4279
106.71469915593623	107.47526467438213	165.5791
106.03882285480876	106.70707719110183	165.9246
105.36023025850909	105.94409270448648	166.4741
104.67905934049797	105.18606623720254	167.2367
103.99544535889142	104.43275504326738	168.2192
103.30952099338151	103.68391857482159	169.4252
102.62141648076056	102.93931843711185	170.8536
101.93125974898572	102.19871833280676	172.4975
101.23917654974393	101.4618839966795	174.3433
100.54529058949956	100.72858312160906	176.3697
99.84972365902513	99.99858527677442	178.548
99.15259576143428	99.27166181884544	180.8414
98.4540252387499	98.54758579690696	183.2058
97.75412889705464	97.82613185179234	185.5904
97.05302213028318	97.10707611044654	187.9392
96.35081904272556	96.39019607588716	190.1922
95.64763257032062	95.67527051328666	192.2872
94.94357460082692	94.96207933265563	194.1622
94.23875609296496	94.25040346857071	195.7571
93.53328719463082	93.54002475735638	197.0164
92.82727736028713	92.83072581210186	197.891
92.12083546764086	92.12228989586791	198.3403
91.41406993372146	91.41450079341756	198.3342
90.70708883047607	90.70714268178726	197.8543
90.0	0.0	129.2603
90.0	1.0	127.9871
90.0	2.0	126.5567
90.0	3.0000000000000004	125.0063
90.0	4.0	123.3789
90.0	5.0	121.7214
90.0	6.000000000000001	120.0835
90.0	7.0	118.5153
90.0	8.0	117.0656
90.0	9.0	115.7804
90.0	10.0	114.7005
90.0	11.0	113.8606
90.0	12.0	113.2876
90.0	13.0	112.9995
90.0	14.0	113.0051
90.0	14.999999999999998	113.3034
90.0	16.0	113.8837
90.0	17.000000000000004	114.7263
90.0	18.0	115.803
90.0	19.0	117.0787
90.0	20.0	118.5126
90.0	21.0	120.06
90.0	22.0	121.6743
90.0	23.0	123.3088
90.0	24.000000000000004	124.9188
90.0	25.0	126.4636
90.0	26.0	127.9079
90.0	26.999999999999996	129.2239
90.0	28.0	130.3918
90.0	29.000000000000004	131.4012
90.0	29.999999999999996	132.2513
90.0	31.0	132.9511
90.0	32.0	133.5188
90.0	33.0	133.9815
90.0	34.00000000000001	134.3733
90.0	35.0	134.7343
90.0	36.0	135.1091
90.0	37.0	135.544
90.0	38.0	136.0856
90.0	39.0	136.7788
90.0	40.0	137.6639
90.0	41.0	138.7757
90.0	42.0	140.1411
90.0	43.0	141.7784
90.0	44.0	143.6955
90.0	45.0	145.8902
90.0	46.00000000000001	148.3492
90.0	47.0	151.0493
90.0	48.00000000000001	153.9573
90.0	49.00000000000001	157.0319
90.0	50.0	160.2248
90.0	51.0	163.4828
90.0	52.0	166.7498
90.0	53.0	169.9692
90.0	54.0	173.0859
90.0	55.0	176.049
90.0	56.0	178.8137
90.0	57.00000000000001	181.3432
90.0	58.00000000000001	183.6106
90.0	59.00000000000001	185.5996
90.0	59.99999999999999	187.3059
90.0	61.0	188.7372
90.0	62.0	189.913
90.0	63.0	190.8641
90.0	64.0	191.6312
90.0	65.0	192.2638
90.0	66.0	192.8176
90.0	67.0	193.3527
90.0	68.0	193.931
90.0	69.0	194.6134
90.0	70.0	195.4574
90.0	71.0	196.5146
90.0	72.0	197.8282
90.0	73.0	199.4309
90.0	74.0	201.3433
90.0	75.0	203.5725
90.0	76.0	206.1116
90.0	77.0	208.9391
90.0	78.0	212.0195
90.0	79.0	215.3038
90.0	80.0	218.7311
90.0	81.0	222.2306
90.0	82.0	225.7231
90.0	83.0	229.1243
90.0	84.0	232.347
90.0	85.0	235.3044
90.0	86.0	237.9127
90.0	87.0	240.094
90.0	88.0	241.7791
90.0	89.0	242.9098
90.0	90.0	243.4405
90.0	91.0	243.3403
90.0	92.0	242.5941
90.0	93.0	241.2024
90.0	94.0	239.1822
90.0	95.0	236.5659
90.0	96.00000000000001	233.4007
90.0	97.0	229.7465
90.0	98.0	225.6748
90.0	99.0	221.2656
90.0	100.0	216.6057
90.0	101.0	211.7856
90.0	102.0	206.8968
90.0	103.0	202.0293
90.0	104.0	197.2692
90.0	105.00000000000001	192.6961
90.0	106.0	188.3809
90.0	107.0	184.3847
90.0	108.0	180.7571
90.0	109.0	177.5353
90.0	110.0	174.7438
90.0	111.0	172.3943
90.0	112.0	170.4862
90.0	113.0	169.0076
90.0	114.00000000000001	167.9357
90.0	115.0	167.2391
90.0	116.00000000000001	166.8788
90.0	117.0	166.81
90.0	118.00000000000001	166.9842
90.0	119.0	167.3506
90.0	119.99999999999999	167.8582
90.0	121.0	168.457
90.0	122.0	169.0996
90.0	123.00000000000001	169.7423
90.0	124.0	170.3461
90.0	125.00000000000001	170.8772
90.0	126.0	171.3074
90.0	127.00000000000001	171.6144
90.0	128.0	171.7813
90.0	129.0	171.7965
90.0	130.0	171.6534
90.0	131.0	171.3492
90.0	132.0	170.8849
90.0	133.0	170.2637
90.0	134.0	169.4914
90.0	135.0	168.5745
90.0	136.0	167.5208
90.0	137.0	166.3379
90.0	138.0	165.0338
90.0	139.0	163.6162
90.0	140.0	162.0923
90.0	141.0	160.4696
90.0	142.0	158.7557
90.0	143.0	156.9583
90.0	144.0	155.0862
90.0	145.0	153.1494
90.0	146.0	151.1594
90.0	147.0	149.1295
90.0	148.0	147.0751
90.0	149.0	145.014
90.0	150.0	142.9658
90.0	151.0	140.9523
90.0	152.0	138.9968
90.0	153.0	137.1236
90.0	154.0	135.3575
90.0	155.0	133.7227
90.0	156.0	132.2422
90.0	157.0	130.937
90.0	158.0	129.8245
90.0	159.0	128.9185
90.0	160.0	128.2275
90.0	161.0	127.7548
90.0	162.0	127.4973
90.0	163.0	127.4458
90.0	164.0	127.5846
90.0	165.0	127.8915
90.0	166.0	128.3389
90.0	167.0	128.8938
90.0	168.0	129.5192
90.0	169.0	130.1752
90.0	170.0	130.8201
90.0	171.0	131.4122
90.0	172.0	131.911
90.0	173.0	132.2791
90.0	174.0	132.4833
90.0	175.0	132.4961
90.0	176.0	132.297
90.0	177.0	131.8735
90.0	178.0	131.2215
90.0	179.0	130.3459
90.0	180.0	129.2603
90.0	181.0	127.9871
90.0	181.99999999999997	126.5567
90.0	182.99999999999997	125.0063
90.0	183.99999999999997	123.3789
90.0	184.99999999999997	121.7214
90.0	185.99999999999997	120.0835
90.0	186.99999999999997	118.5153
90.0	188.0	117.0656
90.0	188.99999999999997	115.7804
90.0	190.0	114.7005
90.0	190.99999999999997	113.8606
90.0	192.0	113.2876
90.0	192.99999999999997	112.9995
90.0	193.99999999999997	113.0051
90.0	194.99999999999997	113.3034
90.0	195.99999999999997	113.8837
90.0	197.0	114.7263
90.0	197.99999999999997	115.803
90.0	199.0	117.0787
90.0	199.99999999999997	118.5126
90.0	201.0	120.06
90.0	201.99999999999997	121.6743
90.0	203.0	123.3088
90.0	203.99999999999997	124.9188
90.0	204.99999999999997	126.4636
90.0	206.0	127.9079
90.0	206.99999999999997	129.2239
90.0	208.0	130.3918
90.0	208.99999999999997	131.4012
90.0	210.0	132.2513
90.0	210.99999999999997	132.9511
90.0	212.0	133.5188
90.0	212.99999999999997	133.9815
90.0	214.0	134.3733
90.0	215.0	134.7343
90.0	216.0	135.1091
90.0	217.0	135.544
90.0	217.99999999999997	136.0856
90.0	219.00000000000003	136.7788
90.0	219.99999999999997	137.6639
90.0	220.99999999999997	138.7757
90.0	221.99999999999997	140.1411
90.0	223.0	141.7784
90.0	224.0	143.6955
90.0	224.99999999999997	145.8902
90.0	226.0	148.3492
90.0	227.0	151.0493
90.0	228.0	153.9573
90.0	229.0	157.0319
90.0	230.0	160.2248
90.0	230.99999999999997	163.4828
90.0	232.00000000000003	166.7498
90.0	233.0	169.9692
90.0	233.99999999999997	173.0859
90.0	234.99999999999994	176.049
90.0	236.0	178.8137
90.0	237.0	181.3432
90.0	238.0	183.6106
90.0	239.0	185.5996
90.0	239.99999999999994	187.3059
90.0	241.0	188.7372
90.0	242.0	189.913
90.0	242.99999999999997	190.8641
90.0	243.99999999999994	191.6312
90.0	245.0	192.2638
90.0	246.0	192.8176
90.0	247.0	193.3527
90.0	248.0	193.931
90.0	248.99999999999997	194.6134
90.0	250.0	195.4574
90.0	251.0	196.5146
90.0	252.0	197.8282
90.0	252.99999999999997	199.4309
90.0	254.0	201.3433
90.0	255.0	203.5725
90.0	256.0	206.1116
90.0	257.0	208.9391
90.0	258.0	212.0195
90.0	259.0	215.3038
90.0	260.0	218.7311
90.0	261.0	222.2306
90.0	262.0	225.7231
90.0	263.0	229.1243
90.0	264.0	232.347
90.0	265.0	235.3044
90.0	266.0	237.9127
90.0	267.0	240.094
90.0	268.0	241.7791
90.0	269.0	242.9098
90.0	270.0	243.4405
90.0	271.0	243.3403
90.0	272.0	242.5941
90.0	273.0	241.2024
90.0	274.0	239.1822
90.0	275.0	236.5659
90.0	276.0	233.4007
90.0	277.0	229.7465
90.0	278.0	225.6748
90.0	279.0	221.2656
90.0	280.0	216.6057
90.0	281.0	211.7856
90.0	282.0	206.8968
90.0	283.0	202.0293
90.0	284.0	197.2692
90.0	285.0	192.6961
90.0	286.0	188.3809
90.0	287.0	184.3847
90.0	288.0	180.7571
90.0	289.0	177.5353
90.0	290.0	174.7438
90.0	291.0	172.3943
90.0	292.0	170.4862
90.0	293.0	169.0076
90.0	294.0	167.9357
90.0	295.0	167.2391
90.0	296.0	166.8788
90.0	297.0	166.81
90.0	298.0	166.9842
90.0	299.0	167.3506
90.0	300.0	167.8582
90.0	301.0	168.457
90.0	302.0	169.0996
90.0	303.0	169.7423
90.0	304.0	170.3461
90.0	305.0	170.8772
90.0	306.0	171.3074
90.0	307.0	171.6144
90.0	308.0	171.7813
90.0	309.0	171.7965
90.0	310.0	171.6534
90.0	311.0	171.3492
90.0	311.99999999999994	170.8849
90.0	313.0	170.2637
90.0	314.0	169.4914
90.0	315.0	168.5745
90.0	316.0	167.5208
90.0	317.0	166.3379
90.0	318.0	165.0338
90.0	319.0	163.6162
90.0	320.0	162.0923
90.0	321.0	160.4696
90.0	322.0	158.7557
90.0	323.0	156.9583
90.0	324.0	155.0862
90.0	325.0	153.1494
90.0	326.0	151.1594
90.0	327.0	149.1295
90.0	328.0	147.0751
90.0	329.0	145.014
90.0	330.0	142.9658
90.0	331.0	140.9523
90.0	332.0	138.9968
90.0	333.0	137.1236
90.0	334.0	135.3575
90.0	335.0	133.7227
90.0	336.0	132.2422
90.0	337.0	130.937
90.0	338.0	129.8245
90.0	338.99999999999994	128.9185
90.0	340.0	128.2275
90.0	341.0	127.7548
90.0	342.0	127.4973
90.0	343.0	127.4458
90.0	344.0	127.5846
90.0	345.0	127.8915
90.0	346.0	128.3389
90.0	347.0	128.8938
90.0	347.99999999999994	129.5192
90.0	349.0	130.1752
90.0	350.0	130.8201
90.0	351.0	131.4122
90.0	352.0	131.911
90.0	353.0	132.2791
90.0	354.0	132.4833
90.0	355.0	132.4961
90.0	356.0	132.297
90.0	356.99999999999994	131.8735
90.0	358.0	131.2215
90.0	359.0	130.3459
90.0	0.0	135.9342
89.0	0.0	136.4991
88.0	0.0	140.2089
87.00000000000001	0.0	146.942
86.0	0.0	156.4904
85.0	0.0	168.568
84.0	0.0	182.822
83.0	0.0	198.8463
82.0	0.0	216.1973
81.0	0.0	234.4103
80.0	0.0	253.0171
79.0	0.0	271.5632
78.00000000000001	0.0	289.6235
77.0	0.0	306.8175
76.0	0.0	322.821
75.0	0.0	337.3766
74.0	0.0	350.3
73.0	0.0	361.4832
72.0	0.0	370.8951
71.0	0.0	378.5775
70.0	0.0	384.6391
69.00000000000001	0.0	389.2462
68.0	0.0	392.6109
67.0	0.0	394.9779
66.0	0.0	396.6096
65.0	0.0	397.7716
64.0	0.0	398.7175
63.0	0.0	399.6752
62.0	0.0	400.834
61.0	0.0	402.3352
60.00000000000001	0.0	404.2635
59.00000000000001	0.0	406.6426
58.00000000000001	0.0	409.4336
57.00000000000001	0.0	412.5363
55.99999999999999	0.0	415.7939
55.00000000000001	0.0	419.001
54.0	0.0	421.9133
53.00000000000001	0.0	424.2602
52.0	0.0	425.7589
51.00000000000001	0.0	426.1288
50.00000000000001	0.0	425.1072
49.00000000000001	0.0	422.4635
48.0	0.0	418.0133
47.0	0.0	411.6301
46.00000000000001	0.0	403.2551
45.0	0.0	392.9039
44.0	0.0	380.6709
43.0	0.0	366.7292
42.0	0.0	351.3287
41.0	0.0	334.7892
40.00000000000001	0.0	317.4924
39.0	0.0	299.8695
37.99999999999999	0.0	282.3873
37.0	0.0	265.5331
36.0	0.0	249.7977
35.0	0.0	235.6583
34.0	0.0	223.5625
33.0	0.0	213.912
31.99999999999999	0.0	207.0493
31.0	0.0	203.2453
30.000000000000004	0.0	202.6909
29.00000000000001	0.0	205.4905
28.000000000000007	0.0	211.6594
27.00000000000001	0.0	221.1243
25.999999999999996	0.0	233.7271
25.000000000000004	0.0	249.2317
24.000000000000004	0.0	267.3338
22.999999999999993	0.0	287.6726
21.999999999999996	0.0	309.8445
21.0	0.0	333.418
20.00000000000001	0.0	357.949
19.000000000000014	0.0	382.9959
18.00000000000001	0.0	408.1342
17.000000000000007	0.0	432.9697
15.999999999999995	0.0	457.1493
14.999999999999996	0.0	480.3698
14.0	0.0	502.3845
12.999999999999996	0.0	523.0062
12.000000000000018	0.0	542.1074
10.999999999999993	0.0	559.6185
10.000000000000012	0.0	575.5218
8.999999999999984	0.0	589.845
7.999999999999981	0.0	602.6513
7.000000000000025	0.0	614.029
6.000000000000026	0.0	624.0803
4.999999999999992	0.0	632.909
4.000000000000042	0.0	640.61
3.0000000000000444	0.0	647.259
1.9999999999999472	0.0	652.9034
0.9999999999999002	0.0	657.5565
0.0	0.0	661.1927
0.9999999999999002	180.0	663.7463
1.9999999999999472	180.0	665.1127
3.0000000000000444	180.0	665.1519
4.000000000000042	180.0	663.6958
4.999999999999992	180.0	660.5565
6.000000000000026	180.0	655.5371
6.9999999999999725	180.0	648.4443
7.999999999999981	180.0	639.1007
8.999999999999984	180.0	627.359
10.000000000000012	180.0	613.1139
10.999999999999993	180.0	596.3144
11.999999999999988	180.0	576.9737
12.999999999999996	180.0	555.1767
14.0	180.0	531.0857
14.999999999999996	180.0	504.9417
15.999999999999995	180.0	477.0638
16.99999999999999	180.0	447.8445
17.999999999999986	180.0	417.7415
18.999999999999996	180.0	387.2672
19.999999999999993	180.0	356.9748
21.0	180.0	327.4427
21.999999999999996	180.0	299.2567
23.00000000000001	180.0	272.9917
24.000000000000004	180.0	249.1926
24.99999999999999	180.0	228.3565
26.000000000000007	180.0	210.9151
26.999999999999996	180.0	197.2195
28.000000000000007	180.0	187.5281
28.999999999999996	180.0	181.9962
29.999999999999993	180.0	180.6705
31.0	180.0	183.4866
31.99999999999999	180.0	190.2708
33.0	180.0	200.7449
34.0	180.0	214.5363
35.000000000000014	180.0	231.1899
36.0	180.0	250.1838
37.000000000000014	180.0	270.9467
37.99999999999999	180.0	292.8777
38.99999999999999	180.0	315.3662
40.00000000000001	180.0	337.8123
40.999999999999986	180.0	359.6463
42.0	180.0	380.3469
43.0	180.0	399.4569
44.00000000000001	180.0	416.5968
45.0	180.0	431.4745
46.000000000000014	180.0	443.8915
47.0	180.0	453.7454
47.999999999999986	180.0	461.0289
49.00000000000001	180.0	465.8243
49.99999999999999	180.0	468.295
51.00000000000001	180.0	468.6743
51.99999999999999	180.0	467.2504
53.000000000000014	180.0	464.3513
53.99999999999999	180.0	460.3269
55.000000000000014	180.0	455.5319
55.99999999999999	180.0	450.308
56.999999999999986	180.0	444.9685
58.00000000000001	180.0	439.7833
58.99999999999999	180.0	434.9673
60.00000000000001	180.0	430.6712
61.0	180.0	426.9759
62.000000000000014	180.0	423.8899
63.0	180.0	421.3513
64.00000000000001	180.0	419.2316
65.0	180.0	417.3446
65.99999999999999	180.0	415.4566
67.0	180.0	413.3
68.0	180.0	410.5881
69.00000000000001	180.0	407.0313
70.0	180.0	402.353
71.00000000000001	180.0	396.306
72.0	180.0	388.6869
73.00000000000001	180.0	379.3494
74.0	180.0	368.2144
74.99999999999999	180.0	355.278
76.0	180.0	340.6157
77.0	180.0	324.3836
78.00000000000001	180.0	306.8152
79.0	180.0	288.2157
80.00000000000001	180.0	268.9526
81.0	180.0	249.4433
82.00000000000001	180.0	230.1408
83.0	180.0	211.5173
83.99999999999999	180.0	194.0469
85.0	180.0	178.1878
86.0	180.0	164.3651
87.00000000000001	180.0	152.9548
88.0	180.0	144.2691
89.00000000000001	180.0	138.5448
90.0	180.0	135.9342
91.00000000000001	180.0	136.4991
92.0	180.0	140.2089
92.99999999999999	180.0	146.942
94.0	180.0	156.4904
95.0	180.0	168.568
96.00000000000001	180.0	182.822
97.0	180.0	198.8463
98.00000000000001	180.0	216.1973
99.0	180.0	234.4103
100.00000000000001	180.0	253.0171
101.0	180.0	271.5632
102.00000000000001	180.0	289.6235
103.0	180.0	306.8175
104.0	180.0	322.821
105.00000000000001	180.0	337.3766
106.0	180.0	350.3
107.00000000000001	180.0	361.4832
108.0	180.0	370.8951
109.00000000000001	180.0	378.5775
110.0	180.0	384.6391
111.00000000000001	180.0	389.2462
112.0	180.0	392.6109
113.0	180.0	394.9779
114.00000000000001	180.0	396.6096
115.0	180.0	397.7716
116.00000000000001	180.0	398.7175
117.0	180.0	399.6752
118.00000000000001	180.0	400.834
119.0	180.0	402.3352
120.00000000000001	180.0	404.2635
121.0	180.0	406.6426
122.0	180.0	409.4336
123.00000000000001	180.0	412.5363
124.0	180.0	415.7939
125.00000000000001	180.0	419.001
126.0	180.0	421.9133
127.00000000000001	180.0	424.2602
128.0	180.0	425.7589
129.00000000000003	180.0	426.1288
130.0	180.0	425.1072
131.0	180.0	422.4635
132.0	180.0	418.0133
133.0	180.0	411.6301
134.0	180.0	403.2551
135.0	180.0	392.9039
136.0	180.0	380.6709
137.0	180.0	366.7292
138.00000000000003	180.0	351.3287
139.0	180.0	334.7892
140.0	180.0	317.4924
140.99999999999997	180.0	299.8695
142.00000000000003	180.0	282.3873
143.0	180.0	265.5331
144.0	180.0	249.7977
145.0	180.0	235.6583
146.00000000000003	180.0	223.5625
147.00000000000003	180.0	213.912
148.0	180.0	207.0493
149.0	180.0	203.2453
149.99999999999997	180.0	202.6909
151.00000000000003	180.0	205.4905
152.0	180.0	211.6594
153.0	180.0	221.1243
154.0	180.0	233.7271
155.00000000000003	180.0	249.2317
156.00000000000003	180.0	267.3338
157.0	180.0	287.6726
158.0	180.0	309.8445
158.99999999999997	180.0	333.418
160.00000000000003	180.0	357.949
161.0	180.0	382.9959
162.0	180.0	408.1342
163.0	180.0	432.9697
164.00000000000003	180.0	457.1493
165.00000000000003	180.0	480.3698
166.0	180.0	502.3845
167.0	180.0	523.0062
167.99999999999997	180.0	542.1074
169.00000000000003	180.0	559.6185
169.99999999999997	180.0	575.5218
170.99999999999997	180.0	589.845
172.0	180.0	602.6513
173.00000000000003	180.0	614.029
174.00000000000003	180.0	624.0803
175.0	180.0	632.909
175.99999999999997	180.0	640.61
176.99999999999994	180.0	647.259
178.00000000000006	180.0	652.9034
179.0000000000001	180.0	657.5565
180.0	180.0	661.1927
179.0000000000001	0.0	663.7463
178.00000000000006	0.0	665.1127
176.99999999999994	0.0	665.1519
176.00000000000006	0.0	663.6958
175.0	0.0	660.5565
174.00000000000003	0.0	655.5371
172.99999999999997	0.0	648.4443
172.0	0.0	639.1007
171.00000000000003	0.0	627.359
170.00000000000003	0.0	613.1139
168.99999999999997	0.0	596.3144
167.99999999999997	0.0	576.9737
167.00000000000003	0.0	555.1767
166.00000000000003	0.0	531.0857
165.00000000000003	0.0	504.9417
163.99999999999997	0.0	477.0638
163.0	0.0	447.8445
162.00000000000003	0.0	417.7415
161.00000000000003	0.0	387.2672
160.0	0.0	356.9748
159.0	0.0	327.4427
158.00000000000003	0.0	299.2567
157.00000000000003	0.0	272.9917
156.00000000000003	0.0	249.1926
154.99999999999997	0.0	228.3565
154.0	0.0	210.9151
153.00000000000003	0.0	197.2195
152.0	0.0	187.5281
150.99999999999997	0.0	181.9962
150.0	0.0	180.6705
149.0	0.0	183.4866
148.0	0.0	190.2708
147.00000000000003	0.0	200.7449
146.0	0.0	214.5363
145.0	0.0	231.1899
144.00000000000003	0.0	250.1838
143.0	0.0	270.9467
142.0	0.0	292.8777
140.99999999999997	0.0	315.3662
140.00000000000003	0.0	337.8123
139.00000000000003	0.0	359.6463
138.00000000000003	0.0	380.3469
137.0	0.0	399.4569
136.0	0.0	416.5968
135.00000000000003	0.0	431.4745
134.00000000000003	0.0	443.8915
132.99999999999997	0.0	453.7454
131.99999999999997	0.0	461.0289
131.00000000000003	0.0	465.8243
130.00000000000003	0.0	468.295
129.00000000000003	0.0	468.6743
128.0	0.0	467.2504
126.99999999999999	0.0	464.3513
126.00000000000003	0.0	460.3269
125.00000000000004	0.0	455.5319
123.99999999999997	0.0	450.308
122.99999999999999	0.0	444.9685
122.0	0.0	439.7833
121.0	0.0	434.9673
120.00000000000001	0.0	430.6712
119.0	0.0	426.9759
118.00000000000001	0.0	423.8899
117.00000000000003	0.0	421.3513
116.00000000000004	0.0	419.2316
115.0	0.0	417.3446
114.00000000000001	0.0	415.4566
113.00000000000001	0.0	413.3
112.00000000000003	0.0	410.5881
111.00000000000004	0.0	407.0313
110.0	0.0	402.353
109.00000000000001	0.0	396.306
108.00000000000003	0.0	388.6869
107.00000000000004	0.0	379.3494
106.0	0.0	368.2144
105.0	0.0	355.278
104.00000000000001	0.0	340.6157
103.00000000000001	0.0	324.3836
102.00000000000003	0.0	306.8152
100.99999999999999	0.0	288.2157
100.0	0.0	268.9526
99.00000000000001	0.0	249.4433
98.00000000000003	0.0	230.1408
96.99999999999999	0.0	211.5173
96.0	0.0	194.0469
95.0	0.0	178.1878
94.00000000000001	0.0	164.3651
93.00000000000003	0.0	152.9548
91.99999999999999	0.0	144.2691
91.0	0.0	138.5448
90.0	90.0	179.3035
89.0	90.0	177.9361
88.0	90.0	176.2097
87.00000000000001	90.0	174.1602
86.0	90.0	171.8352
85.0	90.0	169.2919
84.0	90.0	166.5956
83.0	90.0	163.8173
82.0	90.0	161.0308
81.0	90.0	158.3102
80.0	90.0	155.7274
79.0	90.0	153.349
78.00000000000001	90.0	151.2345
77.0	90.0	149.4336
76.0	90.0	147.9852
75.0	90.0	146.9157
74.0	90.0	146.239
73.0	90.0	145.9558
72.0	90.0	146.055
71.0	90.0	146.5141
70.0	90.0	147.3015
69.00000000000001	90.0	148.3782
68.0	90.0	149.7005
67.0	90.0	151.2226
66.0	90.0	152.8994
65.0	90.0	154.6894
64.0	90.0	156.5572
63.0	90.0	158.4758
62.0	90.0	160.4287
61.0	90.0	162.4112
60.00000000000001	90.0	164.4313
59.00000000000001	90.0	166.5099
58.00000000000001	90.0	168.6803
57.00000000000001	90.0	170.9871
55.99999999999999	90.0	173.4843
55.00000000000001	90.0	176.2336
54.0	90.0	179.3006
53.00000000000001	90.0	182.7527
52.0	90.0	186.6553
51.00000000000001	90.0	191.0683
50.00000000000001	90.0	196.0433
49.00000000000001	90.0	201.6199
48.0	90.0	207.8238
47.0	90.0	214.6641
46.00000000000001	90.0	222.1321
45.0	90.0	230.2007
44.0	90.0	238.8242
43.0	90.0	247.9395
42.0	90.0	257.4678
41.0	90.0	267.3169
40.00000000000001	90.0	277.3846
39.0	90.0	287.5621
37.99999999999999	90.0	297.7388
37.0	90.0	307.8063
36.0	90.0	317.6628
35.0	90.0	327.218
34.0	90.0	336.3969
33.0	90.0	345.1432
31.99999999999999	90.0	353.423
31.0	90.0	361.2262
30.000000000000004	90.0	368.5679
29.00000000000001	90.0	375.4889
28.000000000000007	90.0	382.0547
27.00000000000001	90.0	388.3534
25.999999999999996	90.0	394.493
25.000000000000004	90.0	400.5973
24.000000000000004	90.0	406.8016
22.999999999999993	90.0	413.2467
21.999999999999996	90.0	420.0736
21.0	90.0	427.4172
20.00000000000001	90.0	435.4002
19.000000000000014	90.0	444.127
18.00000000000001	90.0	453.6786
17.000000000000007	90.0	464.1072
15.999999999999995	90.0	475.4327
14.999999999999996	90.0	487.6395
14.0	90.0	500.6747
12.999999999999996	90.0	514.4479
12.000000000000018	90.0	528.8313
10.999999999999993	90.0	543.6628
10.000000000000012	90.0	558.7484
8.999999999999984	90.0	573.8675
7.999999999999981	90.0	588.7781
7.000000000000025	90.0	603.2235
6.000000000000026	90.0	616.9395
4.999999999999992	90.0	629.6614
4.000000000000042	90.0	641.1326
3.0000000000000444	90.0	651.1113
1.9999999999999472	90.0	659.3785
0.9999999999999002	90.0	665.7442
0.0	90.0	670.0532
0.9999999999999002	270.0	672.1902
1.9999999999999472	270.0	672.0832
3.0000000000000444	270.0	669.7054
4.000000000000042	270.0	665.0767
4.999999999999992	270.0	658.2627
6.000000000000026	270.0	649.373
6.9999999999999725	270.0	638.5578
7.999999999999981	270.0	626.0034
8.999999999999984	270.0	611.9271
10.000000000000012	270.0	596.5705
10.999999999999993	270.0	580.1927
11.999999999999988	270.0	563.063
12.999999999999996	270.0	545.4535
14.0	270.0	527.6319
14.999999999999996	270.0	509.8542
15.999999999999995	270.0	492.3586
16.99999999999999	270.0	475.3598
17.999999999999986	270.0	459.0445
18.999999999999996	270.0	443.5674
19.999999999999993	270.0	429.0494
21.0	270.0	415.5756
21.999999999999996	270.0	403.1958
23.00000000000001	270.0	391.9252
24.000000000000004	270.0	381.7467
24.99999999999999	270.0	372.6139
26.000000000000007	270.0	364.455
26.999999999999996	270.0	357.177
28.000000000000007	270.0	350.6707
28.999999999999996	270.0	344.816
29.999999999999993	270.0	339.4866
31.0	270.0	334.5551
31.99999999999999	270.0	329.8978
33.0	270.0	325.3986
34.0	270.0	320.9525
35.000000000000014	270.0	316.4689
36.0	270.0	311.8728
37.000000000000014	270.0	307.1069
37.99999999999999	270.0	302.1318
38.99999999999999	270.0	296.9254
40.00000000000001	270.0	291.4826
40.999999999999986	270.0	285.8134
42.0	270.0	279.9408
43.0	270.0	273.8989
44.00000000000001	270.0	267.7297
45.0	270.0	261.481
46.000000000000014	270.0	255.2036
47.0	270.0	248.9488
47.999999999999986	270.0	242.766
49.00000000000001	270.0	236.7013
49.99999999999999	270.0	230.7956
51.00000000000001	270.0	225.0837
51.99999999999999	270.0	219.594
53.000000000000014	270.0	214.348
53.99999999999999	270.0	209.3608
55.000000000000014	270.0	204.6414
55.99999999999999	270.0	200.1941
56.999999999999986	270.0	196.0193
58.00000000000001	270.0	192.1148
58.99999999999999	270.0	188.4769
60.00000000000001	270.0	185.1018
61.0	270.0	181.9864
62.000000000000014	270.0	179.1293
63.0	270.0	176.5313
64.00000000000001	270.0	174.1953
65.0	270.0	172.1269
65.99999999999999	270.0	170.3332
67.0	270.0	168.8229
68.0	270.0	167.6046
69.00000000000001	270.0	166.6862
70.0	270.0	166.0734
71.00000000000001	270.0	165.7684
72.0	270.0	165.7689
73.00000000000001	270.0	166.0665
74.0	270.0	166.6461
74.99999999999999	270.0	167.4854
76.0	270.0	168.5539
77.0	270.0	169.8139
78.00000000000001	270.0	171.2202
79.0	270.0	172.7211
80.00000000000001	270.0	174.2601
81.0	270.0	175.7767
82.00000000000001	270.0	177.2092
83.0	270.0	178.4956
83.99999999999999	270.0	179.5771
85.0	270.0	180.3992
86.0	270.0	180.9145
87.00000000000001	270.0	181.0845
88.0	270.0	180.8812
89.00000000000001	270.0	180.2886
90.0	270.0	179.3035
91.00000000000001	270.0	177.9361
92.0	270.0	176.2097
92.99999999999999	270.0	174.1602
94.0	270.0	171.8352
95.0	270.0	169.2919
96.00000000000001	270.0	166.5956
97.0	270.0	163.8173
98.00000000000001	270.0	161.0308
99.0	270.0	158.3102
100.00000000000001	270.0	155.7274
101.0	270.0	153.349
102.00000000000001	270.0	151.2345
103.0	270.0	149.4336
104.0	270.0	147.9852
105.00000000000001	270.0	146.9157
106.0	270.0	146.239
107.00000000000001	270.0	145.9558
108.0	270.0	146.055
109.00000000000001	270.0	146.5141
110.0	270.0	147.3015
111.00000000000001	270.0	148.3782
112.0	270.0	149.7005
113.0	270.0	151.2226
114.00000000000001	270.0	152.8994
115.0	270.0	154.6894
116.00000000000001	270.0	156.5572
117.0	270.0	158.4758
118.00000000000001	270.0	160.4287
119.0	270.0	162.4112
120.00000000000001	270.0	164.4313
121.0	270.0	166.5099
122.0	270.0	168.6803
123.00000000000001	270.0	170.9871
124.0	270.0	173.4843
125.00000000000001	270.0	176.2336
126.0	270.0	179.3006
127.00000000000001	270.0	182.7527
128.0	270.0	186.6553
129.00000000000003	270.0	191.0683
130.0	270.0	196.0433
131.0	270.0	201.6199
132.0	270.0	207.8238
133.0	270.0	214.6641
134.0	270.0	222.1321
135.0	270.0	230.2007
136.0	270.0	238.8242
137.0	270.0	247.9395
138.00000000000003	270.0	257.4678
139.0	270.0	267.3169
140.0	270.0	277.3846
140.99999999999997	270.0	287.5621
142.00000000000003	270.0	297.7388
143.0	270.0	307.8063
144.0	270.0	317.6628
145.0	270.0	327.218
146.00000000000003	270.0	336.3969
147.00000000000003	270.0	345.1432
148.0	270.0	353.423
149.0	270.0	361.2262
149.99999999999997	270.0	368.5679
151.00000000000003	270.0	375.4889
152.0	270.0	382.0547
153.0	270.0	388.3534
154.0	270.0	394.493
155.00000000000003	270.0	400.5973
156.00000000000003	270.0	406.8016
157.0	270.0	413.2467
158.0	270.0	420.0736
158.99999999999997	270.0	427.4172
160.00000000000003	270.0	435.4002
161.0	270.0	444.127
162.0	270.0	453.6786
163.0	270.0	464.1072
164.00000000000003	270.0	475.4327
165.00000000000003	270.0	487.6395
166.0	270.0	500.6747
167.0	270.0	514.4479
167.99999999999997	270.0	528.8313
169.00000000000003	270.0	543.6628
169.99999999999997	270.0	558.7484
170.99999999999997	270.0	573.8675
172.0	270.0	588.7781
173.00000000000003	270.0	603.2235
174.00000000000003	270.0	616.9395
175.0	270.0	629.6614
175.99999999999997	270.0	641.1326
176.99999999999994	270.0	651.1113
178.00000000000006	270.0	659.3785
179.0000000000001	270.0	665.7442
180.0	270.0	670.0532
179.0000000000001	90.0	672.1902
178.00000000000006	90.0	672.0832
176.99999999999994	90.0	669.7054
176.00000000000006	90.0	665.0767
175.0	90.0	658.2627
174.00000000000003	90.0	649.373
172.99999999999997	90.0	638.5578
172.0	90.0	626.0034
171.00000000000003	90.0	611.9271
170.00000000000003	90.0	596.5705
168.99999999999997	90.0	580.1927
167.99999999999997	90.0	563.063
167.00000000000003	90.0	545.4535
166.00000000000003	90.0	527.6319
165.00000000000003	90.0	509.8542
163.99999999999997	90.0	492.3586
163.0	90.0	475.3598
162.00000000000003	90.0	459.0445
161.00000000000003	90.0	443.5674
160.0	90.0	429.0494
159.0	90.0	415.5756
158.00000000000003	90.0	403.1958
157.00000000000003	90.0	391.9252
156.00000000000003	90.0	381.7467
154.99999999999997	90.0	372.6139
154.0	90.0	364.455
153.00000000000003	90.0	357.177
152.0	90.0	350.6707
150.99999999999997	90.0	344.816
150.0	90.0	339.4866
149.0	90.0	334.5551
148.0	90.0	329.8978
147.00000000000003	90.0	325.3986
146.0	90.0	320.9525
145.0	90.0	316.4689
144.00000000000003	90.0	311.8728
143.0	90.0	307.1069
142.0	90.0	302.1318
140.99999999999997	90.0	296.9254
140.00000000000003	90.0	291.4826
139.00000000000003	90.0	285.8134
138.00000000000003	90.0	279.9408
137.0	90.0	273.8989
136.0	90.0	267.7297
135.00000000000003	90.0	261.481
134.00000000000003	90.0	255.2036
132.99999999999997	90.0	248.9488
131.99999999999997	90.0	242.766
131.00000000000003	90.0	236.7013
130.00000000000003	90.0	230.7956
129.00000000000003	90.0	225.0837
128.0	90.0	219.594
126.99999999999999	90.0	214.348
126.00000000000003	90.0	209.3608
125.00000000000004	90.0	204.6414
123.99999999999997	90.0	200.1941
122.99999999999999	90.0	196.0193
122.0	90.0	192.1148
121.0	90.0	188.4769
120.00000000000001	90.0	185.1018
119.0	90.0	181.9864
118.00000000000001	90.0	179.1293
117.00000000000003	90.0	176.5313
116.00000000000004	90.0	174.1953
115.0	90.0	172.1269
114.00000000000001	90.0	170.3332
113.00000000000001	90.0	168.8229
112.00000000000003	90.0	167.6046
111.00000000000004	90.0	166.6862
110.0	90.0	166.0734
109.00000000000001	90.0	165.7684
108.00000000000003	90.0	165.7689
107.00000000000004	90.0	166.0665
106.0	90.0	166.6461
105.0	90.0	167.4854
104.00000000000001	90.0	168.5539
103.00000000000001	90.0	169.8139
102.00000000000003	90.0	171.2202
100.99999999999999	90.0	172.7211
100.0	90.0	174.2601
99.00000000000001	90.0	175.7767
98.00000000000003	90.0	177.2092
96.99999999999999	90.0	178.4956
96.0	90.0	179.5771
95.0	90.0	180.3992
94.00000000000001	90.0	180.9145
93.00000000000003	90.0	181.0845
91.99999999999999	90.0	180.8812
91.0	90.0	180.2886
