Polar Angle 	 Azimuth Angle 	 Intensity 
90.0	45.0	1.0772041869168896
89.0	45.0	1.074362552898257
88.0	45.0	1.0717567579820428
87.00000000000001	45.0	1.0694487563983044
86.0	45.0	1.067483774734984
85.0	45.0	1.0658868011982046
84.0	45.0	1.0646603139571684
83.0	45.0	1.063782629031355
82.0	45.0	1.0632062481777211
81.0	45.0	1.0628572393483977
80.0	45.0	1.0626360627470928
79.0	45.0	1.0624194294559923
78.00000000000001	45.0	1.0620617470344607
77.0	45.0	1.0613994563151472
76.0	45.0	1.060254955171887
75.0	45.0	1.0584411418299065
74.0	45.0	1.0557684363452302
73.0	45.0	1.0520493239148847
72.0	45.0	1.0471055828704043
71.0	45.0	1.0407750996431395
70.0	45.0	1.032916618588559
69.00000000000001	45.0	1.0234173830079583
68.0	45.0	1.012196026345862
67.0	45.0	0.9992085610989296
66.0	45.0	0.9844508569851571
65.0	45.0	0.967959880028479
64.0	45.0	0.9498155511856688
63.0	45.0	0.9301388877194392
62.0	45.0	0.9090905575997387
61.0	45.0	0.8868669557358493
60.00000000000001	45.0	0.8636960736943824
59.00000000000001	45.0	0.8398310977621724
58.00000000000001	45.0	0.8155442135232714
57.00000000000001	45.0	0.7911189648372423
55.99999999999999	45.0	0.7668424063033511
55.00000000000001	45.0	0.7429974622388597
54.0	45.0	0.7198544596009184
53.00000000000001	45.0	0.6976645195353604
52.0	45.0	0.676651916354993
51.00000000000001	45.0	0.6570082951447939
50.00000000000001	45.0	0.6388883349658063
49.00000000000001	45.0	0.6224052055449353
48.0	45.0	0.607629328190346
47.0	45.0	0.5945869301927628
46.00000000000001	45.0	0.5832608708818696
45.0	45.0	0.5735927067673124
44.0	45.0	0.5654868218207025
43.0	45.0	0.5588135251871199
42.0	45.0	0.5534162791786196
41.0	45.0	0.5491172751549367
40.00000000000001	45.0	0.5457242484887933
39.0	45.0	0.5430381195876046
37.99999999999999	45.0	0.5408598088587865
37.0	45.0	0.5389974647032612
36.0	45.0	0.5372726589384631
35.0	45.0	0.5355253431367444
34.0	45.0	0.5336202505624793
33.0	45.0	0.531448135256667
31.99999999999999	45.0	0.5289301088330342
31.0	45.0	0.5260174339639356
30.000000000000004	45.0	0.5226919374085547
29.00000000000001	45.0	0.518964151386001
28.000000000000007	45.0	0.5148706288920085
27.00000000000001	45.0	0.5104714655297329
25.999999999999996	45.0	0.505844310600846
25.000000000000004	45.0	0.5010808563658328
24.000000000000004	45.0	0.4962804361068854
22.999999999999993	45.0	0.4915456873317988
21.999999999999996	45.0	0.48697594332276517
21.0	45.0	0.48266330936846963
20.00000000000001	45.0	0.478688325967987
19.000000000000014	45.0	0.47511521900647663
18.00000000000001	45.0	0.4719904541564816
17.000000000000007	45.0	0.4693402587087263
15.999999999999995	45.0	0.46717020854391583
14.999999999999996	45.0	0.46546564116093664
14.0	45.0	0.46419268824735727
12.999999999999996	45.0	0.46330116687683137
12.000000000000018	45.0	0.4627278837347002
10.999999999999993	45.0	0.46239952631539605
10.000000000000012	45.0	0.4622378257749462
8.999999999999984	45.0	0.4621643067552781
7.999999999999981	45.0	0.4621040046380222
7.000000000000025	45.0	0.4619900088547166
6.000000000000026	45.0	0.4617682127111111
4.999999999999992	45.0	0.46140020458457015
4.000000000000042	45.0	0.4608651265509744
3.0000000000000444	45.0	0.4601631851244241
1.9999999999999472	45.0	0.4593142056585376
0.9999999999999002	45.0	0.4583594909733531
0.0	45.0	0.4573587236438259
0.9999999999999002	225.0	0.45638831388702683
1.9999999999999472	225.0	0.4555389213929399
3.0000000000000444	225.0	0.45491008595785726
4.000000000000042	225.0	0.45460671674467623
4.999999999999992	225.0	0.4547341359444943
6.000000000000026	225.0	0.45539229638180406
6.9999999999999725	225.0	0.4566716512324893
7.999999999999981	225.0	0.45864778465722017
8.999999999999984	225.0	0.4613776945476493
10.000000000000012	225.0	0.4648954557303084
10.999999999999993	225.0	0.46921077436790637
11.999999999999988	225.0	0.47430609676192703
12.999999999999996	225.0	0.4801374354090295
14.0	225.0	0.4866333364305477
14.999999999999996	225.0	0.49369797728399284
15.999999999999995	225.0	0.501213851446356
16.99999999999999	225.0	0.5090448661256112
17.999999999999986	225.0	0.5170415051132198
18.999999999999996	225.0	0.525046404664836
19.999999999999993	225.0	0.5329001358951121
21.0	225.0	0.5404471936866043
21.999999999999996	225.0	0.547541572570477
23.00000000000001	225.0	0.5540542012341106
24.000000000000004	225.0	0.5598764532608047
24.99999999999999	225.0	0.5649265490668834
26.000000000000007	225.0	0.5691524470990986
26.999999999999996	225.0	0.5725349415461324
28.000000000000007	225.0	0.5750889014231986
28.999999999999996	225.0	0.576864922684844
29.999999999999993	225.0	0.5779472630839467
31.0	225.0	0.5784521900589145
31.99999999999999	225.0	0.578525089536282
33.0	225.0	0.5783359226205067
34.0	225.0	0.5780742692555644
35.000000000000014	225.0	0.5779433393160431
36.0	225.0	0.5781535706700378
37.000000000000014	225.0	0.5789164337561447
37.99999999999999	225.0	0.5804374101040537
38.99999999999999	225.0	0.5829102099397447
40.00000000000001	225.0	0.5865097507060796
40.999999999999986	225.0	0.591388026780799
42.0	225.0	0.5976685335958177
43.0	225.0	0.6054437894680211
44.00000000000001	225.0	0.6147722378877637
45.0	225.0	0.625676388891966
46.000000000000014	225.0	0.6381440581487168
47.0	225.0	0.652127540900872
47.999999999999986	225.0	0.6675471227057576
49.00000000000001	225.0	0.6842923185197713
49.99999999999999	225.0	0.7022274485790877
51.00000000000001	225.0	0.7211941165688596
51.99999999999999	225.0	0.7410169920180247
53.000000000000014	225.0	0.7615089731518099
53.99999999999999	225.0	0.7824755236878346
55.000000000000014	225.0	0.8037204552309172
55.99999999999999	225.0	0.8250502640691785
56.999999999999986	225.0	0.8462780549419452
58.00000000000001	225.0	0.867228497378155
58.99999999999999	225.0	0.8877392712950575
60.00000000000001	225.0	0.9076645777379175
61.0	225.0	0.9268765844787168
62.000000000000014	225.0	0.9452658390443537
63.0	225.0	0.9627418882589447
64.00000000000001	225.0	0.9792328652156229
65.0	225.0	0.9946838371637376
65.99999999999999	225.0	1.0090563924806533
67.0	225.0	1.0223265755307476
68.0	225.0	1.0344822019821094
69.00000000000001	225.0	1.0455224457783379
70.0	225.0	1.0554547414270397
71.00000000000001	225.0	1.0642935449152287
72.0	225.0	1.0720590946247228
73.00000000000001	225.0	1.078775965733446
74.0	225.0	1.084472863701324
74.99999999999999	225.0	1.0891817982138865
76.0	225.0	1.0929380831822666
77.0	225.0	1.0957807497714003
78.00000000000001	225.0	1.0977533724564277
79.0	225.0	1.0989036559944936
80.00000000000001	225.0	1.0992859135939477
81.0	225.0	1.0989600343438457
82.00000000000001	225.0	1.0979927222985495
83.0	225.0	1.0964577029918274
83.99999999999999	225.0	1.094435516922754
85.0	225.0	1.0920133130416099
86.0	225.0	1.0892829901229804
87.00000000000001	225.0	1.0863401641952537
88.0	225.0	1.083282309913721
89.00000000000001	225.0	1.080206075877271
90.0	225.0	1.0772041869168896
91.00000000000001	225.0	1.074362552898257
92.0	225.0	1.0717567579820428
92.99999999999999	225.0	1.0694487563983044
94.0	225.0	1.067483774734984
95.0	225.0	1.0658868011982046
96.00000000000001	225.0	1.0646603139571684
97.0	225.0	1.063782629031355
98.00000000000001	225.0	1.0632062481777211
99.0	225.0	1.0628572393483977
100.00000000000001	225.0	1.0626360627470928
101.0	225.0	1.0624194294559923
102.00000000000001	225.0	1.0620617470344607
103.0	225.0	1.0613994563151472
104.0	225.0	1.060254955171887
105.00000000000001	225.0	1.0584411418299065
106.0	225.0	1.0557684363452302
107.00000000000001	225.0	1.0520493239148847
108.0	225.0	1.0471055828704043
109.00000000000001	225.0	1.0407750996431395
110.0	225.0	1.032916618588559
111.00000000000001	225.0	1.0234173830079583
112.0	225.0	1.012196026345862
113.0	225.0	0.9992085610989296
114.00000000000001	225.0	0.9844508569851571
115.0	225.0	0.967959880028479
116.00000000000001	225.0	0.9498155511856688
117.0	225.0	0.9301388877194392
118.00000000000001	225.0	0.9090905575997387
119.0	225.0	0.8868669557358493
120.00000000000001	225.0	0.8636960736943824
121.0	225.0	0.8398310977621724
122.0	225.0	0.8155442135232714
123.00000000000001	225.0	0.7911189648372423
124.0	225.0	0.7668424063033511
125.00000000000001	225.0	0.7429974622388597
126.0	225.0	0.7198544596009184
127.00000000000001	225.0	0.6976645195353604
128.0	225.0	0.676651916354993
129.00000000000003	225.0	0.6570082951447939
130.0	225.0	0.6388883349658063
131.0	225.0	0.6224052055449353
132.0	225.0	0.607629328190346
133.0	225.0	0.5945869301927628
134.0	225.0	0.5832608708818696
135.0	225.0	0.5735927067673124
136.0	225.0	0.5654868218207025
137.0	225.0	0.5588135251871199
138.00000000000003	225.0	0.5534162791786196
139.0	225.0	0.5491172751549367
140.0	225.0	0.5457242484887933
140.99999999999997	225.0	0.5430381195876046
142.00000000000003	225.0	0.5408598088587865
143.0	225.0	0.5389974647032612
144.0	225.0	0.5372726589384631
145.0	225.0	0.5355253431367444
146.00000000000003	225.0	0.5336202505624793
147.00000000000003	225.0	0.531448135256667
148.0	225.0	0.5289301088330342
149.0	225.0	0.5260174339639356
149.99999999999997	225.0	0.5226919374085547
151.00000000000003	225.0	0.518964151386001
152.0	225.0	0.5148706288920085
153.0	225.0	0.5104714655297329
154.0	225.0	0.505844310600846
155.00000000000003	225.0	0.5010808563658328
156.00000000000003	225.0	0.4962804361068854
157.0	225.0	0.4915456873317988
158.0	225.0	0.48697594332276517
158.99999999999997	225.0	0.48266330936846963
160.00000000000003	225.0	0.478688325967987
161.0	225.0	0.47511521900647663
162.0	225.0	0.4719904541564816
163.0	225.0	0.4693402587087263
164.00000000000003	225.0	0.46717020854391583
165.00000000000003	225.0	0.46546564116093664
166.0	225.0	0.46419268824735727
167.0	225.0	0.46330116687683137
167.99999999999997	225.0	0.4627278837347002
169.00000000000003	225.0	0.46239952631539605
169.99999999999997	225.0	0.4622378257749462
170.99999999999997	225.0	0.4621643067552781
172.0	225.0	0.4621040046380222
173.00000000000003	225.0	0.4619900088547166
174.00000000000003	225.0	0.4617682127111111
175.0	225.0	0.46140020458457015
175.99999999999997	225.0	0.4608651265509744
176.99999999999994	225.0	0.4601631851244241
178.00000000000006	225.0	0.4593142056585376
179.0000000000001	225.0	0.4583594909733531
180.0	225.0	0.4573587236438259
179.0000000000001	45.0	0.45638831388702683
178.00000000000006	45.0	0.4555389213929399
176.99999999999994	45.0	0.45491008595785726
176.00000000000006	45.0	0.45460671674467623
175.0	45.0	0.4547341359444943
174.00000000000003	45.0	0.45539229638180406
172.99999999999997	45.0	0.4566716512324893
172.0	45.0	0.45864778465722017
171.00000000000003	45.0	0.4613776945476493
170.00000000000003	45.0	0.4648954557303084
168.99999999999997	45.0	0.46921077436790637
167.99999999999997	45.0	0.47430609676192703
167.00000000000003	45.0	0.4801374354090295
166.00000000000003	45.0	0.4866333364305477
165.00000000000003	45.0	0.49369797728399284
163.99999999999997	45.0	0.501213851446356
163.0	45.0	0.5090448661256112
162.00000000000003	45.0	0.5170415051132198
161.00000000000003	45.0	0.525046404664836
160.0	45.0	0.5329001358951121
159.0	45.0	0.5404471936866043
158.00000000000003	45.0	0.547541572570477
157.00000000000003	45.0	0.5540542012341106
156.00000000000003	45.0	0.5598764532608047
154.99999999999997	45.0	0.5649265490668834
154.0	45.0	0.5691524470990986
153.00000000000003	45.0	0.5725349415461324
152.0	45.0	0.5750889014231986
150.99999999999997	45.0	0.576864922684844
150.0	45.0	0.5779472630839467
149.0	45.0	0.5784521900589145
148.0	45.0	0.578525089536282
147.00000000000003	45.0	0.5783359226205067
146.0	45.0	0.5780742692555644
145.0	45.0	0.5779433393160431
144.00000000000003	45.0	0.5781535706700378
143.0	45.0	0.5789164337561447
142.0	45.0	0.5804374101040537
140.99999999999997	45.0	0.5829102099397447
140.00000000000003	45.0	0.5865097507060796
139.00000000000003	45.0	0.591388026780799
138.00000000000003	45.0	0.5976685335958177
137.0	45.0	0.6054437894680211
136.0	45.0	0.6147722378877637
135.00000000000003	45.0	0.625676388891966
134.00000000000003	45.0	0.6381440581487168
132.99999999999997	45.0	0.652127540900872
131.99999999999997	45.0	0.6675471227057576
131.00000000000003	45.0	0.6842923185197713
130.00000000000003	45.0	0.7022274485790877
129.00000000000003	45.0	0.7211941165688596
128.0	45.0	0.7410169920180247
126.99999999999999	45.0	0.7615089731518099
126.00000000000003	45.0	0.7824755236878346
125.00000000000004	45.0	0.8037204552309172
123.99999999999997	45.0	0.8250502640691785
122.99999999999999	45.0	0.8462780549419452
122.0	45.0	0.867228497378155
121.0	45.0	0.8877392712950575
120.00000000000001	45.0	0.9076645777379175
119.0	45.0	0.9268765844787168
118.00000000000001	45.0	0.9452658390443537
117.00000000000003	45.0	0.9627418882589447
116.00000000000004	45.0	0.9792328652156229
115.0	45.0	0.9946838371637376
114.00000000000001	45.0	1.0090563924806533
113.00000000000001	45.0	1.0223265755307476
112.00000000000003	45.0	1.0344822019821094
111.00000000000004	45.0	1.0455224457783379
110.0	45.0	1.0554547414270397
109.00000000000001	45.0	1.0642935449152287
108.00000000000003	45.0	1.0720590946247228
107.00000000000004	45.0	1.078775965733446
106.0	45.0	1.084472863701324
105.0	45.0	1.0891817982138865
104.00000000000001	45.0	1.0929380831822666
103.00000000000001	45.0	1.0957807497714003
102.00000000000003	45.0	1.0977533724564277
100.99999999999999	45.0	1.0989036559944936
100.0	45.0	1.0992859135939477
99.00000000000001	45.0	1.0989600343438457
98.00000000000003	45.0	1.0979927222985495
96.99999999999999	45.0	1.0964577029918274
96.0	45.0	1.094435516922754
95.0	45.0	1.0920133130416099
94.00000000000001	45.0	1.0892829901229804
93.00000000000003	45.0	1.0863401641952537
91.99999999999999	45.0	1.083282309913721
91.0	45.0	1.080206075877271
90.0	0.0	0.7144570070783179
89.29291116952395	0.7071426817872533	0.7161619874894976
88.58593006627854	1.4145007934175506	0.7200204969374723
87.87916453235917	2.122289895867879	0.7259831785522964
87.1727226397129	2.8307258121018455	0.733989523702614
86.4667128053692	3.540024757356371	0.743966219882857
85.76124390703504	4.250403468570711	0.7558259116286447
85.05642539917308	4.962079332655645	0.76946410280528
84.3523674296794	5.675270513286652	0.7847572979808485
83.64918095727445	6.390196075887154	0.8015596982006152
82.94697786971682	7.107076110446535	0.8197023749306238
82.24587110294536	7.826131851792348	0.8389897593179929
81.54597476125012	8.547585796906942	0.859200055219117
80.84740423856572	9.271661818845425	0.8800842066291654
80.15027634097487	9.998585276774412	0.9013681693371841
79.45470941050044	10.728583121609057	0.9227541500106975
78.76082345025607	11.461883996679509	0.9439257690482121
78.0687402510143	12.198718332806749	0.9645511582907209
77.37858351923944	12.939318437111838	0.9842912215857093
76.69047900661849	13.683918574821595	1.002805623696062
76.00455464110858	14.432755043267381	1.0197618769204715
75.32094065950206	15.186066237202516	1.0348436016574443
74.63976974149092	15.944092704486447	1.0477596130257105
73.96117714519126	16.707077191101824	1.058253833541033
73.28530084406378	17.47526467438212	1.066112934137914
72.61228166514054	18.2489023832344	1.0711750077618039
71.94226342843773	19.028239804042187	1.0733357647921058
71.27539308740191	19.813528670829413	1.0725541089228816
70.61182087020094	20.605022938156644	1.068855441388455
69.95170042163069	21.402978735106455	1.0623335195903125
69.29518894536457	22.207654298596484	1.0531494245266038
68.64244734622547	23.019309884136224	1.0415292891370382
67.99364037210603	23.838207652018653	1.0277587224221802
67.34893675510656	24.664611526811417	1.0121764075063437
66.70850935139694	25.498787027884514	0.9951641889607826
66.07253527924108	26.34100106858589	0.9771375731550818
65.44119605454999	27.191521721553002	0.9585331308970454
64.81467772324949	28.05061794753063	0.939795900072586
64.19317098966519	28.918559284955432	0.9213657557151111
63.57687134003648	29.79561549746857	0.9036646061313117
62.965979160175145	30.68205617643342	0.8870833825128498
62.36069984618289	31.5781502954692	0.8719698546044476
61.761243907035045	32.484165713968785	0.8586189245411785
61.16782705772538	33.400368626554155	0.847263333713958
60.58067030155157	34.32702295544232	0.8380668478042379
59.99999999999999	35.264389682754654	0.8311207460443025
59.42604792856702	36.212726119908915	0.826442169104468
58.8590513167294	37.17228511139536	0.8239739125789812
58.29925287015328	38.143314170462425	0.8235891768103247
57.74690077310915	39.12605454453247	0.8250971427699219
57.20224866894282	40.12074020854298	0.8282502000516431
56.66555561634145	41.12759678487194	0.8327553051473169
56.13708601903233	42.14684038906587	0.8382849266940399
55.61710952646371	43.178676401255004	0.8444894363201881
55.10590090294487	44.223298163918535	0.8510107385760298
54.60373986267208	45.28088560756104	0.8574956943502379
54.11091086804023	46.3516038068849	0.8636087182300014
53.62770288864506	47.435601471194154	0.8690437563188368
53.154409118419395	48.53300937404573	0.8735352314838979
52.691326648427214	49.643938728569864	0.8768673364904851
52.23875609296496	50.76847951640774	0.8788794033686491
51.79700116679687	51.90669877984987	0.8794723053502984
51.36636821158484	53.05863888848747	0.8786092829255989
50.94716566986906	54.22431579349069	0.8763161503570743
50.539703505316	55.40371728447302	0.8726777849399036
50.14429256838126	56.59680126575802	0.8678337902058159
49.76124390703504	57.80349407069134	0.8619702353590833
49.390868022772075	59.02368883439022	0.855312220768915
49.03347407277117	60.25724394694163	0.8481121066657444
48.68936901978189	61.503981610489745	0.840639187436221
48.35885673209022	62.76368652482927	0.8331677138053989
48.04223703674405	64.03610472697835	0.825966154103527
47.73980473009234	65.32094261067617	0.8192850099341371
47.45184855059514	66.61786615176922	0.8133481425818369
47.178650119779434	67.92650036495783	0.8083430668495999
46.920482858129056	69.2464290163152	0.8044149621498606
46.677610883583455	70.57719461432482	0.8016613031379095
46.450287901158305	71.91829869987819	0.8001293815426902
46.23875609296496	73.2692024527246	0.7998152735962991
46.043245018569806	74.62932762827676	0.8006663182031877
45.86397053617525	75.99805783448308	0.8025846276798648
45.701133755495384	77.37474015373697	0.8054322506074031
45.554920033420714	78.7586871095844	0.8090392258813448
45.42549802359849	80.14917897242118	0.8132118432757106
45.31301879088406	81.5454663925662	0.8177417300634073
45.21761500123496	82.94677334320139	0.8224163832353382
45.1394001970194	84.35230034984485	0.827028256120811
45.07846816689916	85.76122797743554	0.8313844645502468
45.03489241843145	87.17272054092642	0.8353152539332886
45.00872576033472	88.58593000067151	0.8386816402805074
45.0	90.0	0.8413801600277075
45.00872576033472	91.41406999932849	0.8433476198602303
45.03489241843145	92.82727945907358	0.8445625423116558
45.07846816689916	94.23877202256445	0.8450451657638031
45.1394001970194	95.64769965015516	0.8448557923339276
45.21761500123496	97.05322665679864	0.844090038050418
45.31301879088406	98.45453360743382	0.8428736700002911
45.42549802359848	99.85082102757882	0.8413557913638848
45.554920033420714	101.2413128904156	0.8396999613085508
45.701133755495384	102.62525984626303	0.8380759344246462
45.86397053617525	104.00194216551692	0.8366507806192259
46.043245018569806	105.37067237172324	0.8355791789533331
46.238756092964955	106.73079754727539	0.8349963961625931
46.450287901158305	108.08170130012182	0.8350094065509053
46.677610883583455	109.42280538567519	0.835692555194338
46.920482858129056	110.7535709836848	0.8370817755463252
47.178650119779434	112.07349963504215	0.8391731438389628
47.45184855059512	113.38213384823077	0.8419220530266095
47.73980473009234	114.67905738932384	0.8452446583845877
48.04223703674405	115.96389527302166	0.8490213882488867
48.3588567320902	117.23631347517073	0.8531027264109681
48.68936901978189	118.49601838951025	0.8573156140548711
49.03347407277117	119.74275605305839	0.8614725363776223
49.39086802277208	120.9763111656098	0.8653799896673425
49.76124390703504	122.19650592930867	0.8688488070082562
50.14429256838125	123.40319873424197	0.8717042774716016
50.539703505316005	124.59628271552698	0.8737952327360388
50.94716566986905	125.77568420650928	0.8750039597644587
51.36636821158484	126.94136111151253	0.8752521897128887
51.79700116679685	128.09330122015012	0.8745085324380998
52.23875609296496	129.23152048359225	0.8727924002655097
52.691326648427214	130.35606127143015	0.8701758666160857
53.154409118419395	131.46699062595425	0.8667832529781425
53.62770288864506	132.56439852880584	0.8627892702804423
54.11091086804023	133.64839619311508	0.8584146820960893
54.60373986267208	134.71911439243897	0.8539178375644232
55.10590090294487	135.7767018360815	0.8495876499116114
55.617109526463715	136.821323598745	0.8457330642315404
56.13708601903233	137.8531596109341	0.8426702536116026
56.66555561634144	138.87240321512806	0.840712706455889
57.20224866894282	139.879259791457	0.8401563574699737
57.74690077310915	140.87394545546752	0.8412694684700049
58.29925287015328	141.85668582953758	0.8442794114802935
58.8590513167294	142.82771488860465	0.8493635821129039
59.42604792856702	143.7872738800911	0.856639693404945
59.99999999999999	144.73561031724535	0.8661591673673643
60.58067030155157	145.6729770445577	0.8779027981888444
61.16782705772538	146.59963137344585	0.8917782740665995
61.76124390703503	147.5158342860312	0.9076205902345768
62.36069984618289	148.4218497045308	0.9251953531890591
62.96597916017513	149.31794382356657	0.9442033239988694
63.57687134003648	150.20438450253144	0.9642888853834779
64.19317098966519	151.08144071504458	0.9850495413616118
64.81467772324949	151.9493820524694	1.006046862498565
65.44119605454999	152.808478278447	1.0268197028086103
66.0725352792411	153.65899893141415	1.0468972101433114
66.70850935139694	154.5012129721155	1.0658126626362359
67.34893675510656	155.3353884731886	1.0831179246899685
67.99364037210603	156.16179234798136	1.0983948052516221
68.64244734622547	156.98069011586378	1.111268481229349
69.29518894536457	157.79234570140352	1.1214174101691516
69.95170042163069	158.59702126489356	1.1285820038470893
70.61182087020094	159.39497706184335	1.132570823692285
71.2753930874019	160.1864713291706	1.1332659501535287
71.94226342843773	160.9717601959578	1.1306242217838816
72.61228166514054	161.7510976167656	1.1246766156983712
73.28530084406377	162.52473532561788	1.1155268019752942
73.96117714519126	163.29292280889817	1.1033453612614086
74.63976974149092	164.05590729551355	1.0883637958630288
75.32094065950206	164.8139337627975	1.0708666822102182
76.00455464110858	165.56724495673262	1.051181758179981
76.6904790066185	166.31608142517842	1.0296706299617515
77.37858351923944	167.06068156288816	1.0067178268100867
78.0687402510143	167.80128166719328	0.9827206818537543
78.76082345025605	168.5381160033205	0.9580790063907246
79.45470941050044	169.27141687839094	0.933185796753662
80.15027634097487	170.0014147232256	0.9084185607177161
80.84740423856572	170.72833818115458	0.8841329155634163
81.54597476125012	171.45241420309307	0.8606553600831652
82.24587110294536	172.17386814820765	0.838280796412036
82.94697786971682	172.8929238895535	0.8172679867175684
83.64918095727445	173.60980392411287	0.7978393466856686
84.3523674296794	174.32472948671335	0.7801805324924083
85.05642539917308	175.03792066734437	0.7644416798886269
85.76124390703502	175.7495965314293	0.7507400888832328
86.4667128053692	176.45997524264365	0.7391620823701062
87.17272263971289	177.16927418789817	0.729766929896002
87.87916453235917	177.87771010413212	0.7225911844566539
88.58593006627854	178.58549920658245	0.7176503346095765
89.29291116952395	179.29285731821275	0.7149441738406692
90.0	180.0	0.7144570070783179
90.70708883047607	180.70714268178725	0.7161619874894976
91.41406993372146	181.41450079341755	0.7200204969374723
92.12083546764083	182.12228989586788	0.7259831785522964
92.82727736028711	182.83072581210183	0.733989523702614
93.5332871946308	183.54002475735635	0.743966219882857
94.23875609296496	184.2504034685707	0.7558259116286447
94.94357460082692	184.96207933265563	0.76946410280528
95.64763257032061	185.67527051328665	0.7847572979808485
96.35081904272555	186.39019607588713	0.8015596982006152
97.05302213028318	187.1070761104465	0.8197023749306238
97.75412889705464	187.82613185179233	0.8389897593179929
98.45402523874989	188.54758579690696	0.859200055219117
99.15259576143428	189.27166181884542	0.8800842066291654
99.84972365902512	189.9985852767744	0.9013681693371841
100.54529058949956	190.72858312160906	0.9227541500106975
101.23917654974393	191.4618839966795	0.9439257690482121
101.93125974898571	192.19871833280675	0.9645511582907209
102.62141648076054	192.93931843711184	0.9842912215857093
103.30952099338153	193.68391857482158	1.002805623696062
103.99544535889142	194.43275504326738	1.0197618769204715
104.67905934049796	195.18606623720254	1.0348436016574443
105.36023025850908	195.94409270448645	1.0477596130257105
106.03882285480874	196.7070771911018	1.058253833541033
106.71469915593623	197.4752646743821	1.066112934137914
107.38771833485946	198.2489023832344	1.0711750077618039
108.05773657156229	199.0282398040422	1.0733357647921058
108.7246069125981	199.8135286708294	1.0725541089228816
109.38817912979906	200.60502293815665	1.068855441388455
110.04829957836931	201.40297873510644	1.0623335195903125
110.70481105463544	202.20765429859648	1.0531494245266038
111.35755265377453	203.01930988413622	1.0415292891370382
112.00635962789397	203.83820765201864	1.0277587224221802
112.65106324489344	204.6646115268114	1.0121764075063437
113.29149064860306	205.49878702788448	0.9951641889607826
113.92746472075892	206.34100106858588	0.9771375731550818
114.55880394545001	207.191521721553	0.9585331308970454
115.18532227675053	208.05061794753064	0.939795900072586
115.8068290103348	208.91855928495542	0.9213657557151111
116.42312865996352	209.79561549746856	0.9036646061313117
117.03402083982486	210.68205617643343	0.8870833825128498
117.63930015381712	211.5781502954692	0.8719698546044476
118.23875609296496	212.48416571396876	0.8586189245411785
118.83217294227461	213.40036862655413	0.847263333713958
119.41932969844842	214.32702295544232	0.8380668478042379
120.00000000000001	215.26438968275463	0.8311207460443025
120.573952071433	216.2127261199089	0.826442169104468
121.14094868327061	217.17228511139535	0.8239739125789812
121.70074712984672	218.14331417046245	0.8235891768103247
122.25309922689084	219.12605454453248	0.8250971427699219
122.79775133105717	220.12074020854297	0.8282502000516431
123.33444438365854	221.1275967848719	0.8327553051473169
123.86291398096766	222.1468403890659	0.8382849266940399
124.38289047353629	223.17867640125502	0.8444894363201881
124.89409909705513	224.2232981639185	0.8510107385760298
125.39626013732791	225.28088560756103	0.8574956943502379
125.88908913195978	226.35160380688492	0.8636087182300014
126.37229711135494	227.43560147119416	0.8690437563188368
126.84559088158062	228.53300937404572	0.8735352314838979
127.30867335157278	229.64393872856982	0.8768673364904851
127.76124390703504	230.7684795164077	0.8788794033686491
128.20299883320317	231.90669877984988	0.8794723053502984
128.6336317884152	233.05863888848748	0.8786092829255989
129.05283433013093	234.2243157934907	0.8763161503570743
129.460296494684	235.40371728447298	0.8726777849399036
129.85570743161875	236.59680126575802	0.8678337902058159
130.23875609296496	237.80349407069136	0.8619702353590833
130.60913197722795	239.0236888343902	0.855312220768915
130.96652592722884	240.25724394694157	0.8481121066657444
131.31063098021812	241.50398161048972	0.840639187436221
131.6411432679098	242.7636865248293	0.8331677138053989
131.95776296325596	244.03610472697835	0.825966154103527
132.26019526990768	245.32094261067616	0.8192850099341371
132.54815144940486	246.6178661517692	0.8133481425818369
132.8213498802206	247.92650036495786	0.8083430668495999
133.07951714187095	249.2464290163152	0.8044149621498606
133.32238911641656	250.5771946143248	0.8016613031379095
133.5497120988417	251.91829869987816	0.8001293815426902
133.76124390703504	253.26920245272458	0.7998152735962991
133.9567549814302	254.62932762827677	0.8006663182031877
134.13602946382477	255.99805783448306	0.8025846276798648
134.2988662445046	257.374740153737	0.8054322506074031
134.44507996657927	258.75868710958434	0.8090392258813448
134.57450197640154	260.14917897242117	0.8132118432757106
134.68698120911597	261.5454663925662	0.8177417300634073
134.78238499876502	262.94677334320136	0.8224163832353382
134.8605998029806	264.3523003498448	0.827028256120811
134.92153183310086	265.7612279774355	0.8313844645502468
134.96510758156856	267.17272054092643	0.8353152539332886
134.99127423966527	268.5859300006715	0.8386816402805074
135.0	270.0	0.8413801600277075
134.99127423966527	271.4140699993285	0.8433476198602303
134.96510758156856	272.82727945907357	0.8445625423116558
134.92153183310086	274.2387720225645	0.8450451657638031
134.8605998029806	275.6476996501551	0.8448557923339276
134.78238499876502	277.0532266567986	0.844090038050418
134.68698120911597	278.45453360743375	0.8428736700002911
134.57450197640154	279.85082102757883	0.8413557913638848
134.44507996657927	281.2413128904156	0.8396999613085508
134.2988662445046	282.625259846263	0.8380759344246462
134.13602946382477	284.0019421655169	0.8366507806192259
133.9567549814302	285.37067237172323	0.8355791789533331
133.76124390703504	286.7307975472754	0.8349963961625931
133.5497120988417	288.08170130012184	0.8350094065509053
133.32238911641656	289.42280538567513	0.835692555194338
133.07951714187095	290.75357098368477	0.8370817755463252
132.82134988022057	292.0734996350422	0.8391731438389628
132.54815144940488	293.38213384823075	0.8419220530266095
132.26019526990768	294.6790573893238	0.8452446583845877
131.95776296325596	295.9638952730216	0.8490213882488867
131.6411432679098	297.23631347517073	0.8531027264109681
131.31063098021812	298.49601838951025	0.8573156140548711
130.96652592722884	299.7427560530584	0.8614725363776223
130.60913197722795	300.9763111656098	0.8653799896673425
130.23875609296496	302.1965059293086	0.8688488070082562
129.85570743161873	303.403198734242	0.8717042774716016
129.46029649468403	304.59628271552697	0.8737952327360388
129.05283433013096	305.7756842065093	0.8750039597644587
128.6336317884152	306.9413611115125	0.8752521897128887
128.20299883320317	308.0933012201501	0.8745085324380998
127.76124390703505	309.23152048359225	0.8727924002655097
127.3086733515728	310.3560612714301	0.8701758666160857
126.84559088158062	311.4669906259543	0.8667832529781425
126.37229711135495	312.5643985288058	0.8627892702804423
125.88908913195978	313.6483961931151	0.8584146820960893
125.39626013732794	314.71911439243894	0.8539178375644232
124.89409909705515	315.77670183608143	0.8495876499116114
124.38289047353632	316.821323598745	0.8457330642315404
123.86291398096766	317.85315961093414	0.8426702536116026
123.33444438365856	318.8724032151281	0.840712706455889
122.7977513310572	319.879259791457	0.8401563574699737
122.25309922689087	320.8739454554675	0.8412694684700049
121.70074712984675	321.8566858295375	0.8442794114802935
121.14094868327061	322.82771488860465	0.8493635821129039
120.57395207143298	323.7872738800911	0.856639693404945
120.00000000000001	324.73561031724535	0.8661591673673643
119.41932969844845	325.6729770445577	0.8779027981888444
118.83217294227461	326.59963137344585	0.8917782740665995
118.23875609296496	327.51583428603124	0.9076205902345768
117.63930015381712	328.4218497045308	0.9251953531890591
117.03402083982486	329.31794382356657	0.9442033239988694
116.42312865996352	330.2043845025314	0.9642888853834779
115.8068290103348	331.08144071504455	0.9850495413616118
115.18532227675053	331.9493820524694	1.006046862498565
114.55880394545002	332.808478278447	1.0268197028086103
113.92746472075895	333.6589989314141	1.0468972101433114
113.29149064860304	334.5012129721155	1.0658126626362359
112.65106324489344	335.3353884731886	1.0831179246899685
112.00635962789399	336.16179234798136	1.0983948052516221
111.35755265377455	336.98069011586375	1.111268481229349
110.70481105463546	337.79234570140346	1.1214174101691516
110.04829957836931	338.59702126489356	1.1285820038470893
109.38817912979906	339.39497706184335	1.132570823692285
108.7246069125981	340.18647132917056	1.1332659501535287
108.05773657156229	340.9717601959578	1.1306242217838816
107.38771833485946	341.7510976167656	1.1246766156983712
106.71469915593623	342.5247353256179	1.1155268019752942
106.03882285480876	343.2929228088982	1.1033453612614086
105.36023025850909	344.0559072955135	1.0883637958630288
104.67905934049797	344.8139337627975	1.0708666822102182
103.99544535889142	345.5672449567326	1.051181758179981
103.30952099338151	346.3160814251784	1.0296706299617515
102.62141648076056	347.06068156288813	1.0067178268100867
101.93125974898572	347.8012816671932	0.9827206818537543
101.23917654974393	348.5381160033205	0.9580790063907246
100.54529058949956	349.27141687839094	0.933185796753662
99.84972365902513	350.0014147232256	0.9084185607177161
99.15259576143428	350.7283381811546	0.8841329155634163
98.4540252387499	351.45241420309304	0.8606553600831652
97.75412889705464	352.17386814820765	0.838280796412036
97.05302213028318	352.89292388955346	0.8172679867175684
96.35081904272556	353.60980392411284	0.7978393466856686
95.64763257032062	354.32472948671335	0.7801805324924083
94.94357460082692	355.03792066734434	0.7644416798886269
94.23875609296496	355.7495965314293	0.7507400888832328
93.53328719463082	356.4599752426436	0.7391620823701062
92.82727736028713	357.16927418789817	0.729766929896002
92.12083546764086	357.8777101041321	0.7225911844566539
91.41406993372146	358.5854992065825	0.7176503346095765
90.70708883047607	359.2928573182127	0.7149441738406692
90.0	90.0	1.5167628407229246
89.29291116952395	89.29285731821274	1.514608072601528
88.58593006627854	88.58549920658245	1.5160193899622356
87.87916453235917	87.87771010413212	1.5209777935078297
87.1727226397129	87.16927418789815	1.5293938626329266
86.4667128053692	86.45997524264364	1.5411069293675783
85.76124390703504	85.74959653142929	1.555886317461871
85.05642539917308	85.03792066734437	1.5734332010128276
84.3523674296794	84.32472948671335	1.5933851477746122
83.64918095727445	83.60980392411285	1.615320042926434
82.94697786971682	82.89292388955346	1.638762904037853
82.24587110294536	82.17386814820766	1.6631931090622867
81.54597476125012	81.45241420309306	1.688053689471519
80.84740423856572	80.72833818115458	1.7127608299043093
80.15027634097487	80.0014147232256	1.7367146068996016
79.45470941050044	79.27141687839094	1.7593117927707371
78.76082345025607	78.5381160033205	1.7799563878245634
78.0687402510143	77.80128166719327	1.7980734568061485
77.37858351923944	77.06068156288816	1.8131213132306896
76.69047900661849	76.31608142517841	1.8246034972013274
76.00455464110858	75.56724495673262	1.8320799271705541
75.32094065950206	74.81393376279749	1.8351784647298246
74.63976974149092	74.05590729551355	1.833602968659465
73.96117714519126	73.29292280889818	1.8271415554926789
73.28530084406378	72.52473532561788	1.815672175396253
72.61228166514054	71.7510976167656	1.799166535938461
71.94226342843773	70.97176019595781	1.7776909281454647
71.27539308740191	70.18647132917059	1.7514062265013128
70.61182087020094	69.39497706184336	1.7205635521518383
69.95170042163069	68.59702126489356	1.6854997295944532
69.29518894536457	67.79234570140352	1.6466288196000405
68.64244734622547	66.98069011586378	1.604432206536147
67.99364037210603	66.16179234798135	1.5594472400914698
67.34893675510656	65.33538847318859	1.5122542248875475
66.70850935139694	64.50121297211548	1.463461757977643
66.07253527924108	63.65899893141411	1.4136918598315331
65.44119605454999	62.808478278447	1.3635648988061921
64.81467772324949	61.94938205246937	1.3136845156164798
64.19317098966519	61.081440715044565	1.2646233738622266
63.57687134003648	60.20438450253143	1.216909117069421
62.965979160175145	59.31794382356658	1.1710134234429006
62.36069984618289	58.4218497045308	1.12734147364724
61.761243907035045	57.515834286031215	1.086223483728646
61.16782705772538	56.59963137344585	1.0479099552906497
60.58067030155157	55.67297704455769	1.012568371268507
59.99999999999999	54.735610317245346	0.980282163358695
59.42604792856702	53.787273880091085	0.9510529836740154
58.8590513167294	52.827714888604646	0.9248056610819981
58.29925287015328	51.85668582953758	0.9013935705715076
57.74690077310915	50.87394545546753	0.8806091654718518
57.20224866894282	49.87925979145702	0.8621926510449894
56.66555561634145	48.87240321512806	0.8458443753315434
56.13708601903233	47.85315961093413	0.8312374265109106
55.61710952646371	46.821323598745	0.8180304367754749
55.10590090294487	45.776701836081465	0.805880179690718
54.60373986267208	44.71911439243896	0.7944543740694325
54.11091086804023	43.6483961931151	0.7834424227049303
53.62770288864506	42.564398528805846	0.7725665641324543
53.154409118419395	41.46699062595427	0.7615895136508845
52.691326648427214	40.356061271430136	0.750321484802145
52.23875609296496	39.23152048359226	0.7386251457096088
51.79700116679687	38.09330122015014	0.7264168581626983
51.36636821158484	36.941361111512535	0.7136683297296873
50.94716566986906	35.77568420650932	0.7004031030179975
50.539703505316	34.59628271552699	0.6866936644767961
50.14429256838126	33.40319873424199	0.6726556620021905
49.76124390703504	32.19650592930866	0.6584398508873202
49.390868022772075	30.976311165609783	0.6442242462865498
49.03347407277117	29.742756053058372	0.6302048300809614
48.68936901978189	28.496018389510258	0.6165860512297441
48.35885673209022	27.236313475170732	0.6035705000651858
48.04223703674405	25.963895273021652	0.5913510607568648
47.73980473009234	24.679057389323834	0.5801007921207418
47.45184855059514	23.382133848230776	0.5699665256820529
47.178650119779434	22.07349963504216	0.5610630832805041
46.920482858129056	20.753570983684796	0.5534683207318679
46.677610883583455	19.422805385675183	0.5472206496587797
46.450287901158305	18.08170130012181	0.5423186244625381
46.23875609296496	16.730797547275397	0.5387213553513053
46.043245018569806	15.370672371723243	0.5363513995375098
45.86397053617525	14.001942165516926	0.5350995110621499
45.701133755495384	12.625259846263035	0.5348300101614001
45.554920033420714	11.241312890415616	0.5353869786896162
45.42549802359849	9.850821027578828	0.5366025206833422
45.31301879088406	8.454533607433808	0.5383044033830191
45.21761500123496	7.053226656798624	0.5403243177969904
45.1394001970194	5.647699650155149	0.5425046936668104
45.07846816689916	4.238772022564465	0.5447069600312509
45.03489241843145	2.8272794590735852	0.5468167080788053
45.00872576033472	1.414069999328503	0.5487490605142956
45.0	4.961562726608714e-15	0.5504525953267739
45.00872576033472	358.5859300006715	0.5519099653318241
45.03489241843145	357.17272054092643	0.5531401698266638
45.07846816689916	355.76122797743557	0.5541950438504412
45.1394001970194	354.3523003498448	0.5551586386419338
45.21761500123496	352.94677334320136	0.556141026216544
45.31301879088406	351.5454663925662	0.5572735495419933
45.42549802359848	350.14917897242117	0.5587028336294174
45.554920033420714	348.7586871095844	0.5605825249693589
45.701133755495384	347.374740153737	0.5630660635382598
45.86397053617525	345.99805783448306	0.5663000743472559
46.043245018569806	344.62932762827677	0.5704152808217686
46.238756092964955	343.26920245272464	0.5755215484630993
46.450287901158305	341.91829869987816	0.5817012763972247
46.677610883583455	340.5771946143248	0.5890056801209919
46.920482858129056	339.2464290163152	0.5974508677342161
47.178650119779434	337.92650036495786	0.6070172203973789
47.45184855059512	336.61786615176925	0.6176498053598296
47.73980473009234	335.3209426106762	0.6292589955020851
48.04223703674405	334.03610472697835	0.641725632188335
48.3588567320902	332.76368652482927	0.6549051555484453
48.68936901978189	331.50398161048975	0.6686337999009644
49.03347407277117	330.2572439469416	0.6827362347748298
49.39086802277208	329.0236888343902	0.6970338254733759
49.76124390703504	327.80349407069133	0.7113526871242418
50.14429256838125	326.596801265758	0.7255327712997792
50.539703505316005	325.40371728447303	0.7394357135528598
50.94716566986905	324.2243157934907	0.7529522679244823
51.36636821158484	323.05863888848745	0.7660093284231791
51.79700116679685	321.9066987798499	0.7785755049057212
52.23875609296496	320.76847951640775	0.7906642207886211
52.691326648427214	319.6439387285699	0.8023363977314348
53.154409118419395	318.5330093740457	0.813700249122663
53.62770288864506	317.43560147119416	0.8249102475092487
54.11091086804023	316.3516038068849	0.836162994314574
54.60373986267208	315.28088560756106	0.8476926765282558
55.10590090294487	314.2232981639185	0.8597632191703387
55.617109526463715	313.17867640125496	0.8726606442695877
56.13708601903233	312.14684038906586	0.8866837777289797
56.66555561634144	311.12759678487197	0.902133304078393
57.20224866894282	310.120740208543	0.9193014407695987
57.74690077310915	309.1260545445325	0.9384611994430495
58.29925287015328	308.1433141704624	0.9598554406805705
58.8590513167294	307.17228511139535	0.9836873743567499
59.42604792856702	306.2127261199089	1.010111679532631
59.99999999999999	305.26438968275465	1.0392262438917046
60.58067030155157	304.3270229554423	1.0710667943733037
61.16782705772538	303.40036862655415	1.1056021473482995
61.76124390703503	302.4841657139688	1.1427321434780988
62.36069984618289	301.5781502954692	1.1822866151441447
62.96597916017513	300.68205617643343	1.224027658103016
63.57687134003648	299.7956154974686	1.2676533487402337
64.19317098966519	298.91855928495545	1.3128016678381622
64.81467772324949	298.0506179475306	1.3590595871964182
65.44119605454999	297.191521721553	1.4059700911112791
66.0725352792411	296.3410010685859	1.4530431216229904
66.70850935139694	295.49878702788453	1.4997646651361762
67.34893675510656	294.6646115268114	1.5456101758363505
67.99364037210603	293.83820765201864	1.5900536623103259
68.64244734622547	293.0193098841362	1.6325811109627257
69.29518894536457	292.2076542985965	1.6727008117209952
69.95170042163069	291.40297873510644	1.7099536837404086
70.61182087020094	290.60502293815665	1.74392318808088
71.2753930874019	289.81352867082944	1.774243794785071
71.94226342843773	289.0282398040422	1.8006082108718968
72.61228166514054	288.2489023832344	1.8227729562172315
73.28530084406377	287.4752646743821	1.8405633198923137
73.96117714519126	286.7070771911018	1.8538748057624461
74.63976974149092	285.9440927044865	1.8626764367126007
75.32094065950206	285.1860662372025	1.8670080699641136
76.00455464110858	284.4327550432674	1.8669812231310887
76.6904790066185	283.6839185748216	1.8627745309101915
77.37858351923944	282.93931843711187	1.854630027826846
78.0687402510143	282.1987183328067	1.8428483984109307
78.76082345025605	281.4618839966795	1.8277827817737728
79.45470941050044	280.72858312160906	1.8098323696710426
80.15027634097487	279.9985852767744	1.7894343524528444
80.84740423856572	279.2716618188454	1.7670577236407132
81.54597476125012	278.54758579690696	1.7431941933072046
82.24587110294536	277.82613185179235	1.7183501340259875
82.94697786971682	277.10707611044654	1.6930397659065384
83.64918095727445	276.39019607588716	1.667775243917332
84.3523674296794	275.67527051328665	1.6430604624628344
85.05642539917308	274.96207933265566	1.6193823817912976
85.76124390703502	274.2504034685707	1.5972033869730495
86.4667128053692	273.5400247573564	1.5769552989915905
87.17272263971289	272.83072581210183	1.5590309076654842
87.87916453235917	272.1222898958679	1.543779221824054
88.58593006627854	271.4145007934176	1.5314988608561768
89.29291116952395	270.7071426817872	1.5224324788295773
90.0	270.0	1.5167628407229246
90.70708883047607	269.2928573182127	1.514608072601528
91.41406993372146	268.5854992065824	1.5160193899622356
92.12083546764083	267.8777101041321	1.5209777935078297
92.82727736028711	267.16927418789817	1.5293938626329266
93.5332871946308	266.4599752426436	1.5411069293675783
94.23875609296496	265.7495965314293	1.555886317461871
94.94357460082692	265.03792066734434	1.5734332010128276
95.64763257032061	264.32472948671335	1.5933851477746122
96.35081904272555	263.60980392411284	1.615320042926434
97.05302213028318	262.89292388955346	1.638762904037853
97.75412889705464	262.17386814820765	1.6631931090622867
98.45402523874989	261.45241420309304	1.688053689471519
99.15259576143428	260.7283381811546	1.7127608299043093
99.84972365902512	260.0014147232256	1.7367146068996016
100.54529058949956	259.27141687839094	1.7593117927707371
101.23917654974393	258.5381160033205	1.7799563878245634
101.93125974898571	257.8012816671933	1.7980734568061485
102.62141648076054	257.06068156288813	1.8131213132306896
103.30952099338153	256.31608142517837	1.8246034972013274
103.99544535889142	255.56724495673262	1.8320799271705541
104.67905934049796	254.8139337627975	1.8351784647298246
105.36023025850908	254.05590729551355	1.833602968659465
106.03882285480874	253.2929228088982	1.8271415554926789
106.71469915593623	252.52473532561788	1.815672175396253
107.38771833485946	251.7510976167656	1.799166535938461
108.05773657156229	250.9717601959578	1.7776909281454647
108.7246069125981	250.18647132917056	1.7514062265013128
109.38817912979906	249.39497706184335	1.7205635521518383
110.04829957836931	248.59702126489356	1.6854997295944532
110.70481105463544	247.79234570140352	1.6466288196000405
111.35755265377453	246.98069011586378	1.604432206536147
112.00635962789397	246.16179234798136	1.5594472400914698
112.65106324489344	245.33538847318857	1.5122542248875475
113.29149064860306	244.50121297211547	1.463461757977643
113.92746472075892	243.6589989314141	1.4136918598315331
114.55880394545001	242.808478278447	1.3635648988061921
115.18532227675053	241.9493820524694	1.3136845156164798
115.8068290103348	241.08144071504458	1.2646233738622266
116.42312865996352	240.2043845025314	1.216909117069421
117.03402083982486	239.31794382356657	1.1710134234429006
117.63930015381712	238.4218497045308	1.12734147364724
118.23875609296496	237.5158342860312	1.086223483728646
118.83217294227461	236.59963137344585	1.0479099552906497
119.41932969844842	235.67297704455768	1.012568371268507
120.00000000000001	234.73561031724535	0.980282163358695
120.573952071433	233.78727388009108	0.9510529836740154
121.14094868327061	232.82771488860465	0.9248056610819981
121.70074712984672	231.85668582953755	0.9013935705715076
122.25309922689084	230.87394545546752	0.8806091654718518
122.79775133105717	229.879259791457	0.8621926510449894
123.33444438365854	228.8724032151281	0.8458443753315434
123.86291398096766	227.8531596109341	0.8312374265109106
124.38289047353629	226.82132359874498	0.8180304367754749
124.89409909705513	225.7767018360815	0.805880179690718
125.39626013732791	224.71911439243897	0.7944543740694325
125.88908913195978	223.64839619311508	0.7834424227049303
126.37229711135494	222.56439852880584	0.7725665641324543
126.84559088158062	221.46699062595428	0.7615895136508845
127.30867335157278	220.35606127143015	0.750321484802145
127.76124390703504	219.23152048359228	0.7386251457096088
128.20299883320317	218.0933012201501	0.7264168581626983
128.6336317884152	216.94136111151252	0.7136683297296873
129.05283433013093	215.7756842065093	0.7004031030179975
129.460296494684	214.59628271552702	0.6866936644767961
129.85570743161875	213.40319873424195	0.6726556620021905
130.23875609296496	212.19650592930864	0.6584398508873202
130.60913197722795	210.9763111656098	0.6442242462865498
130.96652592722884	209.74275605305837	0.6302048300809614
131.31063098021812	208.49601838951028	0.6165860512297441
131.6411432679098	207.2363134751707	0.6035705000651858
131.95776296325596	205.96389527302162	0.5913510607568648
132.26019526990768	204.67905738932384	0.5801007921207418
132.54815144940486	203.38213384823078	0.5699665256820529
132.8213498802206	202.07349963504214	0.5610630832805041
133.07951714187095	200.75357098368477	0.5534683207318679
133.32238911641656	199.4228053856752	0.5472206496587797
133.5497120988417	198.08170130012184	0.5423186244625381
133.76124390703504	196.73079754727542	0.5387213553513053
133.9567549814302	195.3706723717232	0.5363513995375098
134.13602946382477	194.0019421655169	0.5350995110621499
134.2988662445046	192.62525984626305	0.5348300101614001
134.44507996657927	191.24131289041563	0.5353869786896162
134.57450197640154	189.8508210275788	0.5366025206833422
134.68698120911597	188.4545336074338	0.5383044033830191
134.78238499876502	187.0532266567986	0.5403243177969904
134.8605998029806	185.64769965015518	0.5425046936668104
134.92153183310086	184.2387720225645	0.5447069600312509
134.96510758156856	182.82727945907357	0.5468167080788053
134.99127423966527	181.4140699993285	0.5487490605142956
135.0	180.0	0.5504525953267739
134.99127423966527	178.58593000067157	0.5519099653318241
134.96510758156856	177.1727205409264	0.5531401698266638
134.92153183310086	175.76122797743554	0.5541950438504412
134.8605998029806	174.35230034984485	0.5551586386419338
134.78238499876502	172.94677334320141	0.556141026216544
134.68698120911597	171.54546639256625	0.5572735495419933
134.57450197640154	170.14917897242117	0.5587028336294174
134.44507996657927	168.7586871095844	0.5605825249693589
134.2988662445046	167.37474015373698	0.5630660635382598
134.13602946382477	165.9980578344831	0.5663000743472559
133.9567549814302	164.62932762827674	0.5704152808217686
133.76124390703504	163.2692024527246	0.5755215484630993
133.5497120988417	161.9182986998782	0.5817012763972247
133.32238911641656	160.57719461432484	0.5890056801209919
133.07951714187095	159.24642901631526	0.5974508677342161
132.82134988022057	157.92650036495783	0.6070172203973789
132.54815144940488	156.61786615176925	0.6176498053598296
132.26019526990768	155.32094261067618	0.6292589955020851
131.95776296325596	154.03610472697838	0.641725632188335
131.6411432679098	152.76368652482927	0.6549051555484453
131.31063098021812	151.50398161048975	0.6686337999009644
130.96652592722884	150.25724394694163	0.6827362347748298
130.60913197722795	149.02368883439024	0.6970338254733759
130.23875609296496	147.80349407069139	0.7113526871242418
129.85570743161873	146.596801265758	0.7255327712997792
129.46029649468403	145.403717284473	0.7394357135528598
129.05283433013096	144.22431579349072	0.7529522679244823
128.6336317884152	143.0586388884875	0.7660093284231791
128.20299883320317	141.90669877984988	0.7785755049057212
127.76124390703505	140.76847951640775	0.7906642207886211
127.3086733515728	139.64393872856988	0.8023363977314348
126.84559088158062	138.53300937404575	0.813700249122663
126.37229711135495	137.4356014711942	0.8249102475092487
125.88908913195978	136.35160380688492	0.836162994314574
125.39626013732794	135.28088560756106	0.8476926765282558
124.89409909705515	134.22329816391854	0.8597632191703387
124.38289047353632	133.17867640125502	0.8726606442695877
123.86291398096766	132.14684038906586	0.8866837777289797
123.33444438365856	131.12759678487194	0.902133304078393
122.7977513310572	130.120740208543	0.9193014407695987
122.25309922689087	129.12605454453248	0.9384611994430495
121.70074712984675	128.14331417046245	0.9598554406805705
121.14094868327061	127.17228511139534	0.9836873743567499
120.57395207143298	126.21272611990892	1.010111679532631
120.00000000000001	125.26438968275468	1.0392262438917046
119.41932969844845	124.32702295544235	1.0710667943733037
118.83217294227461	123.40036862655414	1.1056021473482995
118.23875609296496	122.48416571396879	1.1427321434780988
117.63930015381712	121.57815029546921	1.1822866151441447
117.03402083982486	120.68205617643345	1.224027658103016
116.42312865996352	119.79561549746859	1.2676533487402337
115.8068290103348	118.91855928495542	1.3128016678381622
115.18532227675053	118.05061794753063	1.3590595871964182
114.55880394545002	117.19152172155302	1.4059700911112791
113.92746472075895	116.34100106858591	1.4530431216229904
113.29149064860304	115.49878702788452	1.4997646651361762
112.65106324489344	114.66461152681141	1.5456101758363505
112.00635962789399	113.83820765201867	1.5900536623103259
111.35755265377455	113.01930988413625	1.6325811109627257
110.70481105463546	112.20765429859652	1.6727008117209952
110.04829957836931	111.40297873510644	1.7099536837404086
109.38817912979906	110.60502293815665	1.74392318808088
108.7246069125981	109.81352867082943	1.774243794785071
108.05773657156229	109.02823980404222	1.8006082108718968
107.38771833485946	108.2489023832344	1.8227729562172315
106.71469915593623	107.47526467438213	1.8405633198923137
106.03882285480876	106.70707719110183	1.8538748057624461
105.36023025850909	105.94409270448648	1.8626764367126007
104.67905934049797	105.18606623720254	1.8670080699641136
103.99544535889142	104.43275504326738	1.8669812231310887
103.30952099338151	103.68391857482159	1.8627745309101915
102.62141648076056	102.93931843711185	1.854630027826846
101.93125974898572	102.19871833280676	1.8428483984109307
101.23917654974393	101.4618839966795	1.8277827817737728
100.54529058949956	100.72858312160906	1.8098323696710426
99.84972365902513	99.99858527677442	1.7894343524528444
99.15259576143428	99.27166181884544	1.7670577236407132
98.4540252387499	98.54758579690696	1.7431941933072046
97.75412889705464	97.82613185179234	1.7183501340259875
97.05302213028318	97.10707611044654	1.6930397659065384
96.35081904272556	96.39019607588716	1.667775243917332
95.64763257032062	95.67527051328666	1.6430604624628344
94.94357460082692	94.96207933265563	1.6193823817912976
94.23875609296496	94.25040346857071	1.5972033869730495
93.53328719463082	93.54002475735638	1.5769552989915905
92.82727736028713	92.83072581210186	1.5590309076654842
92.12083546764086	92.12228989586791	1.543779221824054
91.41406993372146	91.41450079341756	1.5314988608561768
90.70708883047607	90.70714268178726	1.5224324788295773
90.0	0.0	0.7089732316618375
90.0	1.0	0.7131923147287462
90.0	2.0	0.7184208387173903
90.0	3.0000000000000004	0.7245790891850956
90.0	4.0	0.7316032532749033
90.0	5.0	0.7394441806309676
90.0	6.000000000000001	0.748065524771655
90.0	7.0	0.7574408518921408
90.0	8.0	0.7675486845260053
90.0	9.0	0.7783687842914297
90.0	10.0	0.7898759564681908
90.0	11.0	0.8020353001733559
90.0	12.0	0.8147976650510799
90.0	13.0	0.8280955209905997
90.0	14.0	0.8418396539006332
90.0	14.999999999999998	0.8559179266247762
90.0	16.0	0.8701944528851029
90.0	17.000000000000004	0.8845108363667664
90.0	18.0	0.8986898879718028
90.0	19.0	0.912539549587034
90.0	20.0	0.9258590895070741
90.0	21.0	0.9384457108855351
90.0	22.0	0.9501042578977363
90.0	23.0	0.960654650248311
90.0	24.000000000000004	0.9699420023621153
90.0	25.0	0.977844883948237
90.0	26.0	0.9842846131345032
90.0	26.999999999999996	0.9892316584045864
90.0	28.0	0.9927126600774114
90.0	29.000000000000004	0.9948133215045576
90.0	29.999999999999996	0.9956817132958622
90.0	31.0	0.9955278602912196
90.0	32.0	0.9946206438490791
90.0	33.0	0.9932838780785406
90.0	34.00000000000001	0.9918874297330469
90.0	35.0	0.9908395771886761
90.0	36.0	0.9905744130840305
90.0	37.0	0.9915386274178237
90.0	38.0	0.9941789101887698
90.0	39.0	0.9989252237534672
90.0	40.0	1.0061777924380864
90.0	41.0	1.0162909944385559
90.0	42.0	1.0295617970309507
90.0	43.0	1.04621550709858
90.0	44.0	1.0663981301102783
90.0	45.0	1.0901668704717993
90.0	46.00000000000001	1.1174864142720096
90.0	47.0	1.1482260380854887
90.0	48.00000000000001	1.1821612610853285
90.0	49.00000000000001	1.2189781818392382
90.0	50.0	1.2582794672184494
90.0	51.0	1.299595297645027
90.0	52.0	1.3423953449096793
90.0	53.0	1.3861024021023725
90.0	54.0	1.4301089047403428
90.0	55.0	1.4737938649243154
90.0	56.0	1.5165395989806176
90.0	57.00000000000001	1.5577488681314964
90.0	58.00000000000001	1.5968616061372332
90.0	59.00000000000001	1.6333695817972562
90.0	59.99999999999999	1.6668302353948565
90.0	61.0	1.6968765913739932
90.0	62.0	1.7232273775302063
90.0	63.0	1.745690948778518
90.0	64.0	1.7641692109213374
90.0	65.0	1.7786567945920595
90.0	66.0	1.789238370571763
90.0	67.0	1.7960822478521037
90.0	68.0	1.7994327326136077
90.0	69.0	1.799599182978362
90.0	70.0	1.7969444442204023
90.0	71.0	1.7918724579197034
90.0	72.0	1.7848133929469634
90.0	73.0	1.776210635075293
90.0	74.0	1.7665075700778037
90.0	75.0	1.7561349863674938
90.0	76.0	1.7454993036935404
90.0	77.0	1.7349738995490889
90.0	78.0	1.7248910551213477
90.0	79.0	1.7155359663826806
90.0	80.0	1.7071442659214058
90.0	81.0	1.6998991317443934
90.0	82.0	1.6939337654462667
90.0	83.0	1.6893324247799038
90.0	84.0	1.6861347604525412
90.0	85.0	1.6843422180628806
90.0	86.0	1.6839229944394922
90.0	87.0	1.6848188526061223
90.0	88.0	1.686952556289299
90.0	89.0	1.6902344783695396
90.0	90.0	1.6945679702479544
90.0	91.0	1.699854318184652
90.0	92.0	1.7059979061512438
90.0	93.0	1.712907454915445
90.0	94.0	1.7204980871820776
90.0	95.0	1.7286913275930684
90.0	96.00000000000001	1.7374132441005488
90.0	97.0	1.7465919697976526
90.0	98.0	1.756154811721112
90.0	99.0	1.7660235010269554
90.0	100.0	1.7761102692226003
90.0	101.0	1.7863124788002522
90.0	102.0	1.7965101450677
90.0	103.0	1.8065603602676112
90.0	104.0	1.8162966740352315
90.0	105.00000000000001	1.8255274412855835
90.0	106.0	1.8340354091852658
90.0	107.0	1.8415801953216557
90.0	108.0	1.8479015919285122
90.0	109.0	1.852725141766681
90.0	110.0	1.8557677140048
90.0	111.0	1.8567461778115064
90.0	112.0	1.855386695489947
90.0	113.0	1.8514331895558842
90.0	114.00000000000001	1.8446582879850075
90.0	115.0	1.8348724108333412
90.0	116.00000000000001	1.8219336829140538
90.0	117.0	1.805755987847366
90.0	118.00000000000001	1.7863157830258554
90.0	119.0	1.7636574689810631
90.0	119.99999999999999	1.7378964870949967
90.0	121.0	1.709219939142429
90.0	122.0	1.6778857612344988
90.0	123.00000000000001	1.644217973994407
90.0	124.0	1.6086000741062083
90.0	125.00000000000001	1.5714673932931063
90.0	126.0	1.533295120499641
90.0	127.00000000000001	1.4945867371020791
90.0	128.0	1.4558593544072995
90.0	129.0	1.4176302902362818
90.0	130.0	1.3804011673383905
90.0	131.0	1.3446434574043622
90.0	132.0	1.3107846446215934
90.0	133.0	1.2791956283140273
90.0	134.0	1.2501797776948453
90.0	135.0	1.2239634322178568
90.0	136.0	1.2006903256967951
90.0	137.0	1.1804180755656135
90.0	138.0	1.1631165307656843
90.0	139.0	1.1486704564291004
90.0	140.0	1.136885109759382
90.0	141.0	1.1274924354544797
90.0	142.0	1.1201628370104895
90.0	143.0	1.114515295912557
90.0	144.0	1.1101326536782967
90.0	145.0	1.106575241788401
90.0	146.0	1.103396576758256
90.0	147.0	1.1001580226390555
90.0	148.0	1.0964436600330145
90.0	149.0	1.0918739160239808
90.0	150.0	1.0861173354811473
90.0	151.0	1.0789002872217612
90.0	152.0	1.0700152245751293
90.0	153.0	1.059325641721026
90.0	154.0	1.046768138830692
90.0	155.0	1.032353248123237
90.0	156.0	1.0161619231259365
90.0	157.0	0.9983407888499257
90.0	158.0	0.9790942942543945
90.0	159.0	0.9586768647107785
90.0	160.0	0.9373809241849487
90.0	161.0	0.9155269825604018
90.0	162.0	0.8934504187358486
90.0	163.0	0.871490948406104
90.0	164.0	0.8499802332160752
90.0	165.0	0.8292317615698525
90.0	166.0	0.8095319685244013
90.0	167.0	0.791132594767855
90.0	168.0	0.7742442846824086
90.0	169.0	0.7590336951469165
90.0	170.0	0.7456214303958906
90.0	171.0	0.7340818355053996
90.0	172.0	0.7244454745622718
90.0	173.0	0.7167028479178986
90.0	174.0	0.710808935498438
90.0	175.0	0.7066900117701221
90.0	176.0	0.7042502541904617
90.0	177.0	0.7033781451453538
90.0	178.0	0.7039543194848876
90.0	179.0	0.7058581729745514
90.0	180.0	0.7089732316618375
90.0	181.0	0.7131923147287462
90.0	181.99999999999997	0.7184208387173903
90.0	182.99999999999997	0.7245790891850956
90.0	183.99999999999997	0.7316032532749033
90.0	184.99999999999997	0.7394441806309676
90.0	185.99999999999997	0.748065524771655
90.0	186.99999999999997	0.7574408518921408
90.0	188.0	0.7675486845260053
90.0	188.99999999999997	0.7783687842914297
90.0	190.0	0.7898759564681908
90.0	190.99999999999997	0.8020353001733559
90.0	192.0	0.8147976650510799
90.0	192.99999999999997	0.8280955209905997
90.0	193.99999999999997	0.8418396539006332
90.0	194.99999999999997	0.8559179266247762
90.0	195.99999999999997	0.8701944528851029
90.0	197.0	0.8845108363667664
90.0	197.99999999999997	0.8986898879718028
90.0	199.0	0.912539549587034
90.0	199.99999999999997	0.9258590895070741
90.0	201.0	0.9384457108855351
90.0	201.99999999999997	0.9501042578977363
90.0	203.0	0.960654650248311
90.0	203.99999999999997	0.9699420023621153
90.0	204.99999999999997	0.977844883948237
90.0	206.0	0.9842846131345032
90.0	206.99999999999997	0.9892316584045864
90.0	208.0	0.9927126600774114
90.0	208.99999999999997	0.9948133215045576
90.0	210.0	0.9956817132958622
90.0	210.99999999999997	0.9955278602912196
90.0	212.0	0.9946206438490791
90.0	212.99999999999997	0.9932838780785406
90.0	214.0	0.9918874297330469
90.0	215.0	0.9908395771886761
90.0	216.0	0.9905744130840305
90.0	217.0	0.9915386274178237
90.0	217.99999999999997	0.9941789101887698
90.0	219.00000000000003	0.9989252237534672
90.0	219.99999999999997	1.0061777924380864
90.0	220.99999999999997	1.0162909944385559
90.0	221.99999999999997	1.0295617970309507
90.0	223.0	1.04621550709858
90.0	224.0	1.0663981301102783
90.0	224.99999999999997	1.0901668704717993
90.0	226.0	1.1174864142720096
90.0	227.0	1.1482260380854887
90.0	228.0	1.1821612610853285
90.0	229.0	1.2189781818392382
90.0	230.0	1.2582794672184494
90.0	230.99999999999997	1.299595297645027
90.0	232.00000000000003	1.3423953449096793
90.0	233.0	1.3861024021023725
90.0	233.99999999999997	1.4301089047403428
90.0	234.99999999999994	1.4737938649243154
90.0	236.0	1.5165395989806176
90.0	237.0	1.5577488681314964
90.0	238.0	1.5968616061372332
90.0	239.0	1.6333695817972562
90.0	239.99999999999994	1.6668302353948565
90.0	241.0	1.6968765913739932
90.0	242.0	1.7232273775302063
90.0	242.99999999999997	1.745690948778518
90.0	243.99999999999994	1.7641692109213374
90.0	245.0	1.7786567945920595
90.0	246.0	1.789238370571763
90.0	247.0	1.7960822478521037
90.0	248.0	1.7994327326136077
90.0	248.99999999999997	1.799599182978362
90.0	250.0	1.7969444442204023
90.0	251.0	1.7918724579197034
90.0	252.0	1.7848133929469634
90.0	252.99999999999997	1.776210635075293
90.0	254.0	1.7665075700778037
90.0	255.0	1.7561349863674938
90.0	256.0	1.7454993036935404
90.0	257.0	1.7349738995490889
90.0	258.0	1.7248910551213477
90.0	259.0	1.7155359663826806
90.0	260.0	1.7071442659214058
90.0	261.0	1.6998991317443934
90.0	262.0	1.6939337654462667
90.0	263.0	1.6893324247799038
90.0	264.0	1.6861347604525412
90.0	265.0	1.6843422180628806
90.0	266.0	1.6839229944394922
90.0	267.0	1.6848188526061223
90.0	268.0	1.686952556289299
90.0	269.0	1.6902344783695396
90.0	270.0	1.6945679702479544
90.0	271.0	1.699854318184652
90.0	272.0	1.7059979061512438
90.0	273.0	1.712907454915445
90.0	274.0	1.7204980871820776
90.0	275.0	1.7286913275930684
90.0	276.0	1.7374132441005488
90.0	277.0	1.7465919697976526
90.0	278.0	1.756154811721112
90.0	279.0	1.7660235010269554
90.0	280.0	1.7761102692226003
90.0	281.0	1.7863124788002522
90.0	282.0	1.7965101450677
90.0	283.0	1.8065603602676112
90.0	284.0	1.8162966740352315
90.0	285.0	1.8255274412855835
90.0	286.0	1.8340354091852658
90.0	287.0	1.8415801953216557
90.0	288.0	1.8479015919285122
90.0	289.0	1.852725141766681
90.0	290.0	1.8557677140048
90.0	291.0	1.8567461778115064
90.0	292.0	1.855386695489947
90.0	293.0	1.8514331895558842
90.0	294.0	1.8446582879850075
90.0	295.0	1.8348724108333412
90.0	296.0	1.8219336829140538
90.0	297.0	1.805755987847366
90.0	298.0	1.7863157830258554
90.0	299.0	1.7636574689810631
90.0	300.0	1.7378964870949967
90.0	301.0	1.709219939142429
90.0	302.0	1.6778857612344988
90.0	303.0	1.644217973994407
90.0	304.0	1.6086000741062083
90.0	305.0	1.5714673932931063
90.0	306.0	1.533295120499641
90.0	307.0	1.4945867371020791
90.0	308.0	1.4558593544072995
90.0	309.0	1.4176302902362818
90.0	310.0	1.3804011673383905
90.0	311.0	1.3446434574043622
90.0	311.99999999999994	1.3107846446215934
90.0	313.0	1.2791956283140273
90.0	314.0	1.2501797776948453
90.0	315.0	1.2239634322178568
90.0	316.0	1.2006903256967951
90.0	317.0	1.1804180755656135
90.0	318.0	1.1631165307656843
90.0	319.0	1.1486704564291004
90.0	320.0	1.136885109759382
90.0	321.0	1.1274924354544797
90.0	322.0	1.1201628370104895
90.0	323.0	1.114515295912557
90.0	324.0	1.1101326536782967
90.0	325.0	1.106575241788401
90.0	326.0	1.103396576758256
90.0	327.0	1.1001580226390555
90.0	328.0	1.0964436600330145
90.0	329.0	1.0918739160239808
90.0	330.0	1.0861173354811473
90.0	331.0	1.0789002872217612
90.0	332.0	1.0700152245751293
90.0	333.0	1.059325641721026
90.0	334.0	1.046768138830692
90.0	335.0	1.032353248123237
90.0	336.0	1.0161619231259365
90.0	337.0	0.9983407888499257
90.0	338.0	0.9790942942543945
90.0	338.99999999999994	0.9586768647107785
90.0	340.0	0.9373809241849487
90.0	341.0	0.9155269825604018
90.0	342.0	0.8934504187358486
90.0	343.0	0.871490948406104
90.0	344.0	0.8499802332160752
90.0	345.0	0.8292317615698525
90.0	346.0	0.8095319685244013
90.0	347.0	0.791132594767855
90.0	347.99999999999994	0.7742442846824086
90.0	349.0	0.7590336951469165
90.0	350.0	0.7456214303958906
90.0	351.0	0.7340818355053996
90.0	352.0	0.7244454745622718
90.0	353.0	0.7167028479178986
90.0	354.0	0.710808935498438
90.0	355.0	0.7066900117701221
90.0	356.0	0.7042502541904617
90.0	356.99999999999994	0.7033781451453538
90.0	358.0	0.7039543194848876
90.0	359.0	0.7058581729745514
90.0	0.0	0.68773408251356
89.0	0.0	0.6883705589703497
88.0	0.0	0.6932907574074081
87.00000000000001	0.0	0.702390801232339
86.0	0.0	0.7154798714165655
85.0	0.0	0.7322830976927331
84.0	0.0	0.752446721407214
83.0	0.0	0.7755444974572132
82.0	0.0	0.8010867809111771
81.0	0.0	0.8285292006010015
80.0	0.0	0.8572846369398424
79.0	0.0	0.886733754141226
78.00000000000001	0.0	0.9162390431778614
77.0	0.0	0.9451567995994528
76.0	0.0	0.9728513730056106
75.0	0.0	0.9987079709200659
74.0	0.0	1.0221460822071804
73.0	0.0	1.042631041861559
72.0	0.0	1.0596864218540603
71.0	0.0	1.0729035307804053
70.0	0.0	1.0819502939674868
69.00000000000001	0.0	1.086577861924574
68.0	0.0	1.086626392738119
67.0	0.0	1.082028149783259
66.0	0.0	1.0728077082379166
65.0	0.0	1.0590813355404995
64.0	0.0	1.0410538936783977
63.0	0.0	1.0190126437649774
62.0	0.0	0.9933204310742746
61.0	0.0	0.9644070114487873
60.00000000000001	0.0	0.932757279995765
59.00000000000001	0.0	0.8988999128116973
58.00000000000001	0.0	0.8633943565940029
57.00000000000001	0.0	0.826817818252716
55.99999999999999	0.0	0.7897503958952744
55.00000000000001	0.0	0.7527624814664066
54.0	0.0	0.7164007177893186
53.00000000000001	0.0	0.6811762272619845
52.0	0.0	0.6475534600957342
51.00000000000001	0.0	0.6159402816384458
50.00000000000001	0.0	0.5866795052964369
49.00000000000001	0.0	0.5600441427101601
48.0	0.0	0.5362324474157995
47.0	0.0	0.5153662627324678
46.00000000000001	0.0	0.49749205433270793
45.0	0.0	0.482582768869395
44.0	0.0	0.47054237728594006
43.0	0.0	0.4612128962956967
42.0	0.0	0.45438182288956785
41.0	0.0	0.44979163398461525
40.00000000000001	0.0	0.44714990561496776
39.0	0.0	0.44614025817913244
37.99999999999999	0.0	0.44643392122960446
37.0	0.0	0.4477004722060779
36.0	0.0	0.4496187816827551
35.0	0.0	0.45188671953105625
34.0	0.0	0.4542298285118271
33.0	0.0	0.456408965297046
31.99999999999999	0.0	0.4582264958928299
31.0	0.0	0.4595298063791373
30.000000000000004	0.0	0.4602135745648708
29.00000000000001	0.0	0.4602210090724777
28.000000000000007	0.0	0.459542403739249
27.00000000000001	0.0	0.4582110073353155
25.999999999999996	0.0	0.4563001323662451
25.000000000000004	0.0	0.45391592707953626
24.000000000000004	0.0	0.45119159306981227
22.999999999999993	0.0	0.4482789182007138
21.999999999999996	0.0	0.4453406355831916
21.0	0.0	0.4425421630114989
20.00000000000001	0.0	0.44004313588508365
19.000000000000014	0.0	0.437990592243282
18.00000000000001	0.0	0.4365123643141125
17.000000000000007	0.0	0.4357100570348692
15.999999999999995	0.0	0.43565698291112004
14.999999999999996	0.0	0.43639258613600157
14.0	0.0	0.4379232686466197
12.999999999999996	0.0	0.4402203249830478
12.000000000000018	0.0	0.44322324651392986
10.999999999999993	0.0	0.44684137354928194
10.000000000000012	0.0	0.4509582321365961
8.999999999999984	0.0	0.45543752296974593
7.999999999999981	0.0	0.46012807772739156
7.000000000000025	0.0	0.4648706740382854
6.000000000000026	0.0	0.46950588301707974
4.999999999999992	0.0	0.47387943863093174
4.000000000000042	0.0	0.47784987872121015
3.0000000000000444	0.0	0.48129391437010094
1.9999999999999472	0.0	0.48411159275311144
0.9999999999999002	0.0	0.4862312534774752
0.0	0.0	0.4876109741808535
0.9999999999999002	180.0	0.4882412552146374
1.9999999999999472	180.0	0.4881450196439483
3.0000000000000444	180.0	0.4873759611348357
4.000000000000042	180.0	0.4860164788132762
4.999999999999992	180.0	0.48417416652546935
6.000000000000026	180.0	0.48197603044303294
6.9999999999999725	180.0	0.4795639457527982
7.999999999999981	180.0	0.477087635177404
8.999999999999984	180.0	0.47469826703819035
10.000000000000012	180.0	0.47254184680399247
10.999999999999993	180.0	0.4707521956117345
11.999999999999988	180.0	0.4694459939280243
12.999999999999996	180.0	0.4687161730979481
14.0	180.0	0.4686290241476674
14.999999999999996	180.0	0.4692194479601144
15.999999999999995	180.0	0.4704907487608922
16.99999999999999	180.0	0.47241339503367347
17.999999999999986	180.0	0.4749260520907014
18.999999999999996	180.0	0.4779382667560921
19.999999999999993	180.0	0.48133439113373844
21.0	180.0	0.4849783324316145
21.999999999999996	180.0	0.48871995489888087
23.00000000000001	180.0	0.49240189479119206
24.000000000000004	180.0	0.49586658185010196
24.99999999999999	180.0	0.4989647063811723
26.000000000000007	180.0	0.5015622407333789
26.999999999999996	180.0	0.5035482868349188
28.000000000000007	180.0	0.5048414781303169
28.999999999999996	180.0	0.5053955554611302
29.999999999999993	180.0	0.5052049429466536
31.0	180.0	0.5043068131249215
31.99999999999999	180.0	0.5027837716360105
33.0	180.0	0.5007638572220392
34.0	180.0	0.498418270072066
35.000000000000014	180.0	0.4959595131951881
36.0	180.0	0.49363519699753466
37.000000000000014	180.0	0.491722876429763
37.99999999999999	180.0	0.49052137739484986
38.99999999999999	180.0	0.4903431557263847
40.00000000000001	180.0	0.4915043845117606
40.999999999999986	180.0	0.49431462838716417
42.0	180.0	0.499066930860767
43.0	180.0	0.5060283146641165
44.00000000000001	180.0	0.5154286299907255
45.0	180.0	0.5274529134743655
46.000000000000014	180.0	0.5422331276250589
47.0	180.0	0.5598413458637722
47.999999999999986	180.0	0.5802845896699121
49.00000000000001	180.0	0.6035019373839221
49.99999999999999	180.0	0.6293628720944814
51.00000000000001	180.0	0.6576664555821036
51.99999999999999	180.0	0.6881454586011413
53.000000000000014	180.0	0.7204686325348875
53.99999999999999	180.0	0.7542473178467821
55.000000000000014	180.0	0.7890426720739188
55.99999999999999	180.0	0.824375169475653
56.999999999999986	180.0	0.859733274625811
58.00000000000001	180.0	0.8945858332587006
58.99999999999999	180.0	0.9283930175164217
60.00000000000001	180.0	0.960618097252577
61.0	180.0	0.9907408634487845
62.000000000000014	180.0	1.018267334377387
63.0	180.0	1.0427435920461632
64.00000000000001	180.0	1.0637638362482378
65.0	180.0	1.08098215586579
65.99999999999999	180.0	1.0941189308071606
67.0	180.0	1.1029686795426594
68.0	180.0	1.1074050154429695
69.00000000000001	180.0	1.1073839510047503
70.0	180.0	1.102945549963438
71.00000000000001	180.0	1.0942141338073488
72.0	180.0	1.081395597094373
73.00000000000001	180.0	1.0647751357968744
74.0	180.0	1.0447104323363854
74.99999999999999	180.0	1.0216262862169987
76.0	180.0	0.9960051143767618
77.0	180.0	0.9683782775954665
78.00000000000001	180.0	0.9393159613037414
79.0	180.0	0.9094149912511392
80.00000000000001	180.0	0.8792880947729278
81.0	180.0	0.8495513034299778
82.00000000000001	180.0	0.8208117686768516
83.0	180.0	0.7936559905580928
83.99999999999999	180.0	0.7686376333763142
85.0	180.0	0.7462669934730887
86.0	180.0	0.7270006735239392
87.00000000000001	180.0	0.7112316698615297
88.0	180.0	0.699282144482159
89.00000000000001	180.0	0.6913959905381528
90.0	180.0	0.68773408251356
91.00000000000001	180.0	0.6883705589703497
92.0	180.0	0.6932907574074081
92.99999999999999	180.0	0.702390801232339
94.0	180.0	0.7154798714165655
95.0	180.0	0.7322830976927331
96.00000000000001	180.0	0.752446721407214
97.0	180.0	0.7755444974572132
98.00000000000001	180.0	0.8010867809111771
99.0	180.0	0.8285292006010015
100.00000000000001	180.0	0.8572846369398424
101.0	180.0	0.886733754141226
102.00000000000001	180.0	0.9162390431778614
103.0	180.0	0.9451567995994528
104.0	180.0	0.9728513730056106
105.00000000000001	180.0	0.9987079709200659
106.0	180.0	1.0221460822071804
107.00000000000001	180.0	1.042631041861559
108.0	180.0	1.0596864218540603
109.00000000000001	180.0	1.0729035307804053
110.0	180.0	1.0819502939674868
111.00000000000001	180.0	1.086577861924574
112.0	180.0	1.086626392738119
113.0	180.0	1.082028149783259
114.00000000000001	180.0	1.0728077082379166
115.0	180.0	1.0590813355404995
116.00000000000001	180.0	1.0410538936783977
117.0	180.0	1.0190126437649774
118.00000000000001	180.0	0.9933204310742746
119.0	180.0	0.9644070114487873
120.00000000000001	180.0	0.932757279995765
121.0	180.0	0.8988999128116973
122.0	180.0	0.8633943565940029
123.00000000000001	180.0	0.826817818252716
124.0	180.0	0.7897503958952744
125.00000000000001	180.0	0.7527624814664066
126.0	180.0	0.7164007177893186
127.00000000000001	180.0	0.6811762272619845
128.0	180.0	0.6475534600957342
129.00000000000003	180.0	0.6159402816384458
130.0	180.0	0.5866795052964369
131.0	180.0	0.5600441427101601
132.0	180.0	0.5362324474157995
133.0	180.0	0.5153662627324678
134.0	180.0	0.49749205433270793
135.0	180.0	0.482582768869395
136.0	180.0	0.47054237728594006
137.0	180.0	0.4612128962956967
138.00000000000003	180.0	0.45438182288956785
139.0	180.0	0.44979163398461525
140.0	180.0	0.44714990561496776
140.99999999999997	180.0	0.44614025817913244
142.00000000000003	180.0	0.44643392122960446
143.0	180.0	0.4477004722060779
144.0	180.0	0.4496187816827551
145.0	180.0	0.45188671953105625
146.00000000000003	180.0	0.4542298285118271
147.00000000000003	180.0	0.456408965297046
148.0	180.0	0.4582264958928299
149.0	180.0	0.4595298063791373
149.99999999999997	180.0	0.4602135745648708
151.00000000000003	180.0	0.4602210090724777
152.0	180.0	0.459542403739249
153.0	180.0	0.4582110073353155
154.0	180.0	0.4563001323662451
155.00000000000003	180.0	0.45391592707953626
156.00000000000003	180.0	0.45119159306981227
157.0	180.0	0.4482789182007138
158.0	180.0	0.4453406355831916
158.99999999999997	180.0	0.4425421630114989
160.00000000000003	180.0	0.44004313588508365
161.0	180.0	0.437990592243282
162.0	180.0	0.4365123643141125
163.0	180.0	0.4357100570348692
164.00000000000003	180.0	0.43565698291112004
165.00000000000003	180.0	0.43639258613600157
166.0	180.0	0.4379232686466197
167.0	180.0	0.4402203249830478
167.99999999999997	180.0	0.44322324651392986
169.00000000000003	180.0	0.44684137354928194
169.99999999999997	180.0	0.4509582321365961
170.99999999999997	180.0	0.45543752296974593
172.0	180.0	0.46012807772739156
173.00000000000003	180.0	0.4648706740382854
174.00000000000003	180.0	0.46950588301707974
175.0	180.0	0.47387943863093174
175.99999999999997	180.0	0.47784987872121015
176.99999999999994	180.0	0.48129391437010094
178.00000000000006	180.0	0.48411159275311144
179.0000000000001	180.0	0.4862312534774752
180.0	180.0	0.4876109741808535
179.0000000000001	0.0	0.4882412552146374
178.00000000000006	0.0	0.4881450196439483
176.99999999999994	0.0	0.4873759611348357
176.00000000000006	0.0	0.4860164788132762
175.0	0.0	0.48417416652546935
174.00000000000003	0.0	0.48197603044303294
172.99999999999997	0.0	0.4795639457527982
172.0	0.0	0.477087635177404
171.00000000000003	0.0	0.47469826703819035
170.00000000000003	0.0	0.47254184680399247
168.99999999999997	0.0	0.4707521956117345
167.99999999999997	0.0	0.4694459939280243
167.00000000000003	0.0	0.4687161730979481
166.00000000000003	0.0	0.4686290241476674
165.00000000000003	0.0	0.4692194479601144
163.99999999999997	0.0	0.4704907487608922
163.0	0.0	0.47241339503367347
162.00000000000003	0.0	0.4749260520907014
161.00000000000003	0.0	0.4779382667560921
160.0	0.0	0.48133439113373844
159.0	0.0	0.4849783324316145
158.00000000000003	0.0	0.48871995489888087
157.00000000000003	0.0	0.49240189479119206
156.00000000000003	0.0	0.49586658185010196
154.99999999999997	0.0	0.4989647063811723
154.0	0.0	0.5015622407333789
153.00000000000003	0.0	0.5035482868349188
152.0	0.0	0.5048414781303169
150.99999999999997	0.0	0.5053955554611302
150.0	0.0	0.5052049429466536
149.0	0.0	0.5043068131249215
148.0	0.0	0.5027837716360105
147.00000000000003	0.0	0.5007638572220392
146.0	0.0	0.498418270072066
145.0	0.0	0.4959595131951881
144.00000000000003	0.0	0.49363519699753466
143.0	0.0	0.491722876429763
142.0	0.0	0.49052137739484986
140.99999999999997	0.0	0.4903431557263847
140.00000000000003	0.0	0.4915043845117606
139.00000000000003	0.0	0.49431462838716417
138.00000000000003	0.0	0.499066930860767
137.0	0.0	0.5060283146641165
136.0	0.0	0.5154286299907255
135.00000000000003	0.0	0.5274529134743655
134.00000000000003	0.0	0.5422331276250589
132.99999999999997	0.0	0.5598413458637722
131.99999999999997	0.0	0.5802845896699121
131.00000000000003	0.0	0.6035019373839221
130.00000000000003	0.0	0.6293628720944814
129.00000000000003	0.0	0.6576664555821036
128.0	0.0	0.6881454586011413
126.99999999999999	0.0	0.7204686325348875
126.00000000000003	0.0	0.7542473178467821
125.00000000000004	0.0	0.7890426720739188
123.99999999999997	0.0	0.824375169475653
122.99999999999999	0.0	0.859733274625811
122.0	0.0	0.8945858332587006
121.0	0.0	0.9283930175164217
120.00000000000001	0.0	0.960618097252577
119.0	0.0	0.9907408634487845
118.00000000000001	0.0	1.018267334377387
117.00000000000003	0.0	1.0427435920461632
116.00000000000004	0.0	1.0637638362482378
115.0	0.0	1.08098215586579
114.00000000000001	0.0	1.0941189308071606
113.00000000000001	0.0	1.1029686795426594
112.00000000000003	0.0	1.1074050154429695
111.00000000000004	0.0	1.1073839510047503
110.0	0.0	1.102945549963438
109.00000000000001	0.0	1.0942141338073488
108.00000000000003	0.0	1.081395597094373
107.00000000000004	0.0	1.0647751357968744
106.0	0.0	1.0447104323363854
105.0	0.0	1.0216262862169987
104.00000000000001	0.0	0.9960051143767618
103.00000000000001	0.0	0.9683782775954665
102.00000000000003	0.0	0.9393159613037414
100.99999999999999	0.0	0.9094149912511392
100.0	0.0	0.8792880947729278
99.00000000000001	0.0	0.8495513034299778
98.00000000000003	0.0	0.8208117686768516
96.99999999999999	0.0	0.7936559905580928
96.0	0.0	0.7686376333763142
95.0	0.0	0.7462669934730887
94.00000000000001	0.0	0.7270006735239392
93.00000000000003	0.0	0.7112316698615297
91.99999999999999	0.0	0.699282144482159
91.0	0.0	0.6913959905381528
90.0	90.0	1.5296970253320075
89.0	90.0	1.5259415664200282
88.0	90.0	1.524930266871391
87.00000000000001	90.0	1.526662300629696
86.0	90.0	1.5310653877598752
85.0	90.0	1.537996620504597
84.0	90.0	1.5472430828265633
83.0	90.0	1.5585247416059154
82.0	90.0	1.5714981638940348
81.0	90.0	1.58576229930835
80.0	90.0	1.6008657080258426
79.0	90.0	1.616315027861156
78.00000000000001	90.0	1.6315846804293026
77.0	90.0	1.6461274033647761
76.0	90.0	1.65938643465346
75.0	90.0	1.6708085230209422
74.0	90.0	1.6798559057503242
73.0	90.0	1.6860195255846344
72.0	90.0	1.688832867171541
71.0	90.0	1.6878824892824604
70.0	90.0	1.682820828686771
69.00000000000001	90.0	1.6733748737440197
68.0	90.0	1.6593558705666316
67.0	90.0	1.6406640728442143
66.0	90.0	1.6172947307524634
65.0	90.0	1.589338503981363
64.0	90.0	1.556981874763386
63.0	90.0	1.5205040501619906
62.0	90.0	1.4802705601345156
61.0	90.0	1.436725616510473
60.00000000000001	90.0	1.3903819938006374
59.00000000000001	90.0	1.341808844865136
58.00000000000001	90.0	1.2916174514405356
57.00000000000001	90.0	1.2404459420964273
55.99999999999999	90.0	1.1889438036779123
55.00000000000001	90.0	1.1377549471493877
54.0	90.0	1.08750180600883
53.00000000000001	90.0	1.0387696412161815
52.0	90.0	0.9920918786922363
51.00000000000001	90.0	0.9479375119585289
50.00000000000001	90.0	0.9066997438618237
49.00000000000001	90.0	0.8686877260101069
48.0	90.0	0.8341203633495816
47.0	90.0	0.8031228034249634
46.00000000000001	90.0	0.775726642893582
45.0	90.0	0.7518715796381812
44.0	90.0	0.7314114016758255
43.0	90.0	0.7141218346937074
42.0	90.0	0.6997098351836551
41.0	90.0	0.6878270138586462
40.00000000000001	90.0	0.6780816134706175
39.0	90.0	0.6700544103961806
37.99999999999999	90.0	0.6633133771377352
37.0	90.0	0.6574287578527834
36.0	90.0	0.6519877308550425
35.0	90.0	0.6466078320309582
34.0	90.0	0.640949552199816
33.0	90.0	0.63472583676235
31.99999999999999	90.0	0.6277099332365499
31.0	90.0	0.619741999708868
30.000000000000004	90.0	0.6107311699752198
29.00000000000001	90.0	0.6006551405127848
28.000000000000007	90.0	0.589559550937705
27.00000000000001	90.0	0.5775515820679801
25.999999999999996	90.0	0.5647933474722601
25.000000000000004	90.0	0.5514928068494376
24.000000000000004	90.0	0.5378938533518387
22.999999999999993	90.0	0.5242637162251109
21.999999999999996	90.0	0.5108813960186126
21.0	90.0	0.49802486071120156
20.00000000000001	90.0	0.4859596874357236
19.000000000000014	90.0	0.4749268781471021
18.00000000000001	90.0	0.46513418603012957
17.000000000000007	90.0	0.456746822364959
15.999999999999995	90.0	0.4498814676181985
14.999999999999996	90.0	0.44460296721730813
14.0	90.0	0.4409208208108968
12.999999999999996	90.0	0.4387910408956236
12.000000000000018	90.0	0.4381184244713005
10.999999999999993	90.0	0.4387610963510959
10.000000000000012	90.0	0.44053815018324227
8.999999999999984	90.0	0.4432368764445425
7.999999999999981	90.0	0.44662329465947986
7.000000000000025	90.0	0.45045185956292694
6.000000000000026	90.0	0.4544768193756559
4.999999999999992	90.0	0.4584621284811482
4.000000000000042	90.0	0.4621921861588039
3.0000000000000444	90.0	0.46548030366205023
1.9999999999999472	90.0	0.4681769647823486
0.9999999999999002	90.0	0.4701760212722006
0.0	90.0	0.4714184100989517
0.9999999999999002	270.0	0.47189463161399287
1.9999999999999472	270.0	0.47164474955276137
3.0000000000000444	270.0	0.47075611937963807
4.000000000000042	270.0	0.4693592580059439
4.999999999999992	270.0	0.4676220613951345
6.000000000000026	270.0	0.4657417505128924
6.9999999999999725	270.0	0.4639359912208195
7.999999999999981	270.0	0.46243380765602776
8.999999999999984	270.0	0.4614642239556295
10.000000000000012	270.0	0.46124738415042854
10.999999999999993	270.0	0.4619831938894103
11.999999999999988	270.0	0.46384388593213416
12.999999999999996	270.0	0.4669643139860251
14.0	270.0	0.47143761591026945
14.999999999999996	270.0	0.4773092248069093
15.999999999999995	270.0	0.4845748038798406
16.99999999999999	270.0	0.49318086597711375
17.999999999999986	270.0	0.5030249801050339
18.999999999999996	270.0	0.5139607277665655
19.999999999999993	270.0	0.5258034853561374
21.0	270.0	0.5383376521531499
21.999999999999996	270.0	0.5513261499705833
23.00000000000001	270.0	0.5645199228036067
24.000000000000004	270.0	0.5776697081332896
24.99999999999999	270.0	0.5905361561175099
26.000000000000007	270.0	0.6029011878664655
26.999999999999996	270.0	0.6145785276617842
28.000000000000007	270.0	0.6254227895769311
28.999999999999996	270.0	0.635336911984816
29.999999999999993	270.0	0.6442791790372008
31.0	270.0	0.6522671444326013
31.99999999999999	270.0	0.6593790770149902
33.0	270.0	0.6657545803160969
34.0	270.0	0.6715921143862051
35.000000000000014	270.0	0.6771430068852479
36.0	270.0	0.6827069097726026
37.000000000000014	270.0	0.6886206475456815
37.99999999999999	270.0	0.6952499566759234
38.99999999999999	270.0	0.7029777143050827
40.00000000000001	270.0	0.7121903083146178
40.999999999999986	270.0	0.7232673116206804
42.0	270.0	0.7365664066448014
43.0	270.0	0.7524130596088828
44.00000000000001	270.0	0.7710881296891845
45.0	270.0	0.7928173367972158
46.000000000000014	270.0	0.8177638270721279
47.0	270.0	0.8460201188308062
47.999999999999986	270.0	0.8776035592576671
49.00000000000001	270.0	0.9124538462354546
49.99999999999999	270.0	0.9504317892606398
51.00000000000001	270.0	0.9913219941267231
51.99999999999999	270.0	1.0348357541216369
53.000000000000014	270.0	1.0806174519648521
53.99999999999999	270.0	1.128251374772683
55.000000000000014	270.0	1.1772716267350984
55.99999999999999	270.0	1.2271720417925294
56.999999999999986	270.0	1.27741754191138
58.00000000000001	270.0	1.3274557018736384
58.99999999999999	270.0	1.3767295531510888
60.00000000000001	270.0	1.4246889421808215
61.0	270.0	1.4708027146971443
62.000000000000014	270.0	1.5145696609788926
63.0	270.0	1.555528015498039
64.00000000000001	270.0	1.5932651630824008
65.0	270.0	1.6274252799373492
65.99999999999999	270.0	1.6577149095265113
67.0	270.0	1.6839079189101782
68.0	270.0	1.7058490094850056
69.00000000000001	270.0	1.7234555756109176
70.0	270.0	1.7367166720406035
71.00000000000001	270.0	1.7456928074054197
72.0	270.0	1.7505134660461859
73.00000000000001	270.0	1.7513725647029816
74.0	270.0	1.7485239092049425
74.99999999999999	270.0	1.742276031617754
76.0	270.0	1.7329851687642466
77.0	270.0	1.721047827716787
78.00000000000001	270.0	1.706893970831974
79.0	270.0	1.6909779291302283
80.00000000000001	270.0	1.6737713808163872
81.0	270.0	1.6557540581451946
82.00000000000001	270.0	1.637405073829095
83.0	270.0	1.6191956930447247
83.99999999999999	270.0	1.601579627270204
85.0	270.0	1.584986219319831
86.0	270.0	1.5698117697518723
87.00000000000001	270.0	1.556412928417359
88.0	270.0	1.5450994664665774
89.00000000000001	270.0	1.5361278744119655
90.0	270.0	1.5296970253320075
91.00000000000001	270.0	1.5259415664200282
92.0	270.0	1.524930266871391
92.99999999999999	270.0	1.526662300629696
94.0	270.0	1.5310653877598752
95.0	270.0	1.537996620504597
96.00000000000001	270.0	1.5472430828265633
97.0	270.0	1.5585247416059154
98.00000000000001	270.0	1.5714981638940348
99.0	270.0	1.58576229930835
100.00000000000001	270.0	1.6008657080258426
101.0	270.0	1.616315027861156
102.00000000000001	270.0	1.6315846804293026
103.0	270.0	1.6461274033647761
104.0	270.0	1.65938643465346
105.00000000000001	270.0	1.6708085230209422
106.0	270.0	1.6798559057503242
107.00000000000001	270.0	1.6860195255846344
108.0	270.0	1.688832867171541
109.00000000000001	270.0	1.6878824892824604
110.0	270.0	1.682820828686771
111.00000000000001	270.0	1.6733748737440197
112.0	270.0	1.6593558705666316
113.0	270.0	1.6406640728442143
114.00000000000001	270.0	1.6172947307524634
115.0	270.0	1.589338503981363
116.00000000000001	270.0	1.556981874763386
117.0	270.0	1.5205040501619906
118.00000000000001	270.0	1.4802705601345156
119.0	270.0	1.436725616510473
120.00000000000001	270.0	1.3903819938006374
121.0	270.0	1.341808844865136
122.0	270.0	1.2916174514405356
123.00000000000001	270.0	1.2404459420964273
124.0	270.0	1.1889438036779123
125.00000000000001	270.0	1.1377549471493877
126.0	270.0	1.08750180600883
127.00000000000001	270.0	1.0387696412161815
128.0	270.0	0.9920918786922363
129.00000000000003	270.0	0.9479375119585289
130.0	270.0	0.9066997438618237
131.0	270.0	0.8686877260101069
132.0	270.0	0.8341203633495816
133.0	270.0	0.8031228034249634
134.0	270.0	0.775726642893582
135.0	270.0	0.7518715796381812
136.0	270.0	0.7314114016758255
137.0	270.0	0.7141218346937074
138.00000000000003	270.0	0.6997098351836551
139.0	270.0	0.6878270138586462
140.0	270.0	0.6780816134706175
140.99999999999997	270.0	0.6700544103961806
142.00000000000003	270.0	0.6633133771377352
143.0	270.0	0.6574287578527834
144.0	270.0	0.6519877308550425
145.0	270.0	0.6466078320309582
146.00000000000003	270.0	0.640949552199816
147.00000000000003	270.0	0.63472583676235
148.0	270.0	0.6277099332365499
149.0	270.0	0.619741999708868
149.99999999999997	270.0	0.6107311699752198
151.00000000000003	270.0	0.6006551405127848
152.0	270.0	0.589559550937705
153.0	270.0	0.5775515820679801
154.0	270.0	0.5647933474722601
155.00000000000003	270.0	0.5514928068494376
156.00000000000003	270.0	0.5378938533518387
157.0	270.0	0.5242637162251109
158.0	270.0	0.5108813960186126
158.99999999999997	270.0	0.49802486071120156
160.00000000000003	270.0	0.4859596874357236
161.0	270.0	0.4749268781471021
162.0	270.0	0.46513418603012957
163.0	270.0	0.456746822364959
164.00000000000003	270.0	0.4498814676181985
165.00000000000003	270.0	0.44460296721730813
166.0	270.0	0.4409208208108968
167.0	270.0	0.4387910408956236
167.99999999999997	270.0	0.4381184244713005
169.00000000000003	270.0	0.4387610963510959
169.99999999999997	270.0	0.44053815018324227
170.99999999999997	270.0	0.4432368764445425
172.0	270.0	0.44662329465947986
173.00000000000003	270.0	0.45045185956292694
174.00000000000003	270.0	0.4544768193756559
175.0	270.0	0.4584621284811482
175.99999999999997	270.0	0.4621921861588039
176.99999999999994	270.0	0.46548030366205023
178.00000000000006	270.0	0.4681769647823486
179.0000000000001	270.0	0.4701760212722006
180.0	270.0	0.4714184100989517
179.0000000000001	90.0	0.47189463161399287
178.00000000000006	90.0	0.47164474955276137
176.99999999999994	90.0	0.47075611937963807
176.00000000000006	90.0	0.4693592580059439
175.0	90.0	0.4676220613951345
174.00000000000003	90.0	0.4657417505128924
172.99999999999997	90.0	0.4639359912208195
172.0	90.0	0.46243380765602776
171.00000000000003	90.0	0.4614642239556295
170.00000000000003	90.0	0.46124738415042854
168.99999999999997	90.0	0.4619831938894103
167.99999999999997	90.0	0.46384388593213416
167.00000000000003	90.0	0.4669643139860251
166.00000000000003	90.0	0.47143761591026945
165.00000000000003	90.0	0.4773092248069093
163.99999999999997	90.0	0.4845748038798406
163.0	90.0	0.49318086597711375
162.00000000000003	90.0	0.5030249801050339
161.00000000000003	90.0	0.5139607277665655
160.0	90.0	0.5258034853561374
159.0	90.0	0.5383376521531499
158.00000000000003	90.0	0.5513261499705833
157.00000000000003	90.0	0.5645199228036067
156.00000000000003	90.0	0.5776697081332896
154.99999999999997	90.0	0.5905361561175099
154.0	90.0	0.6029011878664655
153.00000000000003	90.0	0.6145785276617842
152.0	90.0	0.6254227895769311
150.99999999999997	90.0	0.635336911984816
150.0	90.0	0.6442791790372008
149.0	90.0	0.6522671444326013
148.0	90.0	0.6593790770149902
147.00000000000003	90.0	0.6657545803160969
146.0	90.0	0.6715921143862051
145.0	90.0	0.6771430068852479
144.00000000000003	90.0	0.6827069097726026
143.0	90.0	0.6886206475456815
142.0	90.0	0.6952499566759234
140.99999999999997	90.0	0.7029777143050827
140.00000000000003	90.0	0.7121903083146178
139.00000000000003	90.0	0.7232673116206804
138.00000000000003	90.0	0.7365664066448014
137.0	90.0	0.7524130596088828
136.0	90.0	0.7710881296891845
135.00000000000003	90.0	0.7928173367972158
134.00000000000003	90.0	0.8177638270721279
132.99999999999997	90.0	0.8460201188308062
131.99999999999997	90.0	0.8776035592576671
131.00000000000003	90.0	0.9124538462354546
130.00000000000003	90.0	0.9504317892606398
129.00000000000003	90.0	0.9913219941267231
128.0	90.0	1.0348357541216369
126.99999999999999	90.0	1.0806174519648521
126.00000000000003	90.0	1.128251374772683
125.00000000000004	90.0	1.1772716267350984
123.99999999999997	90.0	1.2271720417925294
122.99999999999999	90.0	1.27741754191138
122.0	90.0	1.3274557018736384
121.0	90.0	1.3767295531510888
120.00000000000001	90.0	1.4246889421808215
119.0	90.0	1.4708027146971443
118.00000000000001	90.0	1.5145696609788926
117.00000000000003	90.0	1.555528015498039
116.00000000000004	90.0	1.5932651630824008
115.0	90.0	1.6274252799373492
114.00000000000001	90.0	1.6577149095265113
113.00000000000001	90.0	1.6839079189101782
112.00000000000003	90.0	1.7058490094850056
111.00000000000004	90.0	1.7234555756109176
110.0	90.0	1.7367166720406035
109.00000000000001	90.0	1.7456928074054197
108.00000000000003	90.0	1.7505134660461859
107.00000000000004	90.0	1.7513725647029816
106.0	90.0	1.7485239092049425
105.0	90.0	1.742276031617754
104.00000000000001	90.0	1.7329851687642466
103.00000000000001	90.0	1.721047827716787
102.00000000000003	90.0	1.706893970831974
100.99999999999999	90.0	1.6909779291302283
100.0	90.0	1.6737713808163872
99.00000000000001	90.0	1.6557540581451946
98.00000000000003	90.0	1.637405073829095
96.99999999999999	90.0	1.6191956930447247
96.0	90.0	1.601579627270204
95.0	90.0	1.584986219319831
94.00000000000001	90.0	1.5698117697518723
93.00000000000003	90.0	1.556412928417359
91.99999999999999	90.0	1.5450994664665774
91.0	90.0	1.5361278744119655
