Polar Angle 	 Azimuth Angle 	 Intensity 
90.0	45.0	1.6494812707705104
89.0	45.0	1.6538276162049343
88.0	45.0	1.6545204365575157
87.00000000000001	45.0	1.6515195723996285
86.0	45.0	1.644861251467586
85.0	45.0	1.634659633256047
84.0	45.0	1.6211065281828527
83.0	45.0	1.604469431742868
82.0	45.0	1.5850881544860016
81.0	45.0	1.5633690648963168
80.0	45.0	1.539779051435981
79.0	45.0	1.51483611456723
78.00000000000001	45.0	1.489099958774334
77.0	45.0	1.4631603379042408
76.0	45.0	1.4376248388368897
75.0	45.0	1.4131054013972804
74.0	45.0	1.3902051191027085
73.0	45.0	1.3695030740638439
72.0	45.0	1.351541980237461
71.0	45.0	1.336813439580266
70.0	45.0	1.3257464278071223
69.00000000000001	45.0	1.3186959205668596
68.0	45.0	1.3159325025411606
67.0	45.0	1.3176354869830138
66.0	45.0	1.3238865969254971
65.0	45.0	1.3346663143246278
64.0	45.0	1.3498531779714507
63.0	45.0	1.3692253280854478
62.0	45.0	1.3924637359189365
61.0	45.0	1.4191586629658708
60.00000000000001	45.0	1.4488185072695445
59.00000000000001	45.0	1.4808797730709578
58.00000000000001	45.0	1.5147194275560838
57.00000000000001	45.0	1.5496688021965503
55.99999999999999	45.0	1.5850277749254809
55.00000000000001	45.0	1.6200806373243284
54.0	45.0	1.6541112597217997
53.00000000000001	45.0	1.6864188179631048
52.0	45.0	1.7163321160033833
51.00000000000001	45.0	1.74322432975388
50.00000000000001	45.0	1.7665246617412984
49.00000000000001	45.0	1.7857299957671589
48.0	45.0	1.8004137432155023
47.0	45.0	1.8102330043496033
46.00000000000001	45.0	1.8149332020921958
45.0	45.0	1.8143514520474564
44.0	45.0	1.8084168433361687
43.0	45.0	1.7971483323319843
42.0	45.0	1.780652215144937
41.0	45.0	1.7591160896653886
40.00000000000001	45.0	1.7328019751024837
39.0	45.0	1.7020387294346868
37.99999999999999	45.0	1.6672126414317485
37.0	45.0	1.6287571801711764
36.0	45.0	1.5871435870601978
35.0	45.0	1.542870484934649
34.0	45.0	1.4964530659051143
33.0	45.0	1.4484143854668028
31.99999999999999	45.0	1.3992758141039334
31.0	45.0	1.3495494547402727
30.000000000000004	45.0	1.299729858101761
29.00000000000001	45.0	1.2502888272659567
28.000000000000007	45.0	1.2016696605411494
27.00000000000001	45.0	1.1542830793564631
25.999999999999996	45.0	1.1085041390750408
25.000000000000004	45.0	1.0646697014775552
24.000000000000004	45.0	1.023077030586385
22.999999999999993	45.0	0.983983230995283
21.999999999999996	45.0	0.9476045457814631
21.0	45.0	0.9141167777583492
20.00000000000001	45.0	0.8836557107283218
19.000000000000014	45.0	0.8563178115706316
18.00000000000001	45.0	0.8321609323293128
17.000000000000007	45.0	0.8112051527186778
15.999999999999995	45.0	0.7934337630463966
14.999999999999996	45.0	0.7787946683893221
14.0	45.0	0.7672001077583251
12.999999999999996	45.0	0.758529322032364
12.000000000000018	45.0	0.752628694376067
10.999999999999993	45.0	0.7493139969210544
10.000000000000012	45.0	0.7483717949417636
8.999999999999984	45.0	0.7495622552071028
7.999999999999981	45.0	0.7526220947496847
7.000000000000025	45.0	0.7572678104702258
6.000000000000026	45.0	0.7632003129177745
4.999999999999992	45.0	0.7701092792347698
4.000000000000042	45.0	0.7776797527834253
3.0000000000000444	45.0	0.785597057761119
1.9999999999999472	45.0	0.7935548030026034
0.9999999999999002	45.0	0.8012614816063873
0.0	45.0	0.808448053484196
0.9999999999999002	225.0	0.8148753874928506
1.9999999999999472	225.0	0.820341703566145
3.0000000000000444	225.0	0.8246894531763951
4.000000000000042	225.0	0.8278114977080714
4.999999999999992	225.0	0.8296567251611056
6.000000000000026	225.0	0.8302339818432016
6.9999999999999725	225.0	0.8296145998863236
7.999999999999981	225.0	0.8279342226752696
8.999999999999984	225.0	0.8253915410894284
10.000000000000012	225.0	0.8222461872390392
10.999999999999993	225.0	0.8188143815201325
11.999999999999988	225.0	0.8154626138233115
12.999999999999996	225.0	0.8125994993139618
14.0	225.0	0.8106665108717986
14.999999999999996	225.0	0.8101261840139282
15.999999999999995	225.0	0.8114506026530742
16.99999999999999	225.0	0.8151070765041515
17.999999999999986	225.0	0.821545503501832
18.999999999999996	225.0	0.8311836259543703
19.999999999999993	225.0	0.8443942525435874
21.0	225.0	0.8614913569841912
21.999999999999996	225.0	0.8827195467050832
23.00000000000001	225.0	0.9082426890251649
24.000000000000004	225.0	0.9381360477687137
24.99999999999999	225.0	0.9723798240565817
26.000000000000007	225.0	1.0108555054490493
26.999999999999996	225.0	1.0533441809348327
28.000000000000007	225.0	1.0995280855244929
28.999999999999996	225.0	1.1489942511075835
29.999999999999993	225.0	1.2012416677493643
31.0	225.0	1.2556899895809217
31.99999999999999	225.0	1.311690627788196
33.0	225.0	1.368540511535075
34.0	225.0	1.4254966913919875
35.000000000000014	225.0	1.4817922065227356
36.0	225.0	1.5366534964647391
37.000000000000014	225.0	1.5893169704037837
37.99999999999999	225.0	1.639046278536679
38.99999999999999	225.0	1.6851490217635927
40.00000000000001	225.0	1.726991214699055
40.999999999999986	225.0	1.7640123103533
42.0	225.0	1.7957367143740395
43.0	225.0	1.8217836142772441
44.00000000000001	225.0	1.8418749832493526
45.0	225.0	1.8558410564329932
46.000000000000014	225.0	1.8636221563555588
47.0	225.0	1.8652693950171173
47.999999999999986	225.0	1.8609417251211802
49.00000000000001	225.0	1.8509014467120561
49.99999999999999	225.0	1.8355069054605582
51.00000000000001	225.0	1.815202944268383
51.99999999999999	225.0	1.7905112144549156
53.000000000000014	225.0	1.762017116922042
53.99999999999999	225.0	1.7303570241541364
55.000000000000014	225.0	1.6962046597125453
55.99999999999999	225.0	1.6602573373124931
56.999999999999986	225.0	1.6232210765593262
58.00000000000001	225.0	1.5857981057836608
58.99999999999999	225.0	1.548672960700704
60.00000000000001	225.0	1.5125013914212289
61.0	225.0	1.4778984269570532
62.000000000000014	225.0	1.4454296693309157
63.0	225.0	1.4156020260160267
64.00000000000001	225.0	1.3888582336503454
65.0	225.0	1.3655702584101965
65.99999999999999	225.0	1.3460367684937844
67.0	225.0	1.330479483264045
68.0	225.0	1.319043454083811
69.00000000000001	225.0	1.3117967834806465
70.0	225.0	1.3087317484875085
71.00000000000001	225.0	1.309768591917476
72.0	225.0	1.314757488209908
73.00000000000001	225.0	1.3234844409689117
74.0	225.0	1.3356750742380739
74.99999999999999	225.0	1.35100109170926
76.0	225.0	1.3690858934259194
77.0	225.0	1.3895118774973794
78.00000000000001	225.0	1.411827180142812
79.0	225.0	1.4355526965703633
80.00000000000001	225.0	1.4601902251969447
81.0	225.0	1.4852303310328596
82.00000000000001	225.0	1.5101600686488457
83.0	225.0	1.5344715476486146
83.99999999999999	225.0	1.5576697960534778
85.0	225.0	1.5792814661924686
86.0	225.0	1.598862698086967
87.00000000000001	225.0	1.6160072636704916
88.0	225.0	1.6303542897557444
89.00000000000001	225.0	1.6415954193313207
90.0	225.0	1.6494812707705104
91.00000000000001	225.0	1.6538276162049343
92.0	225.0	1.6545204365575157
92.99999999999999	225.0	1.6515195723996285
94.0	225.0	1.644861251467586
95.0	225.0	1.634659633256047
96.00000000000001	225.0	1.6211065281828527
97.0	225.0	1.604469431742868
98.00000000000001	225.0	1.5850881544860016
99.0	225.0	1.5633690648963168
100.00000000000001	225.0	1.539779051435981
101.0	225.0	1.51483611456723
102.00000000000001	225.0	1.489099958774334
103.0	225.0	1.4631603379042408
104.0	225.0	1.4376248388368897
105.00000000000001	225.0	1.4131054013972804
106.0	225.0	1.3902051191027085
107.00000000000001	225.0	1.3695030740638439
108.0	225.0	1.351541980237461
109.00000000000001	225.0	1.336813439580266
110.0	225.0	1.3257464278071223
111.00000000000001	225.0	1.3186959205668596
112.0	225.0	1.3159325025411606
113.0	225.0	1.3176354869830138
114.00000000000001	225.0	1.3238865969254971
115.0	225.0	1.3346663143246278
116.00000000000001	225.0	1.3498531779714507
117.0	225.0	1.3692253280854478
118.00000000000001	225.0	1.3924637359189365
119.0	225.0	1.4191586629658708
120.00000000000001	225.0	1.4488185072695445
121.0	225.0	1.4808797730709578
122.0	225.0	1.5147194275560838
123.00000000000001	225.0	1.5496688021965503
124.0	225.0	1.5850277749254809
125.00000000000001	225.0	1.6200806373243284
126.0	225.0	1.6541112597217997
127.00000000000001	225.0	1.6864188179631048
128.0	225.0	1.7163321160033833
129.00000000000003	225.0	1.74322432975388
130.0	225.0	1.7665246617412984
131.0	225.0	1.7857299957671589
132.0	225.0	1.8004137432155023
133.0	225.0	1.8102330043496033
134.0	225.0	1.8149332020921958
135.0	225.0	1.8143514520474564
136.0	225.0	1.8084168433361687
137.0	225.0	1.7971483323319843
138.00000000000003	225.0	1.780652215144937
139.0	225.0	1.7591160896653886
140.0	225.0	1.7328019751024837
140.99999999999997	225.0	1.7020387294346868
142.00000000000003	225.0	1.6672126414317485
143.0	225.0	1.6287571801711764
144.0	225.0	1.5871435870601978
145.0	225.0	1.542870484934649
146.00000000000003	225.0	1.4964530659051143
147.00000000000003	225.0	1.4484143854668028
148.0	225.0	1.3992758141039334
149.0	225.0	1.3495494547402727
149.99999999999997	225.0	1.299729858101761
151.00000000000003	225.0	1.2502888272659567
152.0	225.0	1.2016696605411494
153.0	225.0	1.1542830793564631
154.0	225.0	1.1085041390750408
155.00000000000003	225.0	1.0646697014775552
156.00000000000003	225.0	1.023077030586385
157.0	225.0	0.983983230995283
158.0	225.0	0.9476045457814631
158.99999999999997	225.0	0.9141167777583492
160.00000000000003	225.0	0.8836557107283218
161.0	225.0	0.8563178115706316
162.0	225.0	0.8321609323293128
163.0	225.0	0.8112051527186778
164.00000000000003	225.0	0.7934337630463966
165.00000000000003	225.0	0.7787946683893221
166.0	225.0	0.7672001077583251
167.0	225.0	0.758529322032364
167.99999999999997	225.0	0.752628694376067
169.00000000000003	225.0	0.7493139969210544
169.99999999999997	225.0	0.7483717949417636
170.99999999999997	225.0	0.7495622552071028
172.0	225.0	0.7526220947496847
173.00000000000003	225.0	0.7572678104702258
174.00000000000003	225.0	0.7632003129177745
175.0	225.0	0.7701092792347698
175.99999999999997	225.0	0.7776797527834253
176.99999999999994	225.0	0.785597057761119
178.00000000000006	225.0	0.7935548030026034
179.0000000000001	225.0	0.8012614816063873
180.0	225.0	0.808448053484196
179.0000000000001	45.0	0.8148753874928506
178.00000000000006	45.0	0.820341703566145
176.99999999999994	45.0	0.8246894531763951
176.00000000000006	45.0	0.8278114977080714
175.0	45.0	0.8296567251611056
174.00000000000003	45.0	0.8302339818432016
172.99999999999997	45.0	0.8296145998863236
172.0	45.0	0.8279342226752696
171.00000000000003	45.0	0.8253915410894284
170.00000000000003	45.0	0.8222461872390392
168.99999999999997	45.0	0.8188143815201325
167.99999999999997	45.0	0.8154626138233115
167.00000000000003	45.0	0.8125994993139618
166.00000000000003	45.0	0.8106665108717986
165.00000000000003	45.0	0.8101261840139282
163.99999999999997	45.0	0.8114506026530742
163.0	45.0	0.8151070765041515
162.00000000000003	45.0	0.821545503501832
161.00000000000003	45.0	0.8311836259543703
160.0	45.0	0.8443942525435874
159.0	45.0	0.8614913569841912
158.00000000000003	45.0	0.8827195467050832
157.00000000000003	45.0	0.9082426890251649
156.00000000000003	45.0	0.9381360477687137
154.99999999999997	45.0	0.9723798240565817
154.0	45.0	1.0108555054490493
153.00000000000003	45.0	1.0533441809348327
152.0	45.0	1.0995280855244929
150.99999999999997	45.0	1.1489942511075835
150.0	45.0	1.2012416677493643
149.0	45.0	1.2556899895809217
148.0	45.0	1.311690627788196
147.00000000000003	45.0	1.368540511535075
146.0	45.0	1.4254966913919875
145.0	45.0	1.4817922065227356
144.00000000000003	45.0	1.5366534964647391
143.0	45.0	1.5893169704037837
142.0	45.0	1.639046278536679
140.99999999999997	45.0	1.6851490217635927
140.00000000000003	45.0	1.726991214699055
139.00000000000003	45.0	1.7640123103533
138.00000000000003	45.0	1.7957367143740395
137.0	45.0	1.8217836142772441
136.0	45.0	1.8418749832493526
135.00000000000003	45.0	1.8558410564329932
134.00000000000003	45.0	1.8636221563555588
132.99999999999997	45.0	1.8652693950171173
131.99999999999997	45.0	1.8609417251211802
131.00000000000003	45.0	1.8509014467120561
130.00000000000003	45.0	1.8355069054605582
129.00000000000003	45.0	1.815202944268383
128.0	45.0	1.7905112144549156
126.99999999999999	45.0	1.762017116922042
126.00000000000003	45.0	1.7303570241541364
125.00000000000004	45.0	1.6962046597125453
123.99999999999997	45.0	1.6602573373124931
122.99999999999999	45.0	1.6232210765593262
122.0	45.0	1.5857981057836608
121.0	45.0	1.548672960700704
120.00000000000001	45.0	1.5125013914212289
119.0	45.0	1.4778984269570532
118.00000000000001	45.0	1.4454296693309157
117.00000000000003	45.0	1.4156020260160267
116.00000000000004	45.0	1.3888582336503454
115.0	45.0	1.3655702584101965
114.00000000000001	45.0	1.3460367684937844
113.00000000000001	45.0	1.330479483264045
112.00000000000003	45.0	1.319043454083811
111.00000000000004	45.0	1.3117967834806465
110.0	45.0	1.3087317484875085
109.00000000000001	45.0	1.309768591917476
108.00000000000003	45.0	1.314757488209908
107.00000000000004	45.0	1.3234844409689117
106.0	45.0	1.3356750742380739
105.0	45.0	1.35100109170926
104.00000000000001	45.0	1.3690858934259194
103.00000000000001	45.0	1.3895118774973794
102.00000000000003	45.0	1.411827180142812
100.99999999999999	45.0	1.4355526965703633
100.0	45.0	1.4601902251969447
99.00000000000001	45.0	1.4852303310328596
98.00000000000003	45.0	1.5101600686488457
96.99999999999999	45.0	1.5344715476486146
96.0	45.0	1.5576697960534778
95.0	45.0	1.5792814661924686
94.00000000000001	45.0	1.598862698086967
93.00000000000003	45.0	1.6160072636704916
91.99999999999999	45.0	1.6303542897557444
91.0	45.0	1.6415954193313207
90.0	0.0	1.202511604366459
89.29291116952395	0.7071426817872533	1.2015076186508213
88.58593006627854	1.4145007934175506	1.2007045704958939
87.87916453235917	2.122289895867879	1.2000960006928765
87.1727226397129	2.8307258121018455	1.199648209021944
86.4667128053692	3.540024757356371	1.1993039051093926
85.76124390703504	4.250403468570711	1.1989858592847882
85.05642539917308	4.962079332655645	1.198601536361194
84.3523674296794	5.675270513286652	1.198048150668141
83.64918095727445	6.390196075887154	1.1972184231725183
82.94697786971682	7.107076110446535	1.196006198181875
82.24587110294536	7.826131851792348	1.1943120600477257
81.54597476125012	8.547585796906942	1.1920478265281933
80.84740423856572	9.271661818845425	1.189142446326479
80.15027634097487	9.998585276774412	1.1855446670249312
79.45470941050044	10.728583121609057	1.1812272476125243
78.76082345025607	11.461883996679509	1.176188503078267
78.0687402510143	12.198718332806749	1.1704541298397764
77.37858351923944	12.939318437111838	1.164077486578443
76.69047900661849	13.683918574821595	1.1571393134042653
76.00455464110858	14.432755043267381	1.1497463276800248
75.32094065950206	15.186066237202516	1.1420293985927106
74.63976974149092	15.944092704486447	1.1341407388018687
73.96117714519126	16.707077191101824	1.1262510960879484
73.28530084406378	17.47526467438212	1.1185466641654864
72.61228166514054	18.2489023832344	1.11122501057321
71.94226342843773	19.028239804042187	1.1044917066520556
71.27539308740191	19.813528670829413	1.0985568171056026
70.61182087020094	20.605022938156644	1.0936319512308392
69.95170042163069	21.402978735106455	1.0899263312258496
69.29518894536457	22.207654298596484	1.087644685926074
68.64244734622547	23.019309884136224	1.0869840211999096
67.99364037210603	23.838207652018653	1.0881320753553017
67.34893675510656	24.664611526811417	1.0912649320408387
66.70850935139694	25.498787027884514	1.0965449139820143
66.07253527924108	26.34100106858589	1.1041197404757306
65.44119605454999	27.191521721553002	1.1141202807089765
64.81467772324949	28.05061794753063	1.1266590091654207
64.19317098966519	28.918559284955432	1.141828601449583
63.57687134003648	29.79561549746857	1.1597002492758455
62.965979160175145	30.68205617643342	1.180321273369546
62.36069984618289	31.5781502954692	1.2037128767856589
61.761243907035045	32.484165713968785	1.2298683194802185
61.16782705772538	33.400368626554155	1.2587499695410862
60.58067030155157	34.32702295544232	1.290286775671463
59.99999999999999	35.264389682754654	1.3243715992558207
59.42604792856702	36.212726119908915	1.3608592485137432
58.8590513167294	37.17228511139536	1.3995635297306943
58.29925287015328	38.143314170462425	1.4402559834997732
57.74690077310915	39.12605454453247	1.4826650422162184
57.20224866894282	40.12074020854298	1.5264753279894958
56.66555561634145	41.12759678487194	1.5713284951487927
56.13708601903233	42.14684038906587	1.6168251960891757
55.61710952646371	43.178676401255004	1.6625278896232427
55.10590090294487	44.223298163918535	1.707965193926183
54.60373986267208	45.28088560756104	1.752638064909413
54.11091086804023	46.3516038068849	1.796026115011792
53.62770288864506	47.435601471194154	1.8375964595073278
53.154409118419395	48.53300937404573	1.8768129840656282
52.691326648427214	49.643938728569864	1.9131470164881792
52.23875609296496	50.76847951640774	1.9460884196973705
51.79700116679687	51.90669877984987	1.9751572463958529
51.36636821158484	53.05863888848747	1.999915534143476
50.94716566986906	54.22431579349069	2.019979521686976
50.539703505316	55.40371728447302	2.0350301802786706
50.14429256838126	56.59680126575802	2.0448237449951545
49.76124390703504	57.80349407069134	2.0492008418801695
49.390868022772075	59.02368883439022	2.0480937896588984
49.03347407277117	60.25724394694163	2.041531935606107
48.68936901978189	61.503981610489745	2.0296450255681227
48.35885673209022	62.76368652482927	2.0126643273035
48.04223703674405	64.03610472697835	1.9909203838016936
47.73980473009234	65.32094261067617	1.9648397836786635
47.45184855059514	66.61786615176922	1.9349375786274106
47.178650119779434	67.92650036495783	1.9018088583630217
46.920482858129056	69.2464290163152	1.866116674710566
46.677610883583455	70.57719461432482	1.8285789827699108
46.450287901158305	71.91829869987819	1.7899536162343845
46.23875609296496	73.2692024527246	1.7510219989511933
46.043245018569806	74.62932762827676	1.7125715927235947
45.86397053617525	75.99805783448308	1.6753787663658215
45.701133755495384	77.37474015373697	1.6401911030876712
45.554920033420714	78.7586871095844	1.6077111120549255
45.42549802359849	80.14917897242118	1.5785797995321829
45.31301879088406	81.5454663925662	1.5533634696300966
45.21761500123496	82.94677334320139	1.5325405250526078
45.1394001970194	84.35230034984485	1.516492901624406
45.07846816689916	85.76122797743554	1.5054972219832266
45.03489241843145	87.17272054092642	1.499721285140284
45.00872576033472	88.58593000067151	1.4992221006341175
45.0	90.0	1.5039464502009183
45.00872576033472	91.41406999932849	1.5137353811371765
45.03489241843145	92.82727945907358	1.528330103838147
45.07846816689916	94.23877202256445	1.5473808381055576
45.1394001970194	95.64769965015516	1.5704577657190486
45.21761500123496	97.05322665679864	1.5970631063482799
45.31301879088406	98.45453360743382	1.626645018893607
45.42549802359848	99.85082102757882	1.6586117836619256
45.554920033420714	101.2413128904156	1.6923462653776795
45.701133755495384	102.62525984626303	1.7272212186993647
45.86397053617525	104.00194216551692	1.762612206637129
46.043245018569806	105.37067237172324	1.7979115018934515
46.238756092964955	106.73079754727539	1.832539320269749
46.450287901158305	108.08170130012182	1.8659542115674899
46.677610883583455	109.42280538567519	1.8976607825552385
46.920482858129056	110.7535709836848	1.9272168582653662
47.178650119779434	112.07349963504215	1.9542372732687827
47.45184855059512	113.38213384823077	1.9783959779386753
47.73980473009234	114.67905738932384	1.9994273022087525
48.04223703674405	115.96389527302166	2.017123989727087
48.3588567320902	117.23631347517073	2.031334529922046
48.68936901978189	118.49601838951025	2.0419593667275615
49.03347407277117	119.74275605305839	2.0489452818798255
49.39086802277208	120.9763111656098	2.0522801994667335
49.76124390703504	122.19650592930867	2.051987147971833
50.14429256838125	123.40319873424197	2.0481180819006894
50.539703505316005	124.59628271552698	2.0407482650775792
50.94716566986905	125.77568420650928	2.02997079435977
51.36636821158484	126.94136111151253	2.0158929487803747
51.79700116679685	128.09330122015012	1.9986322578560338
52.23875609296496	129.23152048359225	1.9783136932352678
52.691326648427214	130.35606127143015	1.955069247445727
53.154409118419395	131.46699062595425	1.9290368105535312
53.62770288864506	132.56439852880584	1.9003612935039298
54.11091086804023	133.64839619311508	1.8691958918795473
54.60373986267208	134.71911439243897	1.835704332581703
55.10590090294487	135.7767018360815	1.800063541764481
55.617109526463715	136.821323598745	1.7624660319336356
56.13708601903233	137.8531596109341	1.7231229911334067
56.66555561634144	138.87240321512806	1.6822663892102605
57.20224866894282	139.879259791457	1.6401509436590458
57.74690077310915	140.87394545546752	1.5970549621284889
58.29925287015328	141.85668582953758	1.5532804828387763
58.8590513167294	142.82771488860465	1.509152151240895
59.42604792856702	143.7872738800911	1.4650144116649793
59.99999999999999	144.73561031724535	1.4212292606389887
60.58067030155157	145.6729770445577	1.378170208932657
61.16782705772538	146.59963137344585	1.336217226524518
61.76124390703503	147.5158342860312	1.2957498621403576
62.36069984618289	148.4218497045308	1.2571400819565006
62.96597916017513	149.31794382356657	1.220743844544855
63.57687134003648	150.20438450253144	1.186893097070703
64.19317098966519	151.08144071504458	1.1558877714904923
64.81467772324949	151.9493820524694	1.1279884828375404
65.44119605454999	152.808478278447	1.103408806254993
66.0725352792411	153.65899893141415	1.0823096602925166
66.70850935139694	154.5012129721155	1.0647946731260751
67.34893675510656	155.3353884731886	1.0509068125359464
67.99364037210603	156.16179234798136	1.0406261392254
68.64244734622547	156.98069011586378	1.0338706493261938
69.29518894536457	157.79234570140352	1.0304975381568167
69.95170042163069	158.59702126489356	1.0303068510796367
70.61182087020094	159.39497706184335	1.0330463981162925
71.2753930874019	160.1864713291706	1.0384189152444059
71.94226342843773	160.9717601959578	1.046089366111877
72.61228166514054	161.7510976167656	1.055694771267668
73.28530084406377	162.52473532561788	1.0668530544695063
73.96117714519126	163.29292280889817	1.0791737144201623
74.63976974149092	164.05590729551355	1.0922679348333983
75.32094065950206	164.8139337627975	1.1057584136647503
76.00455464110858	165.56724495673262	1.1192891923423103
76.6904790066185	166.31608142517842	1.1325333787337701
77.37858351923944	167.06068156288816	1.14520115094863
78.0687402510143	167.80128166719328	1.1570449527887536
78.76082345025605	168.5381160033205	1.167864689198927
79.45470941050044	169.27141687839094	1.1775095516954304
80.15027634097487	170.0014147232256	1.1858794225418654
80.84740423856572	170.72833818115458	1.1929238918260763
81.54597476125012	171.45241420309307	1.1986397299436629
82.24587110294536	172.17386814820765	1.203067377158416
82.94697786971682	172.8929238895535	1.2062853268990128
83.64918095727445	173.60980392411287	1.2084038069677996
84.3523674296794	174.32472948671335	1.2095581799144088
85.05642539917308	175.03792066734437	1.2099005179808038
85.76124390703502	175.7495965314293	1.20959272263973
86.4667128053692	176.45997524264365	1.208798380374924
87.17272263971289	177.16927418789817	1.2076751801316534
87.87916453235917	177.87771010413212	1.2063688753606638
88.58593006627854	178.58549920658245	1.2050071056445444
89.29291116952395	179.29285731821275	1.2036950437526677
90.0	180.0	1.202511604366459
90.70708883047607	180.70714268178725	1.2015076186508213
91.41406993372146	181.41450079341755	1.2007045704958939
92.12083546764083	182.12228989586788	1.2000960006928765
92.82727736028711	182.83072581210183	1.199648209021944
93.5332871946308	183.54002475735635	1.1993039051093926
94.23875609296496	184.2504034685707	1.1989858592847882
94.94357460082692	184.96207933265563	1.198601536361194
95.64763257032061	185.67527051328665	1.198048150668141
96.35081904272555	186.39019607588713	1.1972184231725183
97.05302213028318	187.1070761104465	1.196006198181875
97.75412889705464	187.82613185179233	1.1943120600477257
98.45402523874989	188.54758579690696	1.1920478265281933
99.15259576143428	189.27166181884542	1.189142446326479
99.84972365902512	189.9985852767744	1.1855446670249312
100.54529058949956	190.72858312160906	1.1812272476125243
101.23917654974393	191.4618839966795	1.176188503078267
101.93125974898571	192.19871833280675	1.1704541298397764
102.62141648076054	192.93931843711184	1.164077486578443
103.30952099338153	193.68391857482158	1.1571393134042653
103.99544535889142	194.43275504326738	1.1497463276800248
104.67905934049796	195.18606623720254	1.1420293985927106
105.36023025850908	195.94409270448645	1.1341407388018687
106.03882285480874	196.7070771911018	1.1262510960879484
106.71469915593623	197.4752646743821	1.1185466641654864
107.38771833485946	198.2489023832344	1.11122501057321
108.05773657156229	199.0282398040422	1.1044917066520556
108.7246069125981	199.8135286708294	1.0985568171056026
109.38817912979906	200.60502293815665	1.0936319512308392
110.04829957836931	201.40297873510644	1.0899263312258496
110.70481105463544	202.20765429859648	1.087644685926074
111.35755265377453	203.01930988413622	1.0869840211999096
112.00635962789397	203.83820765201864	1.0881320753553017
112.65106324489344	204.6646115268114	1.0912649320408387
113.29149064860306	205.49878702788448	1.0965449139820143
113.92746472075892	206.34100106858588	1.1041197404757306
114.55880394545001	207.191521721553	1.1141202807089765
115.18532227675053	208.05061794753064	1.1266590091654207
115.8068290103348	208.91855928495542	1.141828601449583
116.42312865996352	209.79561549746856	1.1597002492758455
117.03402083982486	210.68205617643343	1.180321273369546
117.63930015381712	211.5781502954692	1.2037128767856589
118.23875609296496	212.48416571396876	1.2298683194802185
118.83217294227461	213.40036862655413	1.2587499695410862
119.41932969844842	214.32702295544232	1.290286775671463
120.00000000000001	215.26438968275463	1.3243715992558207
120.573952071433	216.2127261199089	1.3608592485137432
121.14094868327061	217.17228511139535	1.3995635297306943
121.70074712984672	218.14331417046245	1.4402559834997732
122.25309922689084	219.12605454453248	1.4826650422162184
122.79775133105717	220.12074020854297	1.5264753279894958
123.33444438365854	221.1275967848719	1.5713284951487927
123.86291398096766	222.1468403890659	1.6168251960891757
124.38289047353629	223.17867640125502	1.6625278896232427
124.89409909705513	224.2232981639185	1.707965193926183
125.39626013732791	225.28088560756103	1.752638064909413
125.88908913195978	226.35160380688492	1.796026115011792
126.37229711135494	227.43560147119416	1.8375964595073278
126.84559088158062	228.53300937404572	1.8768129840656282
127.30867335157278	229.64393872856982	1.9131470164881792
127.76124390703504	230.7684795164077	1.9460884196973705
128.20299883320317	231.90669877984988	1.9751572463958529
128.6336317884152	233.05863888848748	1.999915534143476
129.05283433013093	234.2243157934907	2.019979521686976
129.460296494684	235.40371728447298	2.0350301802786706
129.85570743161875	236.59680126575802	2.0448237449951545
130.23875609296496	237.80349407069136	2.0492008418801695
130.60913197722795	239.0236888343902	2.0480937896588984
130.96652592722884	240.25724394694157	2.041531935606107
131.31063098021812	241.50398161048972	2.0296450255681227
131.6411432679098	242.7636865248293	2.0126643273035
131.95776296325596	244.03610472697835	1.9909203838016936
132.26019526990768	245.32094261067616	1.9648397836786635
132.54815144940486	246.6178661517692	1.9349375786274106
132.8213498802206	247.92650036495786	1.9018088583630217
133.07951714187095	249.2464290163152	1.866116674710566
133.32238911641656	250.5771946143248	1.8285789827699108
133.5497120988417	251.91829869987816	1.7899536162343845
133.76124390703504	253.26920245272458	1.7510219989511933
133.9567549814302	254.62932762827677	1.7125715927235947
134.13602946382477	255.99805783448306	1.6753787663658215
134.2988662445046	257.374740153737	1.6401911030876712
134.44507996657927	258.75868710958434	1.6077111120549255
134.57450197640154	260.14917897242117	1.5785797995321829
134.68698120911597	261.5454663925662	1.5533634696300966
134.78238499876502	262.94677334320136	1.5325405250526078
134.8605998029806	264.3523003498448	1.516492901624406
134.92153183310086	265.7612279774355	1.5054972219832266
134.96510758156856	267.17272054092643	1.499721285140284
134.99127423966527	268.5859300006715	1.4992221006341175
135.0	270.0	1.5039464502009183
134.99127423966527	271.4140699993285	1.5137353811371765
134.96510758156856	272.82727945907357	1.528330103838147
134.92153183310086	274.2387720225645	1.5473808381055576
134.8605998029806	275.6476996501551	1.5704577657190486
134.78238499876502	277.0532266567986	1.5970631063482799
134.68698120911597	278.45453360743375	1.626645018893607
134.57450197640154	279.85082102757883	1.6586117836619256
134.44507996657927	281.2413128904156	1.6923462653776795
134.2988662445046	282.625259846263	1.7272212186993647
134.13602946382477	284.0019421655169	1.762612206637129
133.9567549814302	285.37067237172323	1.7979115018934515
133.76124390703504	286.7307975472754	1.832539320269749
133.5497120988417	288.08170130012184	1.8659542115674899
133.32238911641656	289.42280538567513	1.8976607825552385
133.07951714187095	290.75357098368477	1.9272168582653662
132.82134988022057	292.0734996350422	1.9542372732687827
132.54815144940488	293.38213384823075	1.9783959779386753
132.26019526990768	294.6790573893238	1.9994273022087525
131.95776296325596	295.9638952730216	2.017123989727087
131.6411432679098	297.23631347517073	2.031334529922046
131.31063098021812	298.49601838951025	2.0419593667275615
130.96652592722884	299.7427560530584	2.0489452818798255
130.60913197722795	300.9763111656098	2.0522801994667335
130.23875609296496	302.1965059293086	2.051987147971833
129.85570743161873	303.403198734242	2.0481180819006894
129.46029649468403	304.59628271552697	2.0407482650775792
129.05283433013096	305.7756842065093	2.02997079435977
128.6336317884152	306.9413611115125	2.0158929487803747
128.20299883320317	308.0933012201501	1.9986322578560338
127.76124390703505	309.23152048359225	1.9783136932352678
127.3086733515728	310.3560612714301	1.955069247445727
126.84559088158062	311.4669906259543	1.9290368105535312
126.37229711135495	312.5643985288058	1.9003612935039298
125.88908913195978	313.6483961931151	1.8691958918795473
125.39626013732794	314.71911439243894	1.835704332581703
124.89409909705515	315.77670183608143	1.800063541764481
124.38289047353632	316.821323598745	1.7624660319336356
123.86291398096766	317.85315961093414	1.7231229911334067
123.33444438365856	318.8724032151281	1.6822663892102605
122.7977513310572	319.879259791457	1.6401509436590458
122.25309922689087	320.8739454554675	1.5970549621284889
121.70074712984675	321.8566858295375	1.5532804828387763
121.14094868327061	322.82771488860465	1.509152151240895
120.57395207143298	323.7872738800911	1.4650144116649793
120.00000000000001	324.73561031724535	1.4212292606389887
119.41932969844845	325.6729770445577	1.378170208932657
118.83217294227461	326.59963137344585	1.336217226524518
118.23875609296496	327.51583428603124	1.2957498621403576
117.63930015381712	328.4218497045308	1.2571400819565006
117.03402083982486	329.31794382356657	1.220743844544855
116.42312865996352	330.2043845025314	1.186893097070703
115.8068290103348	331.08144071504455	1.1558877714904923
115.18532227675053	331.9493820524694	1.1279884828375404
114.55880394545002	332.808478278447	1.103408806254993
113.92746472075895	333.6589989314141	1.0823096602925166
113.29149064860304	334.5012129721155	1.0647946731260751
112.65106324489344	335.3353884731886	1.0509068125359464
112.00635962789399	336.16179234798136	1.0406261392254
111.35755265377455	336.98069011586375	1.0338706493261938
110.70481105463546	337.79234570140346	1.0304975381568167
110.04829957836931	338.59702126489356	1.0303068510796367
109.38817912979906	339.39497706184335	1.0330463981162925
108.7246069125981	340.18647132917056	1.0384189152444059
108.05773657156229	340.9717601959578	1.046089366111877
107.38771833485946	341.7510976167656	1.055694771267668
106.71469915593623	342.5247353256179	1.0668530544695063
106.03882285480876	343.2929228088982	1.0791737144201623
105.36023025850909	344.0559072955135	1.0922679348333983
104.67905934049797	344.8139337627975	1.1057584136647503
103.99544535889142	345.5672449567326	1.1192891923423103
103.30952099338151	346.3160814251784	1.1325333787337701
102.62141648076056	347.06068156288813	1.14520115094863
101.93125974898572	347.8012816671932	1.1570449527887536
101.23917654974393	348.5381160033205	1.167864689198927
100.54529058949956	349.27141687839094	1.1775095516954304
99.84972365902513	350.0014147232256	1.1858794225418654
99.15259576143428	350.7283381811546	1.1929238918260763
98.4540252387499	351.45241420309304	1.1986397299436629
97.75412889705464	352.17386814820765	1.203067377158416
97.05302213028318	352.89292388955346	1.2062853268990128
96.35081904272556	353.60980392411284	1.2084038069677996
95.64763257032062	354.32472948671335	1.2095581799144088
94.94357460082692	355.03792066734434	1.2099005179808038
94.23875609296496	355.7495965314293	1.20959272263973
93.53328719463082	356.4599752426436	1.208798380374924
92.82727736028713	357.16927418789817	1.2076751801316534
92.12083546764086	357.8777101041321	1.2063688753606638
91.41406993372146	358.5854992065825	1.2050071056445444
90.70708883047607	359.2928573182127	1.2036950437526677
90.0	90.0	0.9976114594751722
89.29291116952395	89.29285731821274	0.99716422947457
88.58593006627854	88.58549920658245	0.9971723736943611
87.87916453235917	87.87771010413212	0.9975805676069986
87.1727226397129	87.16927418789815	0.9983166365750228
86.4667128053692	86.45997524264364	0.9992963300488693
85.76124390703504	85.74959653142929	1.000428797852592
85.05642539917308	85.03792066734437	1.001622206887166
84.3523674296794	84.32472948671335	1.0027904811744535
83.64918095727445	83.60980392411285	1.003860182318751
82.94697786971682	82.89292388955346	1.0047768282980072
82.24587110294536	82.17386814820766	1.0055103697495442
81.54597476125012	81.45241420309306	1.0060612279261103
80.84740423856572	80.72833818115458	1.0064632434651133
80.15027634097487	80.0014147232256	1.0067870464106041
79.45470941050044	79.27141687839094	1.0071408987187729
78.76082345025607	78.5381160033205	1.0076705538403652
78.0687402510143	77.80128166719327	1.0085568696217784
77.37858351923944	77.06068156288816	1.0100122978654966
76.69047900661849	76.31608142517841	1.0122756888795332
76.00455464110858	75.56724495673262	1.01560569185105
75.32094065950206	74.81393376279749	1.0202731722968954
74.63976974149092	74.05590729551355	1.0265522253383172
73.96117714519126	73.29292280889818	1.034711188975677
73.28530084406378	72.52473532561788	1.0450026744400842
72.61228166514054	71.7510976167656	1.057655000720857
71.94226342843773	70.97176019595781	1.0728619440819929
71.27539308740191	70.18647132917059	1.0907748746775416
70.61182087020094	69.39497706184336	1.1114957356724755
69.95170042163069	68.59702126489356	1.1350700223635595
69.29518894536457	67.79234570140352	1.1614831313222023
68.64244734622547	66.98069011586378	1.190656709537309
67.99364037210603	66.16179234798135	1.2224479523273697
67.34893675510656	65.33538847318859	1.2566500245932035
66.70850935139694	64.50121297211548	1.2929950095871976
66.07253527924108	63.65899893141411	1.3311575597704524
65.44119605454999	62.808478278447	1.370761356021582
64.81467772324949	61.94938205246937	1.4113862689334271
64.19317098966519	61.081440715044565	1.4525769242855944
63.57687134003648	60.20438450253143	1.4938521110224912
62.965979160175145	59.31794382356658	1.5347153125720199
62.36069984618289	58.4218497045308	1.5746648169115267
61.761243907035045	57.515834286031215	1.6132050903919932
61.16782705772538	56.59963137344585	1.6498564665512354
60.58067030155157	55.67297704455769	1.6841655370150155
59.99999999999999	54.735610317245346	1.7157142786399142
59.42604792856702	53.787273880091085	1.744128338150702
58.8590513167294	52.827714888604646	1.7690839126018874
58.29925287015328	51.85668582953758	1.7903133660810227
57.74690077310915	50.87394545546753	1.8076101443240935
57.20224866894282	49.87925979145702	1.820831302232006
56.66555561634145	48.87240321512806	1.829899048463996
56.13708601903233	47.85315961093413	1.8348007454376294
55.61710952646371	46.821323598745	1.8355876455705569
55.10590090294487	45.776701836081465	1.8323723637640295
54.60373986267208	44.71911439243896	1.8253252265457494
54.11091086804023	43.6483961931151	1.814669638289643
53.62770288864506	42.564398528805846	1.8006764645125592
53.154409118419395	41.46699062595427	1.7836581343357976
52.691326648427214	40.356061271430136	1.7639619004411442
52.23875609296496	39.23152048359226	1.7419626777741593
51.79700116679687	38.09330122015014	1.7180564439177932
51.36636821158484	36.941361111512535	1.6926529373780923
50.94716566986906	35.77568420650932	1.6661683558699028
50.539703505316	34.59628271552699	1.6390183354377403
50.14429256838126	33.40319873424199	1.6116119124997383
49.76124390703504	32.19650592930866	1.5843449242212646
49.390868022772075	30.976311165609783	1.55759397055887
49.03347407277117	29.742756053058372	1.5317113592273155
48.68936901978189	28.496018389510258	1.507020191084178
48.35885673209022	27.236313475170732	1.4838094455144628
48.04223703674405	25.963895273021652	1.4623308912437833
47.73980473009234	24.679057389323834	1.4427957163163798
47.45184855059514	23.382133848230776	1.4253717197434677
47.178650119779434	22.07349963504216	1.4101813456570793
46.920482858129056	20.753570983684796	1.3973009812221533
46.677610883583455	19.422805385675183	1.3867598332958715
46.450287901158305	18.08170130012181	1.3785410517683214
46.23875609296496	16.730797547275397	1.3725818699800774
46.043245018569806	15.370672371723243	1.368776553491437
45.86397053617525	14.001942165516926	1.3669785063461586
45.701133755495384	12.625259846263035	1.3670043431813583
45.554920033420714	11.241312890415616	1.3686386634253171
45.42549802359849	9.850821027578828	1.3716385446601258
45.31301879088406	8.454533607433808	1.375740984753562
45.21761500123496	7.053226656798624	1.3806686589799773
45.1394001970194	5.647699650155149	1.386137783404924
45.07846816689916	4.238772022564465	1.39186597826978
45.03489241843145	2.8272794590735852	1.3975805526291232
45.00872576033472	1.414069999328503	1.4030262273177745
45.0	4.961562726608714e-15	1.4079734195881723
45.00872576033472	358.5859300006715	1.4122256852422497
45.03489241843145	357.17272054092643	1.4156271607633135
45.07846816689916	355.76122797743557	1.41806832043693
45.1394001970194	354.3523003498448	1.4194907505487355
45.21761500123496	352.94677334320136	1.419891502329495
45.31301879088406	351.5454663925662	1.4193244961309293
45.42549802359848	350.14917897242117	1.4179019256015413
45.554920033420714	348.7586871095844	1.4157920110052937
45.701133755495384	347.374740153737	1.4132163312875397
45.86397053617525	345.99805783448306	1.4104447690420496
46.043245018569806	344.62932762827677	1.407788630049462
46.238756092964955	343.26920245272464	1.4055919373871635
46.450287901158305	341.91829869987816	1.4042217426160877
46.677610883583455	340.5771946143248	1.4040567519565248
46.920482858129056	339.2464290163152	1.4054749695408522
47.178650119779434	337.92650036495786	1.4088407789959336
47.45184855059512	336.61786615176925	1.4144923058606864
47.73980473009234	335.3209426106762	1.4227277970805667
48.04223703674405	334.03610472697835	1.4337938259306324
48.3588567320902	332.76368652482927	1.4478739181913498
48.68936901978189	331.50398161048975	1.4650783016650653
49.03347407277117	330.2572439469416	1.4854364640441262
49.39086802277208	329.0236888343902	1.5088905532844987
49.76124390703504	327.80349407069133	1.5352922884189504
50.14429256838125	326.596801265758	1.5644012745460583
50.539703505316005	325.40371728447303	1.5958880920170273
50.94716566986905	324.2243157934907	1.629337104787342
51.36636821158484	323.05863888848745	1.6642553067244696
51.79700116679685	321.9066987798499	1.7000807466628194
52.23875609296496	320.76847951640775	1.7361955872389214
52.691326648427214	319.6439387285699	1.7719397253969418
53.154409118419395	318.5330093740457	1.8066265191579336
53.62770288864506	317.43560147119416	1.8395600589824994
54.11091086804023	316.3516038068849	1.8700525795510308
54.60373986267208	315.28088560756106	1.89744215237912
55.10590090294487	314.2232981639185	1.9211100975978024
55.617109526463715	313.17867640125496	1.940497412810721
56.13708601903233	312.14684038906586	1.9551200786106306
56.66555561634144	311.12759678487197	1.9645819769969977
57.20224866894282	310.120740208543	1.9685852822771135
57.74690077310915	309.1260545445325	1.966939307373798
58.29925287015328	308.1433141704624	1.9595649971880444
58.8590513167294	307.17228511139535	1.9464975965330864
59.42604792856702	306.2127261199089	1.9278849651234085
59.99999999999999	305.26438968275465	1.9039837863000162
60.58067030155157	304.3270229554423	1.8751522653161392
61.16782705772538	303.40036862655415	1.841840159688866
61.76124390703503	302.4841657139688	1.8045761416167112
62.36069984618289	301.5781502954692	1.7639537562213532
62.96597916017513	300.68205617643343	1.720615413943217
63.57687134003648	299.7956154974686	1.6752349787612322
64.19317098966519	298.91855928495545	1.628500918082919
64.81467772324949	298.0506179475306	1.5810980484586508
65.44119605454999	297.191521721553	1.5336915279772345
66.0725352792411	296.3410010685859	1.4869101465735832
66.70850935139694	295.49878702788453	1.4413329863583664
67.34893675510656	294.6646115268114	1.3974767840355768
67.99364037210603	293.83820765201864	1.3557861016717472
68.64244734622547	293.0193098841362	1.3166261653992373
69.29518894536457	292.2076542985965	1.280277950800843
69.95170042163069	291.40297873510644	1.2469364978988053
70.61182087020094	290.60502293815665	1.21671203449547
71.2753930874019	289.81352867082944	1.1896327845249415
71.94226342843773	289.0282398040422	1.165651427261881
72.61228166514054	288.2489023832344	1.1446526798709682
73.28530084406377	287.4752646743821	1.1264629862201019
73.96117714519126	286.7070771911018	1.1108613290342588
74.63976974149092	285.9440927044865	1.097590603719686
75.32094065950206	285.1860662372025	1.086370255946336
76.00455464110858	284.4327550432674	1.0769079363072211
76.6904790066185	283.6839185748216	1.0689108741426068
77.37858351923944	282.93931843711187	1.0620966896938708
78.0687402510143	282.1987183328067	1.0562023808287913
78.76082345025605	281.4618839966795	1.050992186426171
79.45470941050044	280.72858312160906	1.0462637647494746
80.15027634097487	279.9985852767744	1.0418517038863908
80.84740423856572	279.2716618188454	1.0376297684301565
81.54597476125012	278.54758579690696	1.0335116015674684
82.24587110294536	277.82613185179235	1.0294484783971622
82.94697786971682	277.10707611044654	1.0254260763258118
83.64918095727445	276.39019607588716	1.021460262540252
84.3523674296794	275.67527051328665	1.0175907752163602
85.05642539917308	274.96207933265566	1.0138754663981708
85.76124390703502	274.2504034685707	1.0103821577780823
86.4667128053692	273.5400247573564	1.0071833048287202
87.17272263971289	272.83072581210183	1.0043478525831437
87.87916453235917	272.1222898958679	1.0019360401842918
88.58593006627854	271.4145007934176	0.9999940650168418
89.29291116952395	270.7071426817872	0.9985500105973151
90.0	270.0	0.9976114594751722
90.70708883047607	269.2928573182127	0.99716422947457
91.41406993372146	268.5854992065824	0.9971723736943611
92.12083546764083	267.8777101041321	0.9975805676069986
92.82727736028711	267.16927418789817	0.9983166365750228
93.5332871946308	266.4599752426436	0.9992963300488693
94.23875609296496	265.7495965314293	1.000428797852592
94.94357460082692	265.03792066734434	1.001622206887166
95.64763257032061	264.32472948671335	1.0027904811744535
96.35081904272555	263.60980392411284	1.003860182318751
97.05302213028318	262.89292388955346	1.0047768282980072
97.75412889705464	262.17386814820765	1.0055103697495442
98.45402523874989	261.45241420309304	1.0060612279261103
99.15259576143428	260.7283381811546	1.0064632434651133
99.84972365902512	260.0014147232256	1.0067870464106041
100.54529058949956	259.27141687839094	1.0071408987187729
101.23917654974393	258.5381160033205	1.0076705538403652
101.93125974898571	257.8012816671933	1.0085568696217784
102.62141648076054	257.06068156288813	1.0100122978654966
103.30952099338153	256.31608142517837	1.0122756888795332
103.99544535889142	255.56724495673262	1.01560569185105
104.67905934049796	254.8139337627975	1.0202731722968954
105.36023025850908	254.05590729551355	1.0265522253383172
106.03882285480874	253.2929228088982	1.034711188975677
106.71469915593623	252.52473532561788	1.0450026744400842
107.38771833485946	251.7510976167656	1.057655000720857
108.05773657156229	250.9717601959578	1.0728619440819929
108.7246069125981	250.18647132917056	1.0907748746775416
109.38817912979906	249.39497706184335	1.1114957356724755
110.04829957836931	248.59702126489356	1.1350700223635595
110.70481105463544	247.79234570140352	1.1614831313222023
111.35755265377453	246.98069011586378	1.190656709537309
112.00635962789397	246.16179234798136	1.2224479523273697
112.65106324489344	245.33538847318857	1.2566500245932035
113.29149064860306	244.50121297211547	1.2929950095871976
113.92746472075892	243.6589989314141	1.3311575597704524
114.55880394545001	242.808478278447	1.370761356021582
115.18532227675053	241.9493820524694	1.4113862689334271
115.8068290103348	241.08144071504458	1.4525769242855944
116.42312865996352	240.2043845025314	1.4938521110224912
117.03402083982486	239.31794382356657	1.5347153125720199
117.63930015381712	238.4218497045308	1.5746648169115267
118.23875609296496	237.5158342860312	1.6132050903919932
118.83217294227461	236.59963137344585	1.6498564665512354
119.41932969844842	235.67297704455768	1.6841655370150155
120.00000000000001	234.73561031724535	1.7157142786399142
120.573952071433	233.78727388009108	1.744128338150702
121.14094868327061	232.82771488860465	1.7690839126018874
121.70074712984672	231.85668582953755	1.7903133660810227
122.25309922689084	230.87394545546752	1.8076101443240935
122.79775133105717	229.879259791457	1.820831302232006
123.33444438365854	228.8724032151281	1.829899048463996
123.86291398096766	227.8531596109341	1.8348007454376294
124.38289047353629	226.82132359874498	1.8355876455705569
124.89409909705513	225.7767018360815	1.8323723637640295
125.39626013732791	224.71911439243897	1.8253252265457494
125.88908913195978	223.64839619311508	1.814669638289643
126.37229711135494	222.56439852880584	1.8006764645125592
126.84559088158062	221.46699062595428	1.7836581343357976
127.30867335157278	220.35606127143015	1.7639619004411442
127.76124390703504	219.23152048359228	1.7419626777741593
128.20299883320317	218.0933012201501	1.7180564439177932
128.6336317884152	216.94136111151252	1.6926529373780923
129.05283433013093	215.7756842065093	1.6661683558699028
129.460296494684	214.59628271552702	1.6390183354377403
129.85570743161875	213.40319873424195	1.6116119124997383
130.23875609296496	212.19650592930864	1.5843449242212646
130.60913197722795	210.9763111656098	1.55759397055887
130.96652592722884	209.74275605305837	1.5317113592273155
131.31063098021812	208.49601838951028	1.507020191084178
131.6411432679098	207.2363134751707	1.4838094455144628
131.95776296325596	205.96389527302162	1.4623308912437833
132.26019526990768	204.67905738932384	1.4427957163163798
132.54815144940486	203.38213384823078	1.4253717197434677
132.8213498802206	202.07349963504214	1.4101813456570793
133.07951714187095	200.75357098368477	1.3973009812221533
133.32238911641656	199.4228053856752	1.3867598332958715
133.5497120988417	198.08170130012184	1.3785410517683214
133.76124390703504	196.73079754727542	1.3725818699800774
133.9567549814302	195.3706723717232	1.368776553491437
134.13602946382477	194.0019421655169	1.3669785063461586
134.2988662445046	192.62525984626305	1.3670043431813583
134.44507996657927	191.24131289041563	1.3686386634253171
134.57450197640154	189.8508210275788	1.3716385446601258
134.68698120911597	188.4545336074338	1.375740984753562
134.78238499876502	187.0532266567986	1.3806686589799773
134.8605998029806	185.64769965015518	1.386137783404924
134.92153183310086	184.2387720225645	1.39186597826978
134.96510758156856	182.82727945907357	1.3975805526291232
134.99127423966527	181.4140699993285	1.4030262273177745
135.0	180.0	1.4079734195881723
134.99127423966527	178.58593000067157	1.4122256852422497
134.96510758156856	177.1727205409264	1.4156271607633135
134.92153183310086	175.76122797743554	1.41806832043693
134.8605998029806	174.35230034984485	1.4194907505487355
134.78238499876502	172.94677334320141	1.419891502329495
134.68698120911597	171.54546639256625	1.4193244961309293
134.57450197640154	170.14917897242117	1.4179019256015413
134.44507996657927	168.7586871095844	1.4157920110052937
134.2988662445046	167.37474015373698	1.4132163312875397
134.13602946382477	165.9980578344831	1.4104447690420496
133.9567549814302	164.62932762827674	1.407788630049462
133.76124390703504	163.2692024527246	1.4055919373871635
133.5497120988417	161.9182986998782	1.4042217426160877
133.32238911641656	160.57719461432484	1.4040567519565248
133.07951714187095	159.24642901631526	1.4054749695408522
132.82134988022057	157.92650036495783	1.4088407789959336
132.54815144940488	156.61786615176925	1.4144923058606864
132.26019526990768	155.32094261067618	1.4227277970805667
131.95776296325596	154.03610472697838	1.4337938259306324
131.6411432679098	152.76368652482927	1.4478739181913498
131.31063098021812	151.50398161048975	1.4650783016650653
130.96652592722884	150.25724394694163	1.4854364640441262
130.60913197722795	149.02368883439024	1.5088905532844987
130.23875609296496	147.80349407069139	1.5352922884189504
129.85570743161873	146.596801265758	1.5644012745460583
129.46029649468403	145.403717284473	1.5958880920170273
129.05283433013096	144.22431579349072	1.629337104787342
128.6336317884152	143.0586388884875	1.6642553067244696
128.20299883320317	141.90669877984988	1.7000807466628194
127.76124390703505	140.76847951640775	1.7361955872389214
127.3086733515728	139.64393872856988	1.7719397253969418
126.84559088158062	138.53300937404575	1.8066265191579336
126.37229711135495	137.4356014711942	1.8395600589824994
125.88908913195978	136.35160380688492	1.8700525795510308
125.39626013732794	135.28088560756106	1.89744215237912
124.89409909705515	134.22329816391854	1.9211100975978024
124.38289047353632	133.17867640125502	1.940497412810721
123.86291398096766	132.14684038906586	1.9551200786106306
123.33444438365856	131.12759678487194	1.9645819769969977
122.7977513310572	130.120740208543	1.9685852822771135
122.25309922689087	129.12605454453248	1.966939307373798
121.70074712984675	128.14331417046245	1.9595649971880444
121.14094868327061	127.17228511139534	1.9464975965330864
120.57395207143298	126.21272611990892	1.9278849651234085
120.00000000000001	125.26438968275468	1.9039837863000162
119.41932969844845	124.32702295544235	1.8751522653161392
118.83217294227461	123.40036862655414	1.841840159688866
118.23875609296496	122.48416571396879	1.8045761416167112
117.63930015381712	121.57815029546921	1.7639537562213532
117.03402083982486	120.68205617643345	1.720615413943217
116.42312865996352	119.79561549746859	1.6752349787612322
115.8068290103348	118.91855928495542	1.628500918082919
115.18532227675053	118.05061794753063	1.5810980484586508
114.55880394545002	117.19152172155302	1.5336915279772345
113.92746472075895	116.34100106858591	1.4869101465735832
113.29149064860304	115.49878702788452	1.4413329863583664
112.65106324489344	114.66461152681141	1.3974767840355768
112.00635962789399	113.83820765201867	1.3557861016717472
111.35755265377455	113.01930988413625	1.3166261653992373
110.70481105463546	112.20765429859652	1.280277950800843
110.04829957836931	111.40297873510644	1.2469364978988053
109.38817912979906	110.60502293815665	1.21671203449547
108.7246069125981	109.81352867082943	1.1896327845249415
108.05773657156229	109.02823980404222	1.165651427261881
107.38771833485946	108.2489023832344	1.1446526798709682
106.71469915593623	107.47526467438213	1.1264629862201019
106.03882285480876	106.70707719110183	1.1108613290342588
105.36023025850909	105.94409270448648	1.097590603719686
104.67905934049797	105.18606623720254	1.086370255946336
103.99544535889142	104.43275504326738	1.0769079363072211
103.30952099338151	103.68391857482159	1.0689108741426068
102.62141648076056	102.93931843711185	1.0620966896938708
101.93125974898572	102.19871833280676	1.0562023808287913
101.23917654974393	101.4618839966795	1.050992186426171
100.54529058949956	100.72858312160906	1.0462637647494746
99.84972365902513	99.99858527677442	1.0418517038863908
99.15259576143428	99.27166181884544	1.0376297684301565
98.4540252387499	98.54758579690696	1.0335116015674684
97.75412889705464	97.82613185179234	1.0294484783971622
97.05302213028318	97.10707611044654	1.0254260763258118
96.35081904272556	96.39019607588716	1.021460262540252
95.64763257032062	95.67527051328666	1.0175907752163602
94.94357460082692	94.96207933265563	1.0138754663981708
94.23875609296496	94.25040346857071	1.0103821577780823
93.53328719463082	93.54002475735638	1.0071833048287202
92.82727736028713	92.83072581210186	1.0043478525831437
92.12083546764086	92.12228989586791	1.0019360401842918
91.41406993372146	91.41450079341756	0.9999940650168418
90.70708883047607	90.70714268178726	0.9985500105973151
90.0	0.0	1.1161611098545818
90.0	1.0	1.109745711340449
90.0	2.0	1.1040335240800099
90.0	3.0000000000000004	1.099145026359142
90.0	4.0	1.0952226016066076
90.0	5.0	1.0924280108775697
90.0	6.000000000000001	1.0909395845019392
90.0	7.0	1.0909480095568955
90.0	8.0	1.0926522577569926
90.0	9.0	1.0962538283332708
90.0	10.0	1.1019519738354489
90.0	11.0	1.1099368196703765
90.0	12.0	1.1203837473987293
90.0	13.0	1.1334460930207135
90.0	14.0	1.149249670690345
90.0	14.999999999999998	1.1678856114187355
90.0	16.0	1.189405588876284
90.0	17.000000000000004	1.2138157814366253
90.0	18.0	1.2410736425722297
90.0	19.0	1.2710834074917592
90.0	20.0	1.3036953910521554
90.0	21.0	1.3387040219124822
90.0	22.0	1.3758493871273343
90.0	23.0	1.414818776740247
90.0	24.000000000000004	1.4552506154760076
90.0	25.0	1.4967396581912142
90.0	26.0	1.5388428874127424
90.0	26.999999999999996	1.5810876575575379
90.0	28.0	1.6229804008227384
90.0	29.000000000000004	1.6640158947461254
90.0	29.999999999999996	1.7036877935248191
90.0	31.0	1.7414985976636443
90.0	32.0	1.7769707469641556
90.0	33.0	1.8096563093378375
90.0	34.00000000000001	1.839147090872053
90.0	35.0	1.865082780049833
90.0	36.0	1.8871585302993388
90.0	37.0	1.9051317000378258
90.0	38.0	1.9188257843639573
90.0	39.0	1.9281336446622048
90.0	40.0	1.93301821069076
90.0	41.0	1.9335117784936227
90.0	42.0	1.9297136233016952
90.0	43.0	1.9217855061701403
90.0	44.0	1.909945495604747
90.0	45.0	1.894461227517963
90.0	46.00000000000001	1.8756413397563583
90.0	47.0	1.8538262045401706
90.0	48.00000000000001	1.8293786609028557
90.0	49.00000000000001	1.8026737642075565
90.0	50.0	1.7740892377514845
90.0	51.0	1.7439969072933819
90.0	52.0	1.7127531526579052
90.0	53.0	1.6806925889444053
90.0	54.0	1.6481214669005473
90.0	55.0	1.6153130391420847
90.0	56.0	1.5825043305484565
90.0	57.00000000000001	1.549894874504547
90.0	58.00000000000001	1.5176461512303543
90.0	59.00000000000001	1.485883834462311
90.0	59.99999999999999	1.4547001785521898
90.0	61.0	1.4241579501594157
90.0	62.0	1.3942959045367882
90.0	63.0	1.365133840563455
90.0	64.0	1.3366796216240417
90.0	65.0	1.3089342306416272
90.0	66.0	1.2818985101217066
90.0	67.0	1.2555783576027495
90.0	68.0	1.2299900615243382
90.0	69.0	1.2051629691612378
90.0	70.0	1.1811432778981257
90.0	71.0	1.157995158570253
90.0	72.0	1.1358003342106968
90.0	73.0	1.1146575183800298
90.0	74.0	1.09467974723225
90.0	75.0	1.0759907286576345
90.0	76.0	1.0587202085025111
90.0	77.0	1.0429983538659569
90.0	78.0	1.0289506980668215
90.0	79.0	1.0166911197645996
90.0	80.0	1.0063167879264545
90.0	81.0	0.99790170261842
90.0	82.0	0.9914922016427566
90.0	83.0	0.9871028884280552
90.0	84.0	0.9847135428424201
90.0	85.0	0.9842678574352267
90.0	86.0	0.9856734374371193
90.0	87.0	0.9888023624303435
90.0	88.0	0.9934953988762231
90.0	89.0	0.9995653701371437
90.0	90.0	1.0068036156853517
90.0	91.0	1.014986309894172
90.0	92.0	1.0238826062577995
90.0	93.0	1.033262922028672
90.0	94.0	1.0429077845251755
90.0	95.0	1.0526162561865997
90.0	96.00000000000001	1.0622143596280953
90.0	97.0	1.0715626601901336
90.0	98.0	1.0805628655648898
90.0	99.0	1.0891624595764693
90.0	100.0	1.0973591955435502
90.0	101.0	1.1052020792024626
90.0	102.0	1.1127919303775178
90.0	103.0	1.120278855464522
90.0	104.0	1.1278584561560467
90.0	105.00000000000001	1.1357664935732885
90.0	106.0	1.1442706036286956
90.0	107.0	1.1536621528061766
90.0	108.0	1.1642454260072403
90.0	109.0	1.176326954814717
90.0	110.0	1.1902042840861506
90.0	111.0	1.2061537556241104
90.0	112.0	1.2244199768574973
90.0	113.0	1.2452044470173522
90.0	114.00000000000001	1.2686568512467336
90.0	115.0	1.2948657930402663
90.0	116.00000000000001	1.323853458376002
90.0	117.0	1.3555702798472808
90.0	118.00000000000001	1.389892549563826
90.0	119.0	1.4266224191517451
90.0	119.99999999999999	1.4654897251821029
90.0	121.0	1.5061557804456516
90.0	122.0	1.5482198331616324
90.0	123.00000000000001	1.5912272111975647
90.0	124.0	1.6346788704648645
90.0	125.00000000000001	1.678042347490287
90.0	126.0	1.7207635544928672
90.0	127.00000000000001	1.762280259471847
90.0	128.0	1.8020340217012005
90.0	129.0	1.8394836718175611
90.0	130.0	1.874117387732328
90.0	131.0	1.9054640684558557
90.0	132.0	1.9331034441634025
90.0	133.0	1.9566756245907473
90.0	134.0	1.9758874178254076
90.0	135.0	1.9905182278451081
90.0	136.0	2.0004232841221814
90.0	137.0	2.0055351862169775
90.0	138.0	2.005863622942694
90.0	139.0	2.0014925640137315
90.0	140.0	1.9925764687709564
90.0	141.0	1.9793352311487311
90.0	142.0	1.9620463162902864
90.0	143.0	1.9410373184158438
90.0	144.0	1.9166769740973277
90.0	145.0	1.8893663159506635
90.0	146.0	1.8595284221522441
90.0	147.0	1.8275992892960642
90.0	148.0	1.7940187052508474
90.0	149.0	1.7592209815995958
90.0	150.0	1.7236273710901298
90.0	151.0	1.6876390467559563
90.0	152.0	1.65163008103714
90.0	153.0	1.6159432332528232
90.0	154.0	1.5808854562385843
90.0	155.0	1.5467250879947845
90.0	156.0	1.5136903070931595
90.0	157.0	1.4819678689185765
90.0	158.0	1.4517040885921115
90.0	159.0	1.4230055430589628
90.0	160.0	1.3959407560994426
90.0	161.0	1.370543568350959
90.0	162.0	1.346815103154173
90.0	163.0	1.3247285407508067
90.0	164.0	1.3042315053825475
90.0	165.0	1.2852516819943536
90.0	166.0	1.2676994841685214
90.0	167.0	1.2514732495752439
90.0	168.0	1.2364630312473401
90.0	169.0	1.2225543888549855
90.0	170.0	1.2096327416507728
90.0	171.0	1.1975873001620259
90.0	172.0	1.1863138745424504
90.0	173.0	1.1757188062644477
90.0	174.0	1.1657221977235146
90.0	175.0	1.1562602993371476
90.0	176.0	1.1472878966437474
90.0	177.0	1.138781118654271
90.0	178.0	1.130738561192892
90.0	179.0	1.1231826910728278
90.0	180.0	1.1161611098545818
90.0	181.0	1.109745711340449
90.0	181.99999999999997	1.1040335240800099
90.0	182.99999999999997	1.099145026359142
90.0	183.99999999999997	1.0952226016066076
90.0	184.99999999999997	1.0924280108775697
90.0	185.99999999999997	1.0909395845019392
90.0	186.99999999999997	1.0909480095568955
90.0	188.0	1.0926522577569926
90.0	188.99999999999997	1.0962538283332708
90.0	190.0	1.1019519738354489
90.0	190.99999999999997	1.1099368196703765
90.0	192.0	1.1203837473987293
90.0	192.99999999999997	1.1334460930207135
90.0	193.99999999999997	1.149249670690345
90.0	194.99999999999997	1.1678856114187355
90.0	195.99999999999997	1.189405588876284
90.0	197.0	1.2138157814366253
90.0	197.99999999999997	1.2410736425722297
90.0	199.0	1.2710834074917592
90.0	199.99999999999997	1.3036953910521554
90.0	201.0	1.3387040219124822
90.0	201.99999999999997	1.3758493871273343
90.0	203.0	1.414818776740247
90.0	203.99999999999997	1.4552506154760076
90.0	204.99999999999997	1.4967396581912142
90.0	206.0	1.5388428874127424
90.0	206.99999999999997	1.5810876575575379
90.0	208.0	1.6229804008227384
90.0	208.99999999999997	1.6640158947461254
90.0	210.0	1.7036877935248191
90.0	210.99999999999997	1.7414985976636443
90.0	212.0	1.7769707469641556
90.0	212.99999999999997	1.8096563093378375
90.0	214.0	1.839147090872053
90.0	215.0	1.865082780049833
90.0	216.0	1.8871585302993388
90.0	217.0	1.9051317000378258
90.0	217.99999999999997	1.9188257843639573
90.0	219.00000000000003	1.9281336446622048
90.0	219.99999999999997	1.93301821069076
90.0	220.99999999999997	1.9335117784936227
90.0	221.99999999999997	1.9297136233016952
90.0	223.0	1.9217855061701403
90.0	224.0	1.909945495604747
90.0	224.99999999999997	1.894461227517963
90.0	226.0	1.8756413397563583
90.0	227.0	1.8538262045401706
90.0	228.0	1.8293786609028557
90.0	229.0	1.8026737642075565
90.0	230.0	1.7740892377514845
90.0	230.99999999999997	1.7439969072933819
90.0	232.00000000000003	1.7127531526579052
90.0	233.0	1.6806925889444053
90.0	233.99999999999997	1.6481214669005473
90.0	234.99999999999994	1.6153130391420847
90.0	236.0	1.5825043305484565
90.0	237.0	1.549894874504547
90.0	238.0	1.5176461512303543
90.0	239.0	1.485883834462311
90.0	239.99999999999994	1.4547001785521898
90.0	241.0	1.4241579501594157
90.0	242.0	1.3942959045367882
90.0	242.99999999999997	1.365133840563455
90.0	243.99999999999994	1.3366796216240417
90.0	245.0	1.3089342306416272
90.0	246.0	1.2818985101217066
90.0	247.0	1.2555783576027495
90.0	248.0	1.2299900615243382
90.0	248.99999999999997	1.2051629691612378
90.0	250.0	1.1811432778981257
90.0	251.0	1.157995158570253
90.0	252.0	1.1358003342106968
90.0	252.99999999999997	1.1146575183800298
90.0	254.0	1.09467974723225
90.0	255.0	1.0759907286576345
90.0	256.0	1.0587202085025111
90.0	257.0	1.0429983538659569
90.0	258.0	1.0289506980668215
90.0	259.0	1.0166911197645996
90.0	260.0	1.0063167879264545
90.0	261.0	0.99790170261842
90.0	262.0	0.9914922016427566
90.0	263.0	0.9871028884280552
90.0	264.0	0.9847135428424201
90.0	265.0	0.9842678574352267
90.0	266.0	0.9856734374371193
90.0	267.0	0.9888023624303435
90.0	268.0	0.9934953988762231
90.0	269.0	0.9995653701371437
90.0	270.0	1.0068036156853517
90.0	271.0	1.014986309894172
90.0	272.0	1.0238826062577995
90.0	273.0	1.033262922028672
90.0	274.0	1.0429077845251755
90.0	275.0	1.0526162561865997
90.0	276.0	1.0622143596280953
90.0	277.0	1.0715626601901336
90.0	278.0	1.0805628655648898
90.0	279.0	1.0891624595764693
90.0	280.0	1.0973591955435502
90.0	281.0	1.1052020792024626
90.0	282.0	1.1127919303775178
90.0	283.0	1.120278855464522
90.0	284.0	1.1278584561560467
90.0	285.0	1.1357664935732885
90.0	286.0	1.1442706036286956
90.0	287.0	1.1536621528061766
90.0	288.0	1.1642454260072403
90.0	289.0	1.176326954814717
90.0	290.0	1.1902042840861506
90.0	291.0	1.2061537556241104
90.0	292.0	1.2244199768574973
90.0	293.0	1.2452044470173522
90.0	294.0	1.2686568512467336
90.0	295.0	1.2948657930402663
90.0	296.0	1.323853458376002
90.0	297.0	1.3555702798472808
90.0	298.0	1.389892549563826
90.0	299.0	1.4266224191517451
90.0	300.0	1.4654897251821029
90.0	301.0	1.5061557804456516
90.0	302.0	1.5482198331616324
90.0	303.0	1.5912272111975647
90.0	304.0	1.6346788704648645
90.0	305.0	1.678042347490287
90.0	306.0	1.7207635544928672
90.0	307.0	1.762280259471847
90.0	308.0	1.8020340217012005
90.0	309.0	1.8394836718175611
90.0	310.0	1.874117387732328
90.0	311.0	1.9054640684558557
90.0	311.99999999999994	1.9331034441634025
90.0	313.0	1.9566756245907473
90.0	314.0	1.9758874178254076
90.0	315.0	1.9905182278451081
90.0	316.0	2.0004232841221814
90.0	317.0	2.0055351862169775
90.0	318.0	2.005863622942694
90.0	319.0	2.0014925640137315
90.0	320.0	1.9925764687709564
90.0	321.0	1.9793352311487311
90.0	322.0	1.9620463162902864
90.0	323.0	1.9410373184158438
90.0	324.0	1.9166769740973277
90.0	325.0	1.8893663159506635
90.0	326.0	1.8595284221522441
90.0	327.0	1.8275992892960642
90.0	328.0	1.7940187052508474
90.0	329.0	1.7592209815995958
90.0	330.0	1.7236273710901298
90.0	331.0	1.6876390467559563
90.0	332.0	1.65163008103714
90.0	333.0	1.6159432332528232
90.0	334.0	1.5808854562385843
90.0	335.0	1.5467250879947845
90.0	336.0	1.5136903070931595
90.0	337.0	1.4819678689185765
90.0	338.0	1.4517040885921115
90.0	338.99999999999994	1.4230055430589628
90.0	340.0	1.3959407560994426
90.0	341.0	1.370543568350959
90.0	342.0	1.346815103154173
90.0	343.0	1.3247285407508067
90.0	344.0	1.3042315053825475
90.0	345.0	1.2852516819943536
90.0	346.0	1.2676994841685214
90.0	347.0	1.2514732495752439
90.0	347.99999999999994	1.2364630312473401
90.0	349.0	1.2225543888549855
90.0	350.0	1.2096327416507728
90.0	351.0	1.1975873001620259
90.0	352.0	1.1863138745424504
90.0	353.0	1.1757188062644477
90.0	354.0	1.1657221977235146
90.0	355.0	1.1562602993371476
90.0	356.0	1.1472878966437474
90.0	356.99999999999994	1.138781118654271
90.0	358.0	1.130738561192892
90.0	359.0	1.1231826910728278
90.0	0.0	1.2202522425881492
89.0	0.0	1.2182049542337443
88.0	0.0	1.215666063922633
87.00000000000001	0.0	1.2125445810612872
86.0	0.0	1.2086757958253085
85.0	0.0	1.203831670060544
84.0	0.0	1.1977364236347543
83.0	0.0	1.1900836653826914
82.0	0.0	1.1805574557434906
81.0	0.0	1.1688539310683908
80.0	0.0	1.154703770433953
79.0	0.0	1.1378935391146143
78.00000000000001	0.0	1.1182864703849162
77.0	0.0	1.0958387539590855
76.0	0.0	1.0706148415075385
75.0	0.0	1.042795871711838
74.0	0.0	1.0126857082207446
73.0	0.0	0.980710377979887
72.0	0.0	0.9474124545284572
71.0	0.0	0.9134413691860112
70.0	0.0	0.8795367013601382
69.00000000000001	0.0	0.8465097838431392
68.0	0.0	0.8152191297350716
67.0	0.0	0.7865444551909662
66.0	0.0	0.7613583150691404
65.0	0.0	0.7404970364915998
64.0	0.0	0.7247316524044372
63.0	0.0	0.7147403797316432
62.0	0.0	0.7110836250454006
61.0	0.0	0.7141817985880338
60.00000000000001	0.0	0.7242973408214348
59.00000000000001	0.0	0.7415230677677066
58.00000000000001	0.0	0.7657734651190415
57.00000000000001	0.0	0.7967834244794784
55.99999999999999	0.0	0.8341124558923799
55.00000000000001	0.0	0.877154236236051
54.0	0.0	0.925150931817163
53.00000000000001	0.0	0.9772138397553986
52.0	0.0	1.0323466973021636
51.00000000000001	0.0	1.0894729228516127
50.00000000000001	0.0	1.1474646823802492
49.00000000000001	0.0	1.2051739217326811
48.0	0.0	1.2614635393249598
47.0	0.0	1.3152365930017618
46.00000000000001	0.0	1.365465506893572
45.0	0.0	1.4112176274167165
44.0	0.0	1.4516769879986684
43.0	0.0	1.486162984616533
42.0	0.0	1.514143575049814
41.0	0.0	1.5352442656056988
40.00000000000001	0.0	1.5492513407234607
39.0	0.0	1.556111160886544
37.99999999999999	0.0	1.5559241246665119
37.0	0.0	1.5489346990746828
36.0	0.0	1.535516956551121
35.0	0.0	1.5161591290305498
34.0	0.0	1.4914429665577087
33.0	0.0	1.4620237979906228
31.99999999999999	0.0	1.428609468363212
31.0	0.0	1.391937731654492
30.000000000000004	0.0	1.352757153997339
29.00000000000001	0.0	1.311806612711429
28.000000000000007	0.0	1.2697991482812387
27.00000000000001	0.0	1.2274062375867931
25.999999999999996	0.0	1.185246279661892
25.000000000000004	0.0	1.1438754685512404
24.000000000000004	0.0	1.1037811936840658
22.999999999999993	0.0	1.065378810269719
21.999999999999996	0.0	1.0290110776273425
21.0	0.0	0.9949492825265325
20.00000000000001	0.0	0.9633974517148165
19.000000000000014	0.0	0.934497126115462
18.00000000000001	0.0	0.9083339604538592
17.000000000000007	0.0	0.8849439016311552
15.999999999999995	0.0	0.8643214733616286
14.999999999999996	0.0	0.8464255332935752
14.0	0.0	0.8311864343060225
12.999999999999996	0.0	0.8185117816296151
12.000000000000018	0.0	0.8082902241213461
10.999999999999993	0.0	0.8003960880447825
10.000000000000012	0.0	0.7946917641689696
8.999999999999984	0.0	0.791028971526675
7.999999999999981	0.0	0.7892501615902139
7.000000000000025	0.0	0.7891887991066147
6.000000000000026	0.0	0.7906693620976193
4.999999999999992	0.0	0.7935073418596825
4.000000000000042	0.0	0.7975100854694679
3.0000000000000444	0.0	0.8024772170365957
1.9999999999999472	0.0	0.8082026035497996
0.9999999999999002	0.0	0.8144770228109955
0.0	0.0	0.8210919547100125
0.9999999999999002	180.0	0.8278443554224014
1.9999999999999472	180.0	0.8345421336951564
3.0000000000000444	180.0	0.8410114525610104
4.000000000000042	180.0	0.847103188547235
4.999999999999992	180.0	0.8527009354778494
6.000000000000026	180.0	0.8577280253527504
6.9999999999999725	180.0	0.8621548300620079
7.999999999999981	180.0	0.8660038164188388
8.999999999999984	180.0	0.8693546011925816
10.000000000000012	180.0	0.8723463382075989
10.999999999999993	180.0	0.875177577925697
11.999999999999988	180.0	0.8781052845230458
12.999999999999996	180.0	0.8814386575165454
14.0	180.0	0.8855328129726076
14.999999999999996	180.0	0.8907776905181315
15.999999999999995	180.0	0.8975855561756501
16.99999999999999	180.0	0.9063762585171573
17.999999999999986	180.0	0.9175599573014471
18.999999999999996	180.0	0.9315195712762878
19.999999999999993	180.0	0.9485921026399358
21.0	180.0	0.9690498210850649
21.999999999999996	180.0	0.9930834136888552
23.00000000000001	180.0	1.0207851348030792
24.000000000000004	180.0	1.0521361684716677
24.99999999999999	180.0	1.086995675859266
26.000000000000007	180.0	1.1250940552072695
26.999999999999996	180.0	1.166031256822832
28.000000000000007	180.0	1.2092779064195258
28.999999999999996	180.0	1.2541824664140568
29.999999999999993	180.0	1.2999834522559484
31.0	180.0	1.345825159196796
31.99999999999999	180.0	1.3907781632573262
33.0	180.0	1.4338640347219356
34.0	180.0	1.4740820174793867
35.000000000000014	180.0	1.5104386571327373
36.0	180.0	1.541978692867514
37.000000000000014	180.0	1.5678153876495566
37.99999999999999	180.0	1.5871605775876931
38.99999999999999	180.0	1.5993524746150989
40.00000000000001	180.0	1.603880099148668
40.999999999999986	180.0	1.6004044831439879
42.0	180.0	1.5887743968645913
43.0	180.0	1.5690360376951562
44.00000000000001	180.0	1.5414385064272265
45.0	180.0	1.5064302968196475
46.000000000000014	180.0	1.464652134301854
47.0	180.0	1.4169212492046164
47.999999999999986	180.0	1.364211718298477
49.00000000000001	180.0	1.30762806628822
49.99999999999999	180.0	1.2483753568677758
51.00000000000001	180.0	1.1877260541707257
51.99999999999999	180.0	1.126983373781242
53.000000000000014	180.0	1.067445335832941
53.99999999999999	180.0	1.0103668522615783
55.000000000000014	180.0	0.956925464914893
55.99999999999999	180.0	0.9081873644976179
56.999999999999986	180.0	0.8650797283077044
58.00000000000001	180.0	0.8283653046538721
58.99999999999999	180.0	0.7986235968995387
60.00000000000001	180.0	0.7762392088034634
61.0	180.0	0.7613945428054529
62.000000000000014	180.0	0.7540705021142722
63.0	180.0	0.7540540732571072
64.00000000000001	180.0	0.760950401991668
65.0	180.0	0.7742027326029192
65.99999999999999	180.0	0.7931147342987142
67.0	180.0	0.8168791463966476
68.0	180.0	0.8446072660164016
69.00000000000001	180.0	0.8753609632885814
70.0	180.0	0.9081852582338787
71.00000000000001	180.0	0.9421397743015772
72.0	180.0	0.9763279452267332
73.00000000000001	180.0	1.009924256041202
74.0	180.0	1.0421960077989423
74.99999999999999	180.0	1.0725219931145022
76.0	180.0	1.1004048529102888
77.0	180.0	1.125478378130864
78.00000000000001	180.0	1.1475087735011877
79.0	180.0	1.1663910066694703
80.00000000000001	180.0	1.1821396810643026
81.0	180.0	1.1948747133012305
82.00000000000001	180.0	1.204804483072843
83.0	180.0	1.2122053321817094
83.99999999999999	180.0	1.2173988168919994
85.0	180.0	1.2207286794459336
86.0	180.0	1.2225376791626552
87.00000000000001	180.0	1.2231465298008377
88.0	180.0	1.2228333985916249
89.00000000000001	180.0	1.221818741139709
90.0	180.0	1.2202522425881492
91.00000000000001	180.0	1.2182049542337443
92.0	180.0	1.215666063922633
92.99999999999999	180.0	1.2125445810612872
94.0	180.0	1.2086757958253085
95.0	180.0	1.203831670060544
96.00000000000001	180.0	1.1977364236347543
97.0	180.0	1.1900836653826914
98.00000000000001	180.0	1.1805574557434906
99.0	180.0	1.1688539310683908
100.00000000000001	180.0	1.154703770433953
101.0	180.0	1.1378935391146143
102.00000000000001	180.0	1.1182864703849162
103.0	180.0	1.0958387539590855
104.0	180.0	1.0706148415075385
105.00000000000001	180.0	1.042795871711838
106.0	180.0	1.0126857082207446
107.00000000000001	180.0	0.980710377979887
108.0	180.0	0.9474124545284572
109.00000000000001	180.0	0.9134413691860112
110.0	180.0	0.8795367013601382
111.00000000000001	180.0	0.8465097838431392
112.0	180.0	0.8152191297350716
113.0	180.0	0.7865444551909662
114.00000000000001	180.0	0.7613583150691404
115.0	180.0	0.7404970364915998
116.00000000000001	180.0	0.7247316524044372
117.0	180.0	0.7147403797316432
118.00000000000001	180.0	0.7110836250454006
119.0	180.0	0.7141817985880338
120.00000000000001	180.0	0.7242973408214348
121.0	180.0	0.7415230677677066
122.0	180.0	0.7657734651190415
123.00000000000001	180.0	0.7967834244794784
124.0	180.0	0.8341124558923799
125.00000000000001	180.0	0.877154236236051
126.0	180.0	0.925150931817163
127.00000000000001	180.0	0.9772138397553986
128.0	180.0	1.0323466973021636
129.00000000000003	180.0	1.0894729228516127
130.0	180.0	1.1474646823802492
131.0	180.0	1.2051739217326811
132.0	180.0	1.2614635393249598
133.0	180.0	1.3152365930017618
134.0	180.0	1.365465506893572
135.0	180.0	1.4112176274167165
136.0	180.0	1.4516769879986684
137.0	180.0	1.486162984616533
138.00000000000003	180.0	1.514143575049814
139.0	180.0	1.5352442656056988
140.0	180.0	1.5492513407234607
140.99999999999997	180.0	1.556111160886544
142.00000000000003	180.0	1.5559241246665119
143.0	180.0	1.5489346990746828
144.0	180.0	1.535516956551121
145.0	180.0	1.5161591290305498
146.00000000000003	180.0	1.4914429665577087
147.00000000000003	180.0	1.4620237979906228
148.0	180.0	1.428609468363212
149.0	180.0	1.391937731654492
149.99999999999997	180.0	1.352757153997339
151.00000000000003	180.0	1.311806612711429
152.0	180.0	1.2697991482812387
153.0	180.0	1.2274062375867931
154.0	180.0	1.185246279661892
155.00000000000003	180.0	1.1438754685512404
156.00000000000003	180.0	1.1037811936840658
157.0	180.0	1.065378810269719
158.0	180.0	1.0290110776273425
158.99999999999997	180.0	0.9949492825265325
160.00000000000003	180.0	0.9633974517148165
161.0	180.0	0.934497126115462
162.0	180.0	0.9083339604538592
163.0	180.0	0.8849439016311552
164.00000000000003	180.0	0.8643214733616286
165.00000000000003	180.0	0.8464255332935752
166.0	180.0	0.8311864343060225
167.0	180.0	0.8185117816296151
167.99999999999997	180.0	0.8082902241213461
169.00000000000003	180.0	0.8003960880447825
169.99999999999997	180.0	0.7946917641689696
170.99999999999997	180.0	0.791028971526675
172.0	180.0	0.7892501615902139
173.00000000000003	180.0	0.7891887991066147
174.00000000000003	180.0	0.7906693620976193
175.0	180.0	0.7935073418596825
175.99999999999997	180.0	0.7975100854694679
176.99999999999994	180.0	0.8024772170365957
178.00000000000006	180.0	0.8082026035497996
179.0000000000001	180.0	0.8144770228109955
180.0	180.0	0.8210919547100125
179.0000000000001	0.0	0.8278443554224014
178.00000000000006	0.0	0.8345421336951564
176.99999999999994	0.0	0.8410114525610104
176.00000000000006	0.0	0.847103188547235
175.0	0.0	0.8527009354778494
174.00000000000003	0.0	0.8577280253527504
172.99999999999997	0.0	0.8621548300620079
172.0	0.0	0.8660038164188388
171.00000000000003	0.0	0.8693546011925816
170.00000000000003	0.0	0.8723463382075989
168.99999999999997	0.0	0.875177577925697
167.99999999999997	0.0	0.8781052845230458
167.00000000000003	0.0	0.8814386575165454
166.00000000000003	0.0	0.8855328129726076
165.00000000000003	0.0	0.8907776905181315
163.99999999999997	0.0	0.8975855561756501
163.0	0.0	0.9063762585171573
162.00000000000003	0.0	0.9175599573014471
161.00000000000003	0.0	0.9315195712762878
160.0	0.0	0.9485921026399358
159.0	0.0	0.9690498210850649
158.00000000000003	0.0	0.9930834136888552
157.00000000000003	0.0	1.0207851348030792
156.00000000000003	0.0	1.0521361684716677
154.99999999999997	0.0	1.086995675859266
154.0	0.0	1.1250940552072695
153.00000000000003	0.0	1.166031256822832
152.0	0.0	1.2092779064195258
150.99999999999997	0.0	1.2541824664140568
150.0	0.0	1.2999834522559484
149.0	0.0	1.345825159196796
148.0	0.0	1.3907781632573262
147.00000000000003	0.0	1.4338640347219356
146.0	0.0	1.4740820174793867
145.0	0.0	1.5104386571327373
144.00000000000003	0.0	1.541978692867514
143.0	0.0	1.5678153876495566
142.0	0.0	1.5871605775876931
140.99999999999997	0.0	1.5993524746150989
140.00000000000003	0.0	1.603880099148668
139.00000000000003	0.0	1.6004044831439879
138.00000000000003	0.0	1.5887743968645913
137.0	0.0	1.5690360376951562
136.0	0.0	1.5414385064272265
135.00000000000003	0.0	1.5064302968196475
134.00000000000003	0.0	1.464652134301854
132.99999999999997	0.0	1.4169212492046164
131.99999999999997	0.0	1.364211718298477
131.00000000000003	0.0	1.30762806628822
130.00000000000003	0.0	1.2483753568677758
129.00000000000003	0.0	1.1877260541707257
128.0	0.0	1.126983373781242
126.99999999999999	0.0	1.067445335832941
126.00000000000003	0.0	1.0103668522615783
125.00000000000004	0.0	0.956925464914893
123.99999999999997	0.0	0.9081873644976179
122.99999999999999	0.0	0.8650797283077044
122.0	0.0	0.8283653046538721
121.0	0.0	0.7986235968995387
120.00000000000001	0.0	0.7762392088034634
119.0	0.0	0.7613945428054529
118.00000000000001	0.0	0.7540705021142722
117.00000000000003	0.0	0.7540540732571072
116.00000000000004	0.0	0.760950401991668
115.0	0.0	0.7742027326029192
114.00000000000001	0.0	0.7931147342987142
113.00000000000001	0.0	0.8168791463966476
112.00000000000003	0.0	0.8446072660164016
111.00000000000004	0.0	0.8753609632885814
110.0	0.0	0.9081852582338787
109.00000000000001	0.0	0.9421397743015772
108.00000000000003	0.0	0.9763279452267332
107.00000000000004	0.0	1.009924256041202
106.0	0.0	1.0421960077989423
105.0	0.0	1.0725219931145022
104.00000000000001	0.0	1.1004048529102888
103.00000000000001	0.0	1.125478378130864
102.00000000000003	0.0	1.1475087735011877
100.99999999999999	0.0	1.1663910066694703
100.0	0.0	1.1821396810643026
99.00000000000001	0.0	1.1948747133012305
98.00000000000003	0.0	1.204804483072843
96.99999999999999	0.0	1.2122053321817094
96.0	0.0	1.2173988168919994
95.0	0.0	1.2207286794459336
94.00000000000001	0.0	1.2225376791626552
93.00000000000003	0.0	1.2231465298008377
91.99999999999999	0.0	1.2228333985916249
91.0	0.0	1.221818741139709
90.0	90.0	0.9749399174226664
89.0	90.0	0.9737639201683357
88.0	90.0	0.972701801573499
87.00000000000001	90.0	0.971787121440399
86.0	90.0	0.9710617242086532
85.0	90.0	0.9705770027134949
84.0	90.0	0.9703931960978628
83.0	90.0	0.9705803727354775
82.0	90.0	0.9712184302308421
81.0	90.0	0.9723972358368251
80.0	90.0	0.9742162052019117
79.0	90.0	0.9767836002822918
78.00000000000001	90.0	0.9802151251660333
77.0	90.0	0.9846325218972561
76.0	90.0	0.9901607621244802
75.0	90.0	0.9969259408368865
74.0	90.0	1.0050509234192555
73.0	90.0	1.014652116047568
72.0	90.0	1.0258348319087798
71.0	90.0	1.0386892190909238
70.0	90.0	1.0532856268028858
69.00000000000001	90.0	1.0696699715941782
68.0	90.0	1.0878593844098794
67.0	90.0	1.1078385597334852
66.0	90.0	1.129556947235257
65.0	90.0	1.152925522167822
64.0	90.0	1.1778158024430956
63.0	90.0	1.2040588657092017
62.0	90.0	1.231446332273552
61.0	90.0	1.2597314884435067
60.00000000000001	90.0	1.2886325161307741
59.00000000000001	90.0	1.3178362841261415
58.00000000000001	90.0	1.3470029818797007
57.00000000000001	90.0	1.3757725787096484
55.99999999999999	90.0	1.4037705809231724
55.00000000000001	90.0	1.4306163164538261
54.0	90.0	1.4559296749054935
53.00000000000001	90.0	1.4793392517721797
52.0	90.0	1.5004902118226382
51.00000000000001	90.0	1.5190514503970818
50.00000000000001	90.0	1.5347228951214806
49.00000000000001	90.0	1.5472419651163594
48.0	90.0	1.5563886260297748
47.0	90.0	1.5619900238175368
46.00000000000001	90.0	1.5639238547651957
45.0	90.0	1.562120612169361
44.0	90.0	1.5565640075904505
43.0	90.0	1.5472915325230197
42.0	90.0	1.534391790461694
41.0	90.0	1.5180028118901754
40.00000000000001	90.0	1.498308403424096
39.0	90.0	1.4755328119428788
37.99999999999999	90.0	1.4499367928974238
37.0	90.0	1.4218108702661454
36.0	90.0	1.391470421939577
35.0	90.0	1.3592485184236622
34.0	90.0	1.3254904465540305
33.0	90.0	1.2905478119575289
31.99999999999999	90.0	1.2547726415137526
31.0	90.0	1.2185126091572354
30.000000000000004	90.0	1.182105840426894
29.00000000000001	90.0	1.1458774020264635
28.000000000000007	90.0	1.1101356509673477
27.00000000000001	90.0	1.0751697070521333
25.999999999999996	90.0	1.0412463636877736
25.000000000000004	90.0	1.0086096666328386
24.000000000000004	90.0	0.9774786673161947
22.999999999999993	90.0	0.9480467207490916
21.999999999999996	90.0	0.920481906777909
21.0	90.0	0.8949256259083321
20.00000000000001	90.0	0.8714930205580984
19.000000000000014	90.0	0.8502731154745802
18.00000000000001	90.0	0.8313283964820379
17.000000000000007	90.0	0.8146953721519489
15.999999999999995	90.0	0.8003844333854262
14.999999999999996	90.0	0.7883798534132177
14.0	90.0	0.7786396473781243
12.999999999999996	90.0	0.7710964148404947
12.000000000000018	90.0	0.7656571993606432
10.999999999999993	90.0	0.762204471421928
10.000000000000012	90.0	0.7605966901010818
8.999999999999984	90.0	0.7606699880792026
7.999999999999981	90.0	0.7622397162351624
7.000000000000025	90.0	0.7651033924148426
6.000000000000026	90.0	0.7690432289476201
4.999999999999992	90.0	0.7738300643386811
4.000000000000042	90.0	0.7792278566316636
3.0000000000000444	90.0	0.7849983171888842
1.9999999999999472	90.0	0.7909066678122245
0.9999999999999002	90.0	0.7967269766112705
0.0	90.0	0.8022494597176076
0.9999999999999002	270.0	0.8072856767353782
1.9999999999999472	270.0	0.8116754112028274
3.0000000000000444	270.0	0.8152924277131923
4.000000000000042	270.0	0.818050229035587
4.999999999999992	270.0	0.8199064090600645
6.000000000000026	270.0	0.8208665844899288
6.9999999999999725	270.0	0.820987203193388
7.999999999999981	270.0	0.8203766675442141
8.999999999999984	270.0	0.8191949131689965
10.000000000000012	270.0	0.8176521451888972
10.999999999999993	270.0	0.816005046944921
11.999999999999988	270.0	0.8145517249649422
12.999999999999996	270.0	0.8136248285021558
14.0	270.0	0.8135838265680345
14.999999999999996	270.0	0.814805599954295
15.999999999999995	270.0	0.8176732078262882
16.99999999999999	270.0	0.8225652159867216
17.999999999999986	270.0	0.8298437613811376
18.999999999999996	270.0	0.8398427570209751
19.999999999999993	270.0	0.8528555352362993
21.0	270.0	0.8691247376098543
21.999999999999996	270.0	0.8888313624056206
23.00000000000001	270.0	0.9120867607666048
24.000000000000004	270.0	0.93892449249505
24.99999999999999	270.0	0.9692963943601223
26.000000000000007	270.0	1.0030685079880146
26.999999999999996	270.0	1.0400209394443654
28.000000000000007	270.0	1.079848842157335
28.999999999999996	270.0	1.122167612368164
29.999999999999993	270.0	1.1665182249993118
31.0	270.0	1.2123762203797417
31.99999999999999	270.0	1.2591625163987843
33.0	270.0	1.3062557652534053
34.0	270.0	1.3530054122833877
35.000000000000014	270.0	1.3987472823230018
36.0	270.0	1.4428180427120145
37.000000000000014	270.0	1.4845713513176866
37.99999999999999	270.0	1.5233924599633666
38.99999999999999	270.0	1.5587123966043324
40.00000000000001	270.0	1.5900217262508864
40.999999999999986	270.0	1.6168816439573837
42.0	270.0	1.6389343657233415
43.0	270.0	1.6559095877022432
44.00000000000001	270.0	1.6676309454103337
45.0	270.0	1.6740181199903628
46.000000000000014	270.0	1.6750873998819127
47.0	270.0	1.6709490128873292
47.999999999999986	270.0	1.6618033348969925
49.00000000000001	270.0	1.6479333073398548
49.99999999999999	270.0	1.6296961525460671
51.00000000000001	270.0	1.6075125615931196
51.99999999999999	270.0	1.5818557417343964
53.000000000000014	270.0	1.5532382171464116
53.99999999999999	270.0	1.5221989105112101
55.000000000000014	270.0	1.4892896629284356
55.99999999999999	270.0	1.4550627367504803
56.999999999999986	270.0	1.4200580375824665
58.00000000000001	270.0	1.3847918808756392
58.99999999999999	270.0	1.3497471626965827
60.00000000000001	270.0	1.3153639517491862
61.0	270.0	1.2820334514185916
62.000000000000014	270.0	1.2500922426503074
63.0	270.0	1.2198190543458076
64.00000000000001	270.0	1.1914334996042892
65.0	270.0	1.1650957948875063
65.99999999999999	270.0	1.1409092875362574
67.0	270.0	1.1189228428692894
68.0	270.0	1.099136039633855
69.00000000000001	270.0	1.0815043654562675
70.0	270.0	1.0659455356331193
71.00000000000001	270.0	1.052345952340082
72.0	270.0	1.0405677255110355
73.00000000000001	270.0	1.0304554128820345
74.0	270.0	1.0218424792001073
74.99999999999999	270.0	1.0145574745968915
76.0	270.0	1.0084295108743542
77.0	270.0	1.0032924740322722
78.00000000000001	270.0	0.998989798466039
79.0	270.0	0.9953765732304046
80.00000000000001	270.0	0.9923222099735446
81.0	270.0	0.9897118471128867
82.00000000000001	270.0	0.9874464902526936
83.0	270.0	0.9854438546895574
83.99999999999999	270.0	0.9836373824893228
85.0	270.0	0.9819755403991729
86.0	270.0	0.9804205560893868
87.00000000000001	270.0	0.9789474352302603
88.0	270.0	0.9775432594041937
89.00000000000001	270.0	0.9762050798419524
90.0	270.0	0.9749399174226664
91.00000000000001	270.0	0.9737639201683357
92.0	270.0	0.972701801573499
92.99999999999999	270.0	0.971787121440399
94.0	270.0	0.9710617242086532
95.0	270.0	0.9705770027134949
96.00000000000001	270.0	0.9703931960978628
97.0	270.0	0.9705803727354775
98.00000000000001	270.0	0.9712184302308421
99.0	270.0	0.9723972358368251
100.00000000000001	270.0	0.9742162052019117
101.0	270.0	0.9767836002822918
102.00000000000001	270.0	0.9802151251660333
103.0	270.0	0.9846325218972561
104.0	270.0	0.9901607621244802
105.00000000000001	270.0	0.9969259408368865
106.0	270.0	1.0050509234192555
107.00000000000001	270.0	1.014652116047568
108.0	270.0	1.0258348319087798
109.00000000000001	270.0	1.0386892190909238
110.0	270.0	1.0532856268028858
111.00000000000001	270.0	1.0696699715941782
112.0	270.0	1.0878593844098794
113.0	270.0	1.1078385597334852
114.00000000000001	270.0	1.129556947235257
115.0	270.0	1.152925522167822
116.00000000000001	270.0	1.1778158024430956
117.0	270.0	1.2040588657092017
118.00000000000001	270.0	1.231446332273552
119.0	270.0	1.2597314884435067
120.00000000000001	270.0	1.2886325161307741
121.0	270.0	1.3178362841261415
122.0	270.0	1.3470029818797007
123.00000000000001	270.0	1.3757725787096484
124.0	270.0	1.4037705809231724
125.00000000000001	270.0	1.4306163164538261
126.0	270.0	1.4559296749054935
127.00000000000001	270.0	1.4793392517721797
128.0	270.0	1.5004902118226382
129.00000000000003	270.0	1.5190514503970818
130.0	270.0	1.5347228951214806
131.0	270.0	1.5472419651163594
132.0	270.0	1.5563886260297748
133.0	270.0	1.5619900238175368
134.0	270.0	1.5639238547651957
135.0	270.0	1.562120612169361
136.0	270.0	1.5565640075904505
137.0	270.0	1.5472915325230197
138.00000000000003	270.0	1.534391790461694
139.0	270.0	1.5180028118901754
140.0	270.0	1.498308403424096
140.99999999999997	270.0	1.4755328119428788
142.00000000000003	270.0	1.4499367928974238
143.0	270.0	1.4218108702661454
144.0	270.0	1.391470421939577
145.0	270.0	1.3592485184236622
146.00000000000003	270.0	1.3254904465540305
147.00000000000003	270.0	1.2905478119575289
148.0	270.0	1.2547726415137526
149.0	270.0	1.2185126091572354
149.99999999999997	270.0	1.182105840426894
151.00000000000003	270.0	1.1458774020264635
152.0	270.0	1.1101356509673477
153.0	270.0	1.0751697070521333
154.0	270.0	1.0412463636877736
155.00000000000003	270.0	1.0086096666328386
156.00000000000003	270.0	0.9774786673161947
157.0	270.0	0.9480467207490916
158.0	270.0	0.920481906777909
158.99999999999997	270.0	0.8949256259083321
160.00000000000003	270.0	0.8714930205580984
161.0	270.0	0.8502731154745802
162.0	270.0	0.8313283964820379
163.0	270.0	0.8146953721519489
164.00000000000003	270.0	0.8003844333854262
165.00000000000003	270.0	0.7883798534132177
166.0	270.0	0.7786396473781243
167.0	270.0	0.7710964148404947
167.99999999999997	270.0	0.7656571993606432
169.00000000000003	270.0	0.762204471421928
169.99999999999997	270.0	0.7605966901010818
170.99999999999997	270.0	0.7606699880792026
172.0	270.0	0.7622397162351624
173.00000000000003	270.0	0.7651033924148426
174.00000000000003	270.0	0.7690432289476201
175.0	270.0	0.7738300643386811
175.99999999999997	270.0	0.7792278566316636
176.99999999999994	270.0	0.7849983171888842
178.00000000000006	270.0	0.7909066678122245
179.0000000000001	270.0	0.7967269766112705
180.0	270.0	0.8022494597176076
179.0000000000001	90.0	0.8072856767353782
178.00000000000006	90.0	0.8116754112028274
176.99999999999994	90.0	0.8152924277131923
176.00000000000006	90.0	0.818050229035587
175.0	90.0	0.8199064090600645
174.00000000000003	90.0	0.8208665844899288
172.99999999999997	90.0	0.820987203193388
172.0	90.0	0.8203766675442141
171.00000000000003	90.0	0.8191949131689965
170.00000000000003	90.0	0.8176521451888972
168.99999999999997	90.0	0.816005046944921
167.99999999999997	90.0	0.8145517249649422
167.00000000000003	90.0	0.8136248285021558
166.00000000000003	90.0	0.8135838265680345
165.00000000000003	90.0	0.814805599954295
163.99999999999997	90.0	0.8176732078262882
163.0	90.0	0.8225652159867216
162.00000000000003	90.0	0.8298437613811376
161.00000000000003	90.0	0.8398427570209751
160.0	90.0	0.8528555352362993
159.0	90.0	0.8691247376098543
158.00000000000003	90.0	0.8888313624056206
157.00000000000003	90.0	0.9120867607666048
156.00000000000003	90.0	0.93892449249505
154.99999999999997	90.0	0.9692963943601223
154.0	90.0	1.0030685079880146
153.00000000000003	90.0	1.0400209394443654
152.0	90.0	1.079848842157335
150.99999999999997	90.0	1.122167612368164
150.0	90.0	1.1665182249993118
149.0	90.0	1.2123762203797417
148.0	90.0	1.2591625163987843
147.00000000000003	90.0	1.3062557652534053
146.0	90.0	1.3530054122833877
145.0	90.0	1.3987472823230018
144.00000000000003	90.0	1.4428180427120145
143.0	90.0	1.4845713513176866
142.0	90.0	1.5233924599633666
140.99999999999997	90.0	1.5587123966043324
140.00000000000003	90.0	1.5900217262508864
139.00000000000003	90.0	1.6168816439573837
138.00000000000003	90.0	1.6389343657233415
137.0	90.0	1.6559095877022432
136.0	90.0	1.6676309454103337
135.00000000000003	90.0	1.6740181199903628
134.00000000000003	90.0	1.6750873998819127
132.99999999999997	90.0	1.6709490128873292
131.99999999999997	90.0	1.6618033348969925
131.00000000000003	90.0	1.6479333073398548
130.00000000000003	90.0	1.6296961525460671
129.00000000000003	90.0	1.6075125615931196
128.0	90.0	1.5818557417343964
126.99999999999999	90.0	1.5532382171464116
126.00000000000003	90.0	1.5221989105112101
125.00000000000004	90.0	1.4892896629284356
123.99999999999997	90.0	1.4550627367504803
122.99999999999999	90.0	1.4200580375824665
122.0	90.0	1.3847918808756392
121.0	90.0	1.3497471626965827
120.00000000000001	90.0	1.3153639517491862
119.0	90.0	1.2820334514185916
118.00000000000001	90.0	1.2500922426503074
117.00000000000003	90.0	1.2198190543458076
116.00000000000004	90.0	1.1914334996042892
115.0	90.0	1.1650957948875063
114.00000000000001	90.0	1.1409092875362574
113.00000000000001	90.0	1.1189228428692894
112.00000000000003	90.0	1.099136039633855
111.00000000000004	90.0	1.0815043654562675
110.0	90.0	1.0659455356331193
109.00000000000001	90.0	1.052345952340082
108.00000000000003	90.0	1.0405677255110355
107.00000000000004	90.0	1.0304554128820345
106.0	90.0	1.0218424792001073
105.0	90.0	1.0145574745968915
104.00000000000001	90.0	1.0084295108743542
103.00000000000001	90.0	1.0032924740322722
102.00000000000003	90.0	0.998989798466039
100.99999999999999	90.0	0.9953765732304046
100.0	90.0	0.9923222099735446
99.00000000000001	90.0	0.9897118471128867
98.00000000000003	90.0	0.9874464902526936
96.99999999999999	90.0	0.9854438546895574
96.0	90.0	0.9836373824893228
95.0	90.0	0.9819755403991729
94.00000000000001	90.0	0.9804205560893868
93.00000000000003	90.0	0.9789474352302603
91.99999999999999	90.0	0.9775432594041937
91.0	90.0	0.9762050798419524
