Polar Angle 	 Azimuth Angle 	 Intensity 
90.0	45.0	2.595771406311577
89.0	45.0	2.594380645500691
88.0	45.0	2.587845077487213
87.00000000000001	45.0	2.5763521526413067
86.0	45.0	2.560226381818846
85.0	45.0	2.5399142193960786
84.0	45.0	2.5159770086858053
83.0	45.0	2.489067802590528
82.0	45.0	2.4599162466371194
81.0	45.0	2.429306407427657
80.0	45.0	2.3980535932925826
79.0	45.0	2.366980167146158
78.00000000000001	45.0	2.336896398330379
77.0	45.0	2.308570228684301
76.0	45.0	2.2827151789717686
75.0	45.0	2.259965153939193
74.0	45.0	2.2408603331479062
73.0	45.0	2.225836085199575
72.0	45.0	2.2152098663662505
71.0	45.0	2.20917517380423
70.0	45.0	2.207802553351746
69.00000000000001	45.0	2.211040607326658
68.0	45.0	2.218715994526449
67.0	45.0	2.230548547193565
66.0	45.0	2.2461603411946105
65.0	45.0	2.265089805188004
64.0	45.0	2.2868048219939263
63.0	45.0	2.3107269157388637
62.0	45.0	2.3362443532255655
61.0	45.0	2.3627292764937526
60.00000000000001	45.0	2.389560882166973
59.00000000000001	45.0	2.416138522822553
58.00000000000001	45.0	2.4418978317546256
57.00000000000001	45.0	2.4663238243440877
55.99999999999999	45.0	2.4889599682378005
55.00000000000001	45.0	2.5094172535277903
54.0	45.0	2.527381247335075
53.00000000000001	45.0	2.542610078214283
52.0	45.0	2.5549354439513428
51.00000000000001	45.0	2.5642605959681064
50.00000000000001	45.0	2.570551269143145
49.00000000000001	45.0	2.5738306428233084
48.0	45.0	2.5741702706445175
47.0	45.0	2.571676979161812
46.00000000000001	45.0	2.5664827898724574
45.0	45.0	2.5587348412390547
44.0	45.0	2.54858531071265
43.0	45.0	2.536181336755844
42.0	45.0	2.521653933068214
41.0	45.0	2.5051169807886216
40.00000000000001	45.0	2.486657150518325
39.0	45.0	2.466337933511735
37.99999999999999	45.0	2.4441946026879666
37.0	45.0	2.4202362282262233
36.0	45.0	2.39445575554268
35.0	45.0	2.3668289974928007
34.0	45.0	2.337326727943603
33.0	45.0	2.305922744155171
31.99999999999999	45.0	2.2726039447575475
31.0	45.0	2.2373753687391775
30.000000000000004	45.0	2.2002773280076227
29.00000000000001	45.0	2.1613864151872515
28.000000000000007	45.0	2.1208275971915054
27.00000000000001	45.0	2.078778246413657
25.999999999999996	45.0	2.0354731797152543
25.000000000000004	45.0	1.9912036506284325
24.000000000000004	45.0	1.946315333760535
22.999999999999993	45.0	1.9012103403894924
21.999999999999996	45.0	1.8563341170938636
21.0	45.0	1.812173430157459
20.00000000000001	45.0	1.7692382252109373
19.000000000000014	45.0	1.7280565882433594
18.00000000000001	45.0	1.6891535818507193
17.000000000000007	45.0	1.653044190652121
15.999999999999995	45.0	1.6202101419429298
14.999999999999996	45.0	1.591088819920192
14.0	45.0	1.5660591565149902
12.999999999999996	45.0	1.5454255066294165
12.000000000000018	45.0	1.5294085779573727
10.999999999999993	45.0	1.5181353530076793
10.000000000000012	45.0	1.511631026722562
8.999999999999984	45.0	1.5098169908822752
7.999999999999981	45.0	1.512508818509723
7.000000000000025	45.0	1.519420295061216
6.000000000000026	45.0	1.5301674496172262
4.999999999999992	45.0	1.5442776250615906
4.000000000000042	45.0	1.5612015716537777
3.0000000000000444	45.0	1.580329571791913
1.9999999999999472	45.0	1.6010035335850485
0.9999999999999002	45.0	1.6225401702000093
0.0	45.0	1.6442441012313518
0.9999999999999002	225.0	1.6654360710366582
1.9999999999999472	225.0	1.6854630267134247
3.0000000000000444	225.0	1.7037253286366678
4.000000000000042	225.0	1.7196888440311917
4.999999999999992	225.0	1.7329040951276813
6.000000000000026	225.0	1.7430183527349694
6.9999999999999725	225.0	1.7497867220146173
7.999999999999981	225.0	1.753082220457805
8.999999999999984	225.0	1.7528957778853311
10.000000000000012	225.0	1.7493442988291252
10.999999999999993	225.0	1.742659576757668
11.999999999999988	225.0	1.733193333064438
12.999999999999996	225.0	1.7213990767095064
14.0	225.0	1.707826057433405
14.999999999999996	225.0	1.6931021331964105
15.999999999999995	225.0	1.6779196610108986
16.99999999999999	225.0	1.6630153409875643
17.999999999999986	225.0	1.6491520759770166
18.999999999999996	225.0	1.6370988156159998
19.999999999999993	225.0	1.6276083847782328
21.0	225.0	1.6214013588113847
21.999999999999996	225.0	1.6191438919879166
23.00000000000001	225.0	1.6214326005397453
24.000000000000004	225.0	1.6287744067044616
24.99999999999999	225.0	1.6415794841415083
26.000000000000007	225.0	1.6601451331691548
26.999999999999996	225.0	1.6846467105852958
28.000000000000007	225.0	1.7151376296674499
28.999999999999996	225.0	1.7515392821958722
29.999999999999993	225.0	1.7936480930373746
31.0	225.0	1.8411314889545711
31.99999999999999	225.0	1.8935420077735245
33.0	225.0	1.9503172983837456
34.0	225.0	2.0107982610965975
35.000000000000014	225.0	2.074238117824495
36.0	225.0	2.139815513450863
37.000000000000014	225.0	2.2066556795816092
37.99999999999999	225.0	2.273844543712766
38.99999999999999	225.0	2.3404468695888965
40.00000000000001	225.0	2.405525405359186
40.999999999999986	225.0	2.4681600317335337
42.0	225.0	2.5274628789478877
43.0	225.0	2.582601506111095
44.00000000000001	225.0	2.6328089791817892
45.0	225.0	2.6774020113267953
46.000000000000014	225.0	2.7157980954818437
47.0	225.0	2.747517519946948
47.999999999999986	225.0	2.7722055399355625
49.00000000000001	225.0	2.7896283463838283
49.99999999999999	225.0	2.7996871751182186
51.00000000000001	225.0	2.802413267867094
51.99999999999999	225.0	2.7979739190468367
53.000000000000014	225.0	2.7866654211780264
53.99999999999999	225.0	2.7689110492900637
55.000000000000014	225.0	2.745249975146589
55.99999999999999	225.0	2.7163292048639724
56.999999999999986	225.0	2.6828904775413513
58.00000000000001	225.0	2.6457541404976133
58.99999999999999	225.0	2.6058060479014302
60.00000000000001	225.0	2.5639733736267276
61.0	225.0	2.5212125176804108
62.000000000000014	225.0	2.478484919057833
63.0	225.0	2.4367348841936316
64.00000000000001	225.0	2.3968734621987067
65.0	225.0	2.3597562733110604
65.99999999999999	225.0	2.326165368537394
67.0	225.0	2.296790081497016
68.0	225.0	2.2722119114565076
69.00000000000001	225.0	2.252892429757453
70.0	225.0	2.239164209637238
71.00000000000001	225.0	2.2312167170614035
72.0	225.0	2.2291003419144024
73.00000000000001	225.0	2.2327163200227074
74.0	225.0	2.2418298345247702
74.99999999999999	225.0	2.2560659846802658
76.0	225.0	2.2749269184308036
77.0	225.0	2.2977988869837533
78.00000000000001	225.0	2.3239724007660247
79.0	225.0	2.352660369782472
80.00000000000001	225.0	2.383014228378916
81.0	225.0	2.414152153577439
82.00000000000001	225.0	2.4451782132324777
83.0	225.0	2.475207560973048
83.99999999999999	225.0	2.503389615549593
85.0	225.0	2.5289332557762094
86.0	225.0	2.551121937495984
87.00000000000001	225.0	2.5693398963209093
88.0	225.0	2.583082225608771
89.00000000000001	225.0	2.5919730168215547
90.0	225.0	2.595771406311577
91.00000000000001	225.0	2.594380645500691
92.0	225.0	2.587845077487213
92.99999999999999	225.0	2.5763521526413067
94.0	225.0	2.560226381818846
95.0	225.0	2.5399142193960786
96.00000000000001	225.0	2.5159770086858053
97.0	225.0	2.489067802590528
98.00000000000001	225.0	2.4599162466371194
99.0	225.0	2.429306407427657
100.00000000000001	225.0	2.3980535932925826
101.0	225.0	2.366980167146158
102.00000000000001	225.0	2.336896398330379
103.0	225.0	2.308570228684301
104.0	225.0	2.2827151789717686
105.00000000000001	225.0	2.259965153939193
106.0	225.0	2.2408603331479062
107.00000000000001	225.0	2.225836085199575
108.0	225.0	2.2152098663662505
109.00000000000001	225.0	2.20917517380423
110.0	225.0	2.207802553351746
111.00000000000001	225.0	2.211040607326658
112.0	225.0	2.218715994526449
113.0	225.0	2.230548547193565
114.00000000000001	225.0	2.2461603411946105
115.0	225.0	2.265089805188004
116.00000000000001	225.0	2.2868048219939263
117.0	225.0	2.3107269157388637
118.00000000000001	225.0	2.3362443532255655
119.0	225.0	2.3627292764937526
120.00000000000001	225.0	2.389560882166973
121.0	225.0	2.416138522822553
122.0	225.0	2.4418978317546256
123.00000000000001	225.0	2.4663238243440877
124.0	225.0	2.4889599682378005
125.00000000000001	225.0	2.5094172535277903
126.0	225.0	2.527381247335075
127.00000000000001	225.0	2.542610078214283
128.0	225.0	2.5549354439513428
129.00000000000003	225.0	2.5642605959681064
130.0	225.0	2.570551269143145
131.0	225.0	2.5738306428233084
132.0	225.0	2.5741702706445175
133.0	225.0	2.571676979161812
134.0	225.0	2.5664827898724574
135.0	225.0	2.5587348412390547
136.0	225.0	2.54858531071265
137.0	225.0	2.536181336755844
138.00000000000003	225.0	2.521653933068214
139.0	225.0	2.5051169807886216
140.0	225.0	2.486657150518325
140.99999999999997	225.0	2.466337933511735
142.00000000000003	225.0	2.4441946026879666
143.0	225.0	2.4202362282262233
144.0	225.0	2.39445575554268
145.0	225.0	2.3668289974928007
146.00000000000003	225.0	2.337326727943603
147.00000000000003	225.0	2.305922744155171
148.0	225.0	2.2726039447575475
149.0	225.0	2.2373753687391775
149.99999999999997	225.0	2.2002773280076227
151.00000000000003	225.0	2.1613864151872515
152.0	225.0	2.1208275971915054
153.0	225.0	2.078778246413657
154.0	225.0	2.0354731797152543
155.00000000000003	225.0	1.9912036506284325
156.00000000000003	225.0	1.946315333760535
157.0	225.0	1.9012103403894924
158.0	225.0	1.8563341170938636
158.99999999999997	225.0	1.812173430157459
160.00000000000003	225.0	1.7692382252109373
161.0	225.0	1.7280565882433594
162.0	225.0	1.6891535818507193
163.0	225.0	1.653044190652121
164.00000000000003	225.0	1.6202101419429298
165.00000000000003	225.0	1.591088819920192
166.0	225.0	1.5660591565149902
167.0	225.0	1.5454255066294165
167.99999999999997	225.0	1.5294085779573727
169.00000000000003	225.0	1.5181353530076793
169.99999999999997	225.0	1.511631026722562
170.99999999999997	225.0	1.5098169908822752
172.0	225.0	1.512508818509723
173.00000000000003	225.0	1.519420295061216
174.00000000000003	225.0	1.5301674496172262
175.0	225.0	1.5442776250615906
175.99999999999997	225.0	1.5612015716537777
176.99999999999994	225.0	1.580329571791913
178.00000000000006	225.0	1.6010035335850485
179.0000000000001	225.0	1.6225401702000093
180.0	225.0	1.6442441012313518
179.0000000000001	45.0	1.6654360710366582
178.00000000000006	45.0	1.6854630267134247
176.99999999999994	45.0	1.7037253286366678
176.00000000000006	45.0	1.7196888440311917
175.0	45.0	1.7329040951276813
174.00000000000003	45.0	1.7430183527349694
172.99999999999997	45.0	1.7497867220146173
172.0	45.0	1.753082220457805
171.00000000000003	45.0	1.7528957778853311
170.00000000000003	45.0	1.7493442988291252
168.99999999999997	45.0	1.742659576757668
167.99999999999997	45.0	1.733193333064438
167.00000000000003	45.0	1.7213990767095064
166.00000000000003	45.0	1.707826057433405
165.00000000000003	45.0	1.6931021331964105
163.99999999999997	45.0	1.6779196610108986
163.0	45.0	1.6630153409875643
162.00000000000003	45.0	1.6491520759770166
161.00000000000003	45.0	1.6370988156159998
160.0	45.0	1.6276083847782328
159.0	45.0	1.6214013588113847
158.00000000000003	45.0	1.6191438919879166
157.00000000000003	45.0	1.6214326005397453
156.00000000000003	45.0	1.6287744067044616
154.99999999999997	45.0	1.6415794841415083
154.0	45.0	1.6601451331691548
153.00000000000003	45.0	1.6846467105852958
152.0	45.0	1.7151376296674499
150.99999999999997	45.0	1.7515392821958722
150.0	45.0	1.7936480930373746
149.0	45.0	1.8411314889545711
148.0	45.0	1.8935420077735245
147.00000000000003	45.0	1.9503172983837456
146.0	45.0	2.0107982610965975
145.0	45.0	2.074238117824495
144.00000000000003	45.0	2.139815513450863
143.0	45.0	2.2066556795816092
142.0	45.0	2.273844543712766
140.99999999999997	45.0	2.3404468695888965
140.00000000000003	45.0	2.405525405359186
139.00000000000003	45.0	2.4681600317335337
138.00000000000003	45.0	2.5274628789478877
137.0	45.0	2.582601506111095
136.0	45.0	2.6328089791817892
135.00000000000003	45.0	2.6774020113267953
134.00000000000003	45.0	2.7157980954818437
132.99999999999997	45.0	2.747517519946948
131.99999999999997	45.0	2.7722055399355625
131.00000000000003	45.0	2.7896283463838283
130.00000000000003	45.0	2.7996871751182186
129.00000000000003	45.0	2.802413267867094
128.0	45.0	2.7979739190468367
126.99999999999999	45.0	2.7866654211780264
126.00000000000003	45.0	2.7689110492900637
125.00000000000004	45.0	2.745249975146589
123.99999999999997	45.0	2.7163292048639724
122.99999999999999	45.0	2.6828904775413513
122.0	45.0	2.6457541404976133
121.0	45.0	2.6058060479014302
120.00000000000001	45.0	2.5639733736267276
119.0	45.0	2.5212125176804108
118.00000000000001	45.0	2.478484919057833
117.00000000000003	45.0	2.4367348841936316
116.00000000000004	45.0	2.3968734621987067
115.0	45.0	2.3597562733110604
114.00000000000001	45.0	2.326165368537394
113.00000000000001	45.0	2.296790081497016
112.00000000000003	45.0	2.2722119114565076
111.00000000000004	45.0	2.252892429757453
110.0	45.0	2.239164209637238
109.00000000000001	45.0	2.2312167170614035
108.00000000000003	45.0	2.2291003419144024
107.00000000000004	45.0	2.2327163200227074
106.0	45.0	2.2418298345247702
105.0	45.0	2.2560659846802658
104.00000000000001	45.0	2.2749269184308036
103.00000000000001	45.0	2.2977988869837533
102.00000000000003	45.0	2.3239724007660247
100.99999999999999	45.0	2.352660369782472
100.0	45.0	2.383014228378916
99.00000000000001	45.0	2.414152153577439
98.00000000000003	45.0	2.4451782132324777
96.99999999999999	45.0	2.475207560973048
96.0	45.0	2.503389615549593
95.0	45.0	2.5289332557762094
94.00000000000001	45.0	2.551121937495984
93.00000000000003	45.0	2.5693398963209093
91.99999999999999	45.0	2.583082225608771
91.0	45.0	2.5919730168215547
90.0	0.0	1.5096325639051793
89.29291116952395	0.7071426817872533	1.5066686309016886
88.58593006627854	1.4145007934175506	1.5100376985761768
87.87916453235917	2.122289895867879	1.5195432463792797
87.1727226397129	2.8307258121018455	1.5348456464897882
86.4667128053692	3.540024757356371	1.5554792963753616
85.76124390703504	4.250403468570711	1.5808677357578647
85.05642539917308	4.962079332655645	1.6103407791740803
84.3523674296794	5.675270513286652	1.643158703120247
83.64918095727445	6.390196075887154	1.678534417601218
82.94697786971682	7.107076110446535	1.7156596688703767
82.24587110294536	7.826131851792348	1.753726203181107
81.54597476125012	8.547585796906942	1.791951969526706
80.84740423856572	9.271661818845425	1.8296012755941702
80.15027634097487	9.998585276774412	1.8660039359202814
79.45470941050044	10.728583121609057	1.900573412250014
78.76082345025607	11.461883996679509	1.9328199149064902
78.0687402510143	12.198718332806749	1.962359472970183
77.37858351923944	12.939318437111838	1.9889250200534945
76.69047900661849	13.683918574821595	2.012363370907689
76.00455464110858	14.432755043267381	2.0326412682090287
75.32094065950206	15.186066237202516	2.0498393357726368
74.63976974149092	15.944092704486447	2.0641420005756093
73.96117714519126	16.707077191101824	2.0758374927570142
73.28530084406378	17.47526467438212	2.085295674068732
72.61228166514054	18.2489023832344	2.092966022280078
71.94226342843773	19.028239804042187	2.0993534440332655
71.27539308740191	19.813528670829413	2.105009204664204
70.61182087020094	20.605022938156644	2.1105137956417854
69.95170042163069	21.402978735106455	2.1164598020071703
69.29518894536457	22.207654298596484	2.1234408165992074
68.64244734622547	23.019309884136224	2.1320322918983434
67.99364037210603	23.838207652018653	2.142778438656665
67.34893675510656	24.664611526811417	2.1561841635163845
66.70850935139694	25.498787027884514	2.1726989442468176
66.07253527924108	26.34100106858589	2.1927097751605595
65.44119605454999	27.191521721553002	2.2165310891365926
64.81467772324949	28.05061794753063	2.2443987108341545
64.19317098966519	28.918559284955432	2.27646582550198
63.57687134003648	29.79561549746857	2.312794916596791
62.965979160175145	30.68205617643342	2.353358773580982
62.36069984618289	31.5781502954692	2.398037468529558
61.761243907035045	32.484165713968785	2.4466163405347494
61.16782705772538	33.400368626554155	2.4987920424921546
60.58067030155157	34.32702295544232	2.554169517707666
59.99999999999999	35.264389682754654	2.612271070076675
59.42604792856702	36.212726119908915	2.67253636408407
58.8590513167294	37.17228511139536	2.7343345183765075
58.29925287015328	38.143314170462425	2.7969671291554774
57.74690077310915	39.12605454453247	2.8596813715472598
57.20224866894282	40.12074020854298	2.9216800775798184
56.66555561634145	41.12759678487194	2.9821338297550657
56.13708601903233	42.14684038906587	3.0401960780142017
55.61710952646371	43.178676401255004	3.0950172489053585
55.10590090294487	44.223298163918535	3.1457628859420037
54.60373986267208	45.28088560756104	3.1916277587705895
54.11091086804023	46.3516038068849	3.2318570269220164
53.62770288864506	47.435601471194154	3.265762364574666
53.154409118419395	48.53300937404573	3.2927390931151095
52.691326648427214	49.643938728569864	3.3122843214965108
52.23875609296496	50.76847951640774	3.324014078799343
51.79700116679687	51.90669877984987	3.3276713766128996
51.36636821158484	53.05863888848747	3.3231473727867615
50.94716566986906	54.22431579349069	3.3104813714308032
50.539703505316	55.40371728447302	3.289870900892078
50.14429256838126	56.59680126575802	3.2616727215525083
49.76124390703504	57.80349407069134	3.2264028258288873
49.390868022772075	59.02368883439022	3.184726360195987
49.03347407277117	60.25724394694163	3.1374515784004235
48.68936901978189	61.503981610489745	3.0855147244953227
48.35885673209022	62.76368652482927	3.0299588690888495
48.04223703674405	64.03610472697835	2.9719147611881165
47.73980473009234	65.32094261067617	2.9125746254592673
47.45184855059514	66.61786615176922	2.853165959487563
47.178650119779434	67.92650036495783	2.794919284251332
46.920482858129056	69.2464290163152	2.7390409335843633
46.677610883583455	70.57719461432482	2.6866787890544837
46.450287901158305	71.91829869987819	2.6388980928190184
46.23875609296496	73.2692024527246	2.5966461747056715
46.043245018569806	74.62932762827676	2.5607333040564373
45.86397053617525	75.99805783448308	2.531807494785375
45.701133755495384	77.37474015373697	2.5103383806155803
45.554920033420714	78.7586871095844	2.496603105911542
45.42549802359849	80.14917897242118	2.4906822944883835
45.31301879088406	81.5454663925662	2.492456018421109
45.21761500123496	82.94677334320139	2.5016078292353554
45.1394001970194	84.35230034984485	2.517639874872735
45.07846816689916	85.76122797743554	2.5398819698700295
45.03489241843145	87.17272054092642	2.5675188058967993
45.00872576033472	88.58593000067151	2.599614138899918
45.0	90.0	2.6351400152365576
45.00872576033472	91.41406999932849	2.6730059978071665
45.03489241843145	92.82727945907358	2.7120994779630365
45.07846816689916	94.23877202256445	2.7513159094369706
45.1394001970194	95.64769965015516	2.7895910578693335
45.21761500123496	97.05322665679864	2.8259382893225475
45.31301879088406	98.45453360743382	2.859475780818694
45.42549802359848	99.85082102757882	2.889450707484056
45.554920033420714	101.2413128904156	2.9152593985028923
45.701133755495384	102.62525984626303	2.936466485273534
45.86397053617525	104.00194216551692	2.9528099403968295
46.043245018569806	105.37067237172324	2.9642101478553426
46.238756092964955	106.73079754727539	2.9707568016434003
46.450287901158305	108.08170130012182	2.9727109213624647
46.677610883583455	109.42280538567519	2.970479657278912
46.920482858129056	110.7535709836848	2.9646041967517607
47.178650119779434	112.07349963504215	2.9557285225043133
47.45184855059512	113.38213384823077	2.944572202086549
47.73980473009234	114.67905738932384	2.931905192932902
48.04223703674405	115.96389527302166	2.918506522657005
48.3588567320902	117.23631347517073	2.905141109704848
48.68936901978189	118.49601838951025	2.892522474840275
49.03347407277117	119.74275605305839	2.881286538405076
49.39086802277208	120.9763111656098	2.8719694487698253
49.76124390703504	122.19650592930867	2.864981379593965
50.14429256838125	123.40319873424197	2.8605944362535376
50.539703505316005	124.59628271552698	2.858932577864297
50.94716566986905	125.77568420650928	2.8599665782932604
51.36636821158484	126.94136111151253	2.8635150339563995
51.79700116679685	128.09330122015012	2.8692574651885963
52.23875609296496	129.23152048359225	2.8767423786251576
52.691326648427214	130.35606127143015	2.8854094387509726
53.154409118419395	131.46699062595425	2.8946146628427387
53.62770288864506	132.56439852880584	2.9036525925181236
54.11091086804023	133.64839619311508	2.9117875354641205
54.60373986267208	134.71911439243897	2.918283799367726
55.10590090294487	135.7767018360815	2.9224379414419825
55.617109526463715	136.821323598745	2.923601947772833
56.13708601903233	137.8531596109341	2.9212164906428564
56.66555561634144	138.87240321512806	2.9148280610919794
57.20224866894282	139.879259791457	2.9041141638597074
57.74690077310915	140.87394545546752	2.888889364171256
58.29925287015328	141.85668582953758	2.8691204047028855
58.8590513167294	142.82771488860465	2.8449231821888374
59.42604792856702	143.7872738800911	2.8165647630167094
59.99999999999999	144.73561031724535	2.7844472584644313
60.58067030155157	145.6729770445577	2.7490957311279978
61.16782705772538	146.59963137344585	2.711142070158441
61.76124390703503	147.5158342860312	2.671293749533474
62.36069984618289	148.4218497045308	2.630311656508327
62.96597916017513	149.31794382356657	2.588981873280459
63.57687134003648	150.20438450253144	2.5480814118681256
64.19317098966519	151.08144071504458	2.5083530191681556
64.81467772324949	151.9493820524694	2.4704729274298995
65.44119605454999	152.808478278447	2.4350296905037623
66.0725352792411	153.65899893141415	2.402497981101285
66.70850935139694	154.5012129721155	2.373222466032123
67.34893675510656	155.3353884731886	2.3474047048340854
67.99364037210603	156.16179234798136	2.3250981107846918
68.64244734622547	156.98069011586378	2.306203919710416
69.29518894536457	157.79234570140352	2.2904782445705067
69.95170042163069	158.59702126489356	2.2775381222431275
70.61182087020094	159.39497706184335	2.266884692872199
71.2753930874019	160.1864713291706	2.2579152934396696
71.94226342843773	160.9717601959578	2.2499536916961884
72.61228166514054	161.7510976167656	2.242274273305641
73.28530084406377	162.52473532561788	2.23413227577582
73.96117714519126	163.29292280889817	2.224792006793721
74.63976974149092	164.05590729551355	2.2135601015492785
75.32094065950206	164.8139337627975	2.1998097098799043
76.00455464110858	165.56724495673262	2.18300972240347
76.6904790066185	166.31608142517842	2.1627419030790214
77.37858351923944	167.06068156288816	2.138725076351313
78.0687402510143	167.80128166719328	2.1108252051277017
78.76082345025605	168.5381160033205	2.079062445361968
79.45470941050044	169.27141687839094	2.043613161649697
80.15027634097487	170.0014147232256	2.004808919430584
80.84740423856572	170.72833818115458	1.9631253992138598
81.54597476125012	171.45241420309307	1.919168287410643
82.24587110294536	172.17386814820765	1.8736531203801576
82.94697786971682	172.8929238895535	1.8273861362736423
83.64918095727445	173.60980392411287	1.7812350489013673
84.3523674296794	174.32472948671335	1.7361048605880984
85.05642539917308	175.03792066734437	1.692904604849357
85.76124390703502	175.7495965314293	1.652521143651505
86.4667128053692	176.45997524264365	1.6157909490764533
87.17272263971289	177.16927418789817	1.5834728927840542
87.87916453235917	177.87771010413212	1.5562270822606354
88.58593006627854	178.58549920658245	1.534593697067526
89.29291116952395	179.29285731821275	1.5189758562803455
90.0	180.0	1.5096325639051793
90.70708883047607	180.70714268178725	1.5066686309016886
91.41406993372146	181.41450079341755	1.5100376985761768
92.12083546764083	182.12228989586788	1.5195432463792797
92.82727736028711	182.83072581210183	1.5348456464897882
93.5332871946308	183.54002475735635	1.5554792963753616
94.23875609296496	184.2504034685707	1.5808677357578647
94.94357460082692	184.96207933265563	1.6103407791740803
95.64763257032061	185.67527051328665	1.643158703120247
96.35081904272555	186.39019607588713	1.678534417601218
97.05302213028318	187.1070761104465	1.7156596688703767
97.75412889705464	187.82613185179233	1.753726203181107
98.45402523874989	188.54758579690696	1.791951969526706
99.15259576143428	189.27166181884542	1.8296012755941702
99.84972365902512	189.9985852767744	1.8660039359202814
100.54529058949956	190.72858312160906	1.900573412250014
101.23917654974393	191.4618839966795	1.9328199149064902
101.93125974898571	192.19871833280675	1.962359472970183
102.62141648076054	192.93931843711184	1.9889250200534945
103.30952099338153	193.68391857482158	2.012363370907689
103.99544535889142	194.43275504326738	2.0326412682090287
104.67905934049796	195.18606623720254	2.0498393357726368
105.36023025850908	195.94409270448645	2.0641420005756093
106.03882285480874	196.7070771911018	2.0758374927570142
106.71469915593623	197.4752646743821	2.085295674068732
107.38771833485946	198.2489023832344	2.092966022280078
108.05773657156229	199.0282398040422	2.0993534440332655
108.7246069125981	199.8135286708294	2.105009204664204
109.38817912979906	200.60502293815665	2.1105137956417854
110.04829957836931	201.40297873510644	2.1164598020071703
110.70481105463544	202.20765429859648	2.1234408165992074
111.35755265377453	203.01930988413622	2.1320322918983434
112.00635962789397	203.83820765201864	2.142778438656665
112.65106324489344	204.6646115268114	2.1561841635163845
113.29149064860306	205.49878702788448	2.1726989442468176
113.92746472075892	206.34100106858588	2.1927097751605595
114.55880394545001	207.191521721553	2.2165310891365926
115.18532227675053	208.05061794753064	2.2443987108341545
115.8068290103348	208.91855928495542	2.27646582550198
116.42312865996352	209.79561549746856	2.312794916596791
117.03402083982486	210.68205617643343	2.353358773580982
117.63930015381712	211.5781502954692	2.398037468529558
118.23875609296496	212.48416571396876	2.4466163405347494
118.83217294227461	213.40036862655413	2.4987920424921546
119.41932969844842	214.32702295544232	2.554169517707666
120.00000000000001	215.26438968275463	2.612271070076675
120.573952071433	216.2127261199089	2.67253636408407
121.14094868327061	217.17228511139535	2.7343345183765075
121.70074712984672	218.14331417046245	2.7969671291554774
122.25309922689084	219.12605454453248	2.8596813715472598
122.79775133105717	220.12074020854297	2.9216800775798184
123.33444438365854	221.1275967848719	2.9821338297550657
123.86291398096766	222.1468403890659	3.0401960780142017
124.38289047353629	223.17867640125502	3.0950172489053585
124.89409909705513	224.2232981639185	3.1457628859420037
125.39626013732791	225.28088560756103	3.1916277587705895
125.88908913195978	226.35160380688492	3.2318570269220164
126.37229711135494	227.43560147119416	3.265762364574666
126.84559088158062	228.53300937404572	3.2927390931151095
127.30867335157278	229.64393872856982	3.3122843214965108
127.76124390703504	230.7684795164077	3.324014078799343
128.20299883320317	231.90669877984988	3.3276713766128996
128.6336317884152	233.05863888848748	3.3231473727867615
129.05283433013093	234.2243157934907	3.3104813714308032
129.460296494684	235.40371728447298	3.289870900892078
129.85570743161875	236.59680126575802	3.2616727215525083
130.23875609296496	237.80349407069136	3.2264028258288873
130.60913197722795	239.0236888343902	3.184726360195987
130.96652592722884	240.25724394694157	3.1374515784004235
131.31063098021812	241.50398161048972	3.0855147244953227
131.6411432679098	242.7636865248293	3.0299588690888495
131.95776296325596	244.03610472697835	2.9719147611881165
132.26019526990768	245.32094261067616	2.9125746254592673
132.54815144940486	246.6178661517692	2.853165959487563
132.8213498802206	247.92650036495786	2.794919284251332
133.07951714187095	249.2464290163152	2.7390409335843633
133.32238911641656	250.5771946143248	2.6866787890544837
133.5497120988417	251.91829869987816	2.6388980928190184
133.76124390703504	253.26920245272458	2.5966461747056715
133.9567549814302	254.62932762827677	2.5607333040564373
134.13602946382477	255.99805783448306	2.531807494785375
134.2988662445046	257.374740153737	2.5103383806155803
134.44507996657927	258.75868710958434	2.496603105911542
134.57450197640154	260.14917897242117	2.4906822944883835
134.68698120911597	261.5454663925662	2.492456018421109
134.78238499876502	262.94677334320136	2.5016078292353554
134.8605998029806	264.3523003498448	2.517639874872735
134.92153183310086	265.7612279774355	2.5398819698700295
134.96510758156856	267.17272054092643	2.5675188058967993
134.99127423966527	268.5859300006715	2.599614138899918
135.0	270.0	2.6351400152365576
134.99127423966527	271.4140699993285	2.6730059978071665
134.96510758156856	272.82727945907357	2.7120994779630365
134.92153183310086	274.2387720225645	2.7513159094369706
134.8605998029806	275.6476996501551	2.7895910578693335
134.78238499876502	277.0532266567986	2.8259382893225475
134.68698120911597	278.45453360743375	2.859475780818694
134.57450197640154	279.85082102757883	2.889450707484056
134.44507996657927	281.2413128904156	2.9152593985028923
134.2988662445046	282.625259846263	2.936466485273534
134.13602946382477	284.0019421655169	2.9528099403968295
133.9567549814302	285.37067237172323	2.9642101478553426
133.76124390703504	286.7307975472754	2.9707568016434003
133.5497120988417	288.08170130012184	2.9727109213624647
133.32238911641656	289.42280538567513	2.970479657278912
133.07951714187095	290.75357098368477	2.9646041967517607
132.82134988022057	292.0734996350422	2.9557285225043133
132.54815144940488	293.38213384823075	2.944572202086549
132.26019526990768	294.6790573893238	2.931905192932902
131.95776296325596	295.9638952730216	2.918506522657005
131.6411432679098	297.23631347517073	2.905141109704848
131.31063098021812	298.49601838951025	2.892522474840275
130.96652592722884	299.7427560530584	2.881286538405076
130.60913197722795	300.9763111656098	2.8719694487698253
130.23875609296496	302.1965059293086	2.864981379593965
129.85570743161873	303.403198734242	2.8605944362535376
129.46029649468403	304.59628271552697	2.858932577864297
129.05283433013096	305.7756842065093	2.8599665782932604
128.6336317884152	306.9413611115125	2.8635150339563995
128.20299883320317	308.0933012201501	2.8692574651885963
127.76124390703505	309.23152048359225	2.8767423786251576
127.3086733515728	310.3560612714301	2.8854094387509726
126.84559088158062	311.4669906259543	2.8946146628427387
126.37229711135495	312.5643985288058	2.9036525925181236
125.88908913195978	313.6483961931151	2.9117875354641205
125.39626013732794	314.71911439243894	2.918283799367726
124.89409909705515	315.77670183608143	2.9224379414419825
124.38289047353632	316.821323598745	2.923601947772833
123.86291398096766	317.85315961093414	2.9212164906428564
123.33444438365856	318.8724032151281	2.9148280610919794
122.7977513310572	319.879259791457	2.9041141638597074
122.25309922689087	320.8739454554675	2.888889364171256
121.70074712984675	321.8566858295375	2.8691204047028855
121.14094868327061	322.82771488860465	2.8449231821888374
120.57395207143298	323.7872738800911	2.8165647630167094
120.00000000000001	324.73561031724535	2.7844472584644313
119.41932969844845	325.6729770445577	2.7490957311279978
118.83217294227461	326.59963137344585	2.711142070158441
118.23875609296496	327.51583428603124	2.671293749533474
117.63930015381712	328.4218497045308	2.630311656508327
117.03402083982486	329.31794382356657	2.588981873280459
116.42312865996352	330.2043845025314	2.5480814118681256
115.8068290103348	331.08144071504455	2.5083530191681556
115.18532227675053	331.9493820524694	2.4704729274298995
114.55880394545002	332.808478278447	2.4350296905037623
113.92746472075895	333.6589989314141	2.402497981101285
113.29149064860304	334.5012129721155	2.373222466032123
112.65106324489344	335.3353884731886	2.3474047048340854
112.00635962789399	336.16179234798136	2.3250981107846918
111.35755265377455	336.98069011586375	2.306203919710416
110.70481105463546	337.79234570140346	2.2904782445705067
110.04829957836931	338.59702126489356	2.2775381222431275
109.38817912979906	339.39497706184335	2.266884692872199
108.7246069125981	340.18647132917056	2.2579152934396696
108.05773657156229	340.9717601959578	2.2499536916961884
107.38771833485946	341.7510976167656	2.242274273305641
106.71469915593623	342.5247353256179	2.23413227577582
106.03882285480876	343.2929228088982	2.224792006793721
105.36023025850909	344.0559072955135	2.2135601015492785
104.67905934049797	344.8139337627975	2.1998097098799043
103.99544535889142	345.5672449567326	2.18300972240347
103.30952099338151	346.3160814251784	2.1627419030790214
102.62141648076056	347.06068156288813	2.138725076351313
101.93125974898572	347.8012816671932	2.1108252051277017
101.23917654974393	348.5381160033205	2.079062445361968
100.54529058949956	349.27141687839094	2.043613161649697
99.84972365902513	350.0014147232256	2.004808919430584
99.15259576143428	350.7283381811546	1.9631253992138598
98.4540252387499	351.45241420309304	1.919168287410643
97.75412889705464	352.17386814820765	1.8736531203801576
97.05302213028318	352.89292388955346	1.8273861362736423
96.35081904272556	353.60980392411284	1.7812350489013673
95.64763257032062	354.32472948671335	1.7361048605880984
94.94357460082692	355.03792066734434	1.692904604849357
94.23875609296496	355.7495965314293	1.652521143651505
93.53328719463082	356.4599752426436	1.6157909490764533
92.82727736028713	357.16927418789817	1.5834728927840542
92.12083546764086	357.8777101041321	1.5562270822606354
91.41406993372146	358.5854992065825	1.534593697067526
90.70708883047607	359.2928573182127	1.5189758562803455
90.0	90.0	2.1210372191108275
89.29291116952395	89.29285731821274	2.118610442275599
88.58593006627854	88.58549920658245	2.1164799579609515
87.87916453235917	87.87771010413212	2.114673984502177
87.1727226397129	87.16927418789815	2.1132237636276363
86.4667128053692	86.45997524264364	2.1121544902795564
85.76124390703504	85.74959653142929	2.1114963983886077
85.05642539917308	85.03792066734437	2.1112756906947063
84.3523674296794	84.32472948671335	2.111522601128523
83.64918095727445	83.60980392411285	2.1122673636207296
82.94697786971682	82.89292388955346	2.11354827448351
82.24587110294536	82.17386814820766	2.115409676815182
81.54597476125012	81.45241420309306	2.1179039760955765
80.84740423856572	80.72833818115458	2.121096679174481
80.15027634097487	80.0014147232256	2.125059339687819
79.45470941050044	79.27141687839094	2.1298816516299146
78.76082345025607	78.5381160033205	2.135661371376606
78.0687402510143	77.80128166719327	2.142508348876
77.37858351923944	77.06068156288816	2.1505415042554032
76.69047900661849	76.31608142517841	2.1598888278213257
76.00455464110858	75.56724495673262	2.1706803254756544
75.32094065950206	74.81393376279749	2.1830510421087217
74.63976974149092	74.05590729551355	2.1971299758247254
73.96117714519126	73.29292280889818	2.21304007794173
73.28530084406378	72.52473532561788	2.2308922062055303
72.61228166514054	71.7510976167656	2.250783109194275
71.94226342843773	70.97176019595781	2.272787363936954
71.27539308740191	70.18647132917059	2.296953344722642
70.61182087020094	69.39497706184336	2.323302215302808
69.95170042163069	68.59702126489356	2.3518218821051837
69.29518894536457	67.79234570140352	2.3824649786383842
68.64244734622547	66.98069011586378	2.4151468498965296
67.99364037210603	66.16179234798135	2.4497435367638665
67.34893675510656	65.33538847318859	2.486091776014769
66.70850935139694	64.50121297211548	2.523990008111428
66.07253527924108	63.65899893141411	2.5631973694061605
65.44119605454999	62.808478278447	2.603436715534478
64.81467772324949	61.94938205246937	2.6443986526058434
64.19317098966519	61.081440715044565	2.6857455683944256
63.57687134003648	60.20438450253143	2.7271096167437214
62.965979160175145	59.31794382356658	2.7681068267342033
62.36069984618289	58.4218497045308	2.8083350870879413
61.761243907035045	57.515834286031215	2.8473832163478043
61.16782705772538	56.59963137344585	2.884834994068215
60.58067030155157	55.67297704455769	2.920277223196663
59.99999999999999	54.735610317245346	2.953305776859841
59.42604792856702	53.787273880091085	2.983529629554398
58.8590513167294	52.827714888604646	3.010581942921519
58.29925287015328	51.85668582953758	3.0341210735446187
57.74690077310915	50.87394545546753	3.053840650926226
57.20224866894282	49.87925979145702	3.069473608678742
56.66555561634145	48.87240321512806	3.0808002469059548
56.13708601903233	47.85315961093413	3.0876502477984156
55.61710952646371	46.821323598745	3.089907714621884
55.10590090294487	45.776701836081465	3.0875192340988393
54.60373986267208	44.71911439243896	3.080492868610795
54.11091086804023	43.6483961931151	3.0689042029844296
53.62770288864506	42.564398528805846	3.052897352289276
53.154409118419395	41.46699062595427	3.032683954040036
52.691326648427214	40.356061271430136	3.0085441759942633
52.23875609296496	39.23152048359226	2.980829739545437
51.79700116679687	38.09330122015014	2.9499518261506883
51.36636821158484	36.941361111512535	2.916388131914626
50.94716566986906	35.77568420650932	2.8806667428263117
50.539703505316	34.59628271552699	2.8433671425569473
50.14429256838126	33.40319873424199	2.8051101344829874
49.76124390703504	32.19650592930866	2.7665447403161783
49.390868022772075	30.976311165609783	2.7283421533174272
49.03347407277117	29.742756053058372	2.6911796135337736
48.68936901978189	28.496018389510258	2.655730329821502
48.35885673209022	27.236313475170732	2.6226473550831155
48.04223703674405	25.963895273021652	2.592551492695068
47.73980473009234	24.679057389323834	2.566017187340117
47.45184855059514	23.382133848230776	2.54355539244661
47.178650119779434	22.07349963504216	2.525602484413905
46.920482858129056	20.753570983684796	2.512510184635479
46.677610883583455	19.422805385675183	2.5045284269382173
46.450287901158305	18.08170130012181	2.501803341987031
46.23875609296496	16.730797547275397	2.5043641559149026
46.043245018569806	15.370672371723243	2.512123190322885
45.86397053617525	14.001942165516926	2.524870823291656
45.701133755495384	12.625259846263035	2.542277504976897
45.554920033420714	11.241312890415616	2.563901819990805
45.42549802359849	9.850821027578828	2.589191495199781
45.31301879088406	8.454533607433808	2.617498516689768
45.21761500123496	7.053226656798624	2.648091223338516
45.1394001970194	5.647699650155149	2.680170431578611
45.07846816689916	4.238772022564465	2.7128905991489396
45.03489241843145	2.8272794590735852	2.7453749420600313
45.00872576033472	1.414069999328503	2.7767436529293463
45.0	4.961562726608714e-15	2.806131033541993
45.00872576033472	358.5859300006715	2.8327157287813964
45.03489241843145	357.17272054092643	2.8557368513923254
45.07846816689916	355.76122797743557	2.8745191769231173
45.1394001970194	354.3523003498448	2.888492291881771
45.21761500123496	352.94677334320136	2.8972097418920386
45.31301879088406	351.5454663925662	2.90036314086107
45.42549802359848	350.14917897242117	2.8977912411586186
45.554920033420714	348.7586871095844	2.889490011593929
45.701133755495384	347.374740153737	2.8756156608088013
45.86397053617525	345.99805783448306	2.85648362947991
46.043245018569806	344.62932762827677	2.832559520139594
46.238756092964955	343.26920245272464	2.8044530503897276
46.450287901158305	341.91829869987816	2.772903943734073
46.677610883583455	340.5771946143248	2.7387587502314297
46.920482858129056	339.2464290163152	2.702954721732613
47.178650119779434	337.92650036495786	2.666492601342848
47.45184855059512	336.61786615176925	2.630409412884165
47.73980473009234	335.3209426106762	2.5957522581554855
48.04223703674405	334.03610472697835	2.563548083001949
48.3588567320902	332.76368652482927	2.534776466777311
48.68936901978189	331.50398161048975	2.5103403962109585
49.03347407277117	330.2572439469416	2.4910420782633738
49.39086802277208	329.0236888343902	2.4775577451839084
49.76124390703504	327.80349407069133	2.470420521950069
50.14429256838125	326.596801265758	2.470004301504492
50.539703505316005	325.40371728447303	2.4765096355872984
50.94716566986905	324.2243157934907	2.489961719140714
51.36636821158484	323.05863888848745	2.510204343522937
51.79700116679685	321.9066987798499	2.5369029199012028
52.23875609296496	320.76847951640775	2.5695575806217437
52.691326648427214	319.6439387285699	2.6075112415913004
53.154409118419395	318.5330093740457	2.649969758230902
53.62770288864506	317.43560147119416	2.6960180502388944
54.11091086804023	316.3516038068849	2.7446513433192945
54.60373986267208	315.28088560756106	2.7947943173378897
55.10590090294487	314.2232981639185	2.8453343636459696
55.617109526463715	313.17867640125496	2.8951447644271786
56.13708601903233	312.14684038906586	2.9431209734143193
56.66555561634144	311.12759678487197	2.988199764045447
57.20224866894282	310.120740208543	3.0293924867876045
57.74690077310915	309.1260545445325	3.0658032094952277
58.29925287015328	308.1433141704624	3.0966518967569945
58.8590513167294	307.17228511139535	3.121292550254224
59.42604792856702	306.2127261199089	3.1392242945354587
59.99999999999999	305.26438968275465	3.150099439397979
60.58067030155157	304.3270229554423	3.153728518876241
61.16782705772538	303.40036862655415	3.150081299039576
61.76124390703503	302.4841657139688	3.1392817390037346
62.36069984618289	301.5781502954692	3.1215989207516945
62.96597916017513	300.68205617643343	3.0974329399660068
63.57687134003648	299.7956154974686	3.067305835849599
64.19317098966519	298.91855928495545	3.0318374039812355
64.81467772324949	298.0506179475306	2.9917270559571154
65.44119605454999	297.191521721553	2.9477356790324714
66.0725352792411	296.3410010685859	2.9006614489770284
66.70850935139694	295.49878702788453	2.8513186663235377
67.34893675510656	294.6646115268114	2.800514577020927
67.99364037210603	293.83820765201864	2.7490362710643432
68.64244734622547	293.0193098841362	2.697625487552926
69.29518894536457	292.2076542985965	2.6469685367129165
69.95170042163069	291.40297873510644	2.597680175134635
70.61182087020094	290.60502293815665	2.550295543390965
71.2753930874019	289.81352867082944	2.5052621036558445
71.94226342843773	289.0282398040422	2.462937624108886
72.61228166514054	288.2489023832344	2.4235851399469306
73.28530084406377	287.4752646743821	2.3873810157655617
73.96117714519126	286.7070771911018	2.3544109143683487
74.63976974149092	285.9440927044865	2.324684913732182
75.32094065950206	285.1860662372025	2.2981405304003406
76.00455464110858	284.4327550432674	2.274652797459382
76.6904790066185	283.6839185748216	2.254047365909102
77.37858351923944	282.93931843711187	2.236109574841733
78.0687402510143	282.1987183328067	2.220595537216524
78.76082345025605	281.4618839966795	2.2072472568250805
79.45470941050044	280.72858312160906	2.1957966594821143
80.15027634097487	279.9985852767744	2.1859786943954065
80.84740423856572	279.2716618188454	2.1775393965473167
81.54597476125012	278.54758579690696	2.1702429412786075
82.24587110294536	277.82613185179235	2.1638756754792006
82.94697786971682	277.10707611044654	2.1582491409812445
83.64918095727445	276.39019607588716	2.153204105749869
84.3523674296794	275.67527051328665	2.1486115716808762
85.05642539917308	274.96207933265566	2.1443697512076723
85.76124390703502	274.2504034685707	2.1404070906943344
86.4667128053692	273.5400247573564	2.1366721924587218
87.17272263971289	272.83072581210183	2.1331388537609186
87.87916453235917	272.1222898958679	2.129799012219413
88.58593006627854	271.4145007934176	2.1266566990249602
89.29291116952395	270.7071426817872	2.123728038940586
90.0	270.0	2.1210372191108275
90.70708883047607	269.2928573182127	2.118610442275599
91.41406993372146	268.5854992065824	2.1164799579609515
92.12083546764083	267.8777101041321	2.114673984502177
92.82727736028711	267.16927418789817	2.1132237636276363
93.5332871946308	266.4599752426436	2.1121544902795564
94.23875609296496	265.7495965314293	2.1114963983886077
94.94357460082692	265.03792066734434	2.1112756906947063
95.64763257032061	264.32472948671335	2.111522601128523
96.35081904272555	263.60980392411284	2.1122673636207296
97.05302213028318	262.89292388955346	2.11354827448351
97.75412889705464	262.17386814820765	2.115409676815182
98.45402523874989	261.45241420309304	2.1179039760955765
99.15259576143428	260.7283381811546	2.121096679174481
99.84972365902512	260.0014147232256	2.125059339687819
100.54529058949956	259.27141687839094	2.1298816516299146
101.23917654974393	258.5381160033205	2.135661371376606
101.93125974898571	257.8012816671933	2.142508348876
102.62141648076054	257.06068156288813	2.1505415042554032
103.30952099338153	256.31608142517837	2.1598888278213257
103.99544535889142	255.56724495673262	2.1706803254756544
104.67905934049796	254.8139337627975	2.1830510421087217
105.36023025850908	254.05590729551355	2.1971299758247254
106.03882285480874	253.2929228088982	2.21304007794173
106.71469915593623	252.52473532561788	2.2308922062055303
107.38771833485946	251.7510976167656	2.250783109194275
108.05773657156229	250.9717601959578	2.272787363936954
108.7246069125981	250.18647132917056	2.296953344722642
109.38817912979906	249.39497706184335	2.323302215302808
110.04829957836931	248.59702126489356	2.3518218821051837
110.70481105463544	247.79234570140352	2.3824649786383842
111.35755265377453	246.98069011586378	2.4151468498965296
112.00635962789397	246.16179234798136	2.4497435367638665
112.65106324489344	245.33538847318857	2.486091776014769
113.29149064860306	244.50121297211547	2.523990008111428
113.92746472075892	243.6589989314141	2.5631973694061605
114.55880394545001	242.808478278447	2.603436715534478
115.18532227675053	241.9493820524694	2.6443986526058434
115.8068290103348	241.08144071504458	2.6857455683944256
116.42312865996352	240.2043845025314	2.7271096167437214
117.03402083982486	239.31794382356657	2.7681068267342033
117.63930015381712	238.4218497045308	2.8083350870879413
118.23875609296496	237.5158342860312	2.8473832163478043
118.83217294227461	236.59963137344585	2.884834994068215
119.41932969844842	235.67297704455768	2.920277223196663
120.00000000000001	234.73561031724535	2.953305776859841
120.573952071433	233.78727388009108	2.983529629554398
121.14094868327061	232.82771488860465	3.010581942921519
121.70074712984672	231.85668582953755	3.0341210735446187
122.25309922689084	230.87394545546752	3.053840650926226
122.79775133105717	229.879259791457	3.069473608678742
123.33444438365854	228.8724032151281	3.0808002469059548
123.86291398096766	227.8531596109341	3.0876502477984156
124.38289047353629	226.82132359874498	3.089907714621884
124.89409909705513	225.7767018360815	3.0875192340988393
125.39626013732791	224.71911439243897	3.080492868610795
125.88908913195978	223.64839619311508	3.0689042029844296
126.37229711135494	222.56439852880584	3.052897352289276
126.84559088158062	221.46699062595428	3.032683954040036
127.30867335157278	220.35606127143015	3.0085441759942633
127.76124390703504	219.23152048359228	2.980829739545437
128.20299883320317	218.0933012201501	2.9499518261506883
128.6336317884152	216.94136111151252	2.916388131914626
129.05283433013093	215.7756842065093	2.8806667428263117
129.460296494684	214.59628271552702	2.8433671425569473
129.85570743161875	213.40319873424195	2.8051101344829874
130.23875609296496	212.19650592930864	2.7665447403161783
130.60913197722795	210.9763111656098	2.7283421533174272
130.96652592722884	209.74275605305837	2.6911796135337736
131.31063098021812	208.49601838951028	2.655730329821502
131.6411432679098	207.2363134751707	2.6226473550831155
131.95776296325596	205.96389527302162	2.592551492695068
132.26019526990768	204.67905738932384	2.566017187340117
132.54815144940486	203.38213384823078	2.54355539244661
132.8213498802206	202.07349963504214	2.525602484413905
133.07951714187095	200.75357098368477	2.512510184635479
133.32238911641656	199.4228053856752	2.5045284269382173
133.5497120988417	198.08170130012184	2.501803341987031
133.76124390703504	196.73079754727542	2.5043641559149026
133.9567549814302	195.3706723717232	2.512123190322885
134.13602946382477	194.0019421655169	2.524870823291656
134.2988662445046	192.62525984626305	2.542277504976897
134.44507996657927	191.24131289041563	2.563901819990805
134.57450197640154	189.8508210275788	2.589191495199781
134.68698120911597	188.4545336074338	2.617498516689768
134.78238499876502	187.0532266567986	2.648091223338516
134.8605998029806	185.64769965015518	2.680170431578611
134.92153183310086	184.2387720225645	2.7128905991489396
134.96510758156856	182.82727945907357	2.7453749420600313
134.99127423966527	181.4140699993285	2.7767436529293463
135.0	180.0	2.806131033541993
134.99127423966527	178.58593000067157	2.8327157287813964
134.96510758156856	177.1727205409264	2.8557368513923254
134.92153183310086	175.76122797743554	2.8745191769231173
134.8605998029806	174.35230034984485	2.888492291881771
134.78238499876502	172.94677334320141	2.8972097418920386
134.68698120911597	171.54546639256625	2.90036314086107
134.57450197640154	170.14917897242117	2.8977912411586186
134.44507996657927	168.7586871095844	2.889490011593929
134.2988662445046	167.37474015373698	2.8756156608088013
134.13602946382477	165.9980578344831	2.85648362947991
133.9567549814302	164.62932762827674	2.832559520139594
133.76124390703504	163.2692024527246	2.8044530503897276
133.5497120988417	161.9182986998782	2.772903943734073
133.32238911641656	160.57719461432484	2.7387587502314297
133.07951714187095	159.24642901631526	2.702954721732613
132.82134988022057	157.92650036495783	2.666492601342848
132.54815144940488	156.61786615176925	2.630409412884165
132.26019526990768	155.32094261067618	2.5957522581554855
131.95776296325596	154.03610472697838	2.563548083001949
131.6411432679098	152.76368652482927	2.534776466777311
131.31063098021812	151.50398161048975	2.5103403962109585
130.96652592722884	150.25724394694163	2.4910420782633738
130.60913197722795	149.02368883439024	2.4775577451839084
130.23875609296496	147.80349407069139	2.470420521950069
129.85570743161873	146.596801265758	2.470004301504492
129.46029649468403	145.403717284473	2.4765096355872984
129.05283433013096	144.22431579349072	2.489961719140714
128.6336317884152	143.0586388884875	2.510204343522937
128.20299883320317	141.90669877984988	2.5369029199012028
127.76124390703505	140.76847951640775	2.5695575806217437
127.3086733515728	139.64393872856988	2.6075112415913004
126.84559088158062	138.53300937404575	2.649969758230902
126.37229711135495	137.4356014711942	2.6960180502388944
125.88908913195978	136.35160380688492	2.7446513433192945
125.39626013732794	135.28088560756106	2.7947943173378897
124.89409909705515	134.22329816391854	2.8453343636459696
124.38289047353632	133.17867640125502	2.8951447644271786
123.86291398096766	132.14684038906586	2.9431209734143193
123.33444438365856	131.12759678487194	2.988199764045447
122.7977513310572	130.120740208543	3.0293924867876045
122.25309922689087	129.12605454453248	3.0658032094952277
121.70074712984675	128.14331417046245	3.0966518967569945
121.14094868327061	127.17228511139534	3.121292550254224
120.57395207143298	126.21272611990892	3.1392242945354587
120.00000000000001	125.26438968275468	3.150099439397979
119.41932969844845	124.32702295544235	3.153728518876241
118.83217294227461	123.40036862655414	3.150081299039576
118.23875609296496	122.48416571396879	3.1392817390037346
117.63930015381712	121.57815029546921	3.1215989207516945
117.03402083982486	120.68205617643345	3.0974329399660068
116.42312865996352	119.79561549746859	3.067305835849599
115.8068290103348	118.91855928495542	3.0318374039812355
115.18532227675053	118.05061794753063	2.9917270559571154
114.55880394545002	117.19152172155302	2.9477356790324714
113.92746472075895	116.34100106858591	2.9006614489770284
113.29149064860304	115.49878702788452	2.8513186663235377
112.65106324489344	114.66461152681141	2.800514577020927
112.00635962789399	113.83820765201867	2.7490362710643432
111.35755265377455	113.01930988413625	2.697625487552926
110.70481105463546	112.20765429859652	2.6469685367129165
110.04829957836931	111.40297873510644	2.597680175134635
109.38817912979906	110.60502293815665	2.550295543390965
108.7246069125981	109.81352867082943	2.5052621036558445
108.05773657156229	109.02823980404222	2.462937624108886
107.38771833485946	108.2489023832344	2.4235851399469306
106.71469915593623	107.47526467438213	2.3873810157655617
106.03882285480876	106.70707719110183	2.3544109143683487
105.36023025850909	105.94409270448648	2.324684913732182
104.67905934049797	105.18606623720254	2.2981405304003406
103.99544535889142	104.43275504326738	2.274652797459382
103.30952099338151	103.68391857482159	2.254047365909102
102.62141648076056	102.93931843711185	2.236109574841733
101.93125974898572	102.19871833280676	2.220595537216524
101.23917654974393	101.4618839966795	2.2072472568250805
100.54529058949956	100.72858312160906	2.1957966594821143
99.84972365902513	99.99858527677442	2.1859786943954065
99.15259576143428	99.27166181884544	2.1775393965473167
98.4540252387499	98.54758579690696	2.1702429412786075
97.75412889705464	97.82613185179234	2.1638756754792006
97.05302213028318	97.10707611044654	2.1582491409812445
96.35081904272556	96.39019607588716	2.153204105749869
95.64763257032062	95.67527051328666	2.1486115716808762
94.94357460082692	94.96207933265563	2.1443697512076723
94.23875609296496	94.25040346857071	2.1404070906943344
93.53328719463082	93.54002475735638	2.1366721924587218
92.82727736028713	92.83072581210186	2.1331388537609186
92.12083546764086	92.12228989586791	2.129799012219413
91.41406993372146	91.41450079341756	2.1266566990249602
90.70708883047607	90.70714268178726	2.123728038940586
90.0	0.0	1.4653972999397853
90.0	1.0	1.4652420990956718
90.0	2.0	1.4666560392534065
90.0	3.0000000000000004	1.4695383406440845
90.0	4.0	1.4737650441519528
90.0	5.0	1.4791990892913007
90.0	6.000000000000001	1.4857003921833511
90.0	7.0	1.4931298767470147
90.0	8.0	1.5013625760688496
90.0	9.0	1.510290655796128
90.0	10.0	1.5198355077091037
90.0	11.0	1.5299507731140807
90.0	12.0	1.5406273818318579
90.0	13.0	1.5518955677931061
90.0	14.0	1.563825876836059
90.0	14.999999999999998	1.576529166706512
90.0	16.0	1.5901505602716879
90.0	17.000000000000004	1.6048674299248593
90.0	18.0	1.6208803274061467
90.0	19.0	1.638408952611763
90.0	20.0	1.657681067819432
90.0	21.0	1.6789234275091907
90.0	22.0	1.702352708184184
90.0	23.0	1.7281704693822215
90.0	24.000000000000004	1.756549044508131
90.0	25.0	1.7876295252383783
90.0	26.0	1.8215096679488019
90.0	26.999999999999996	1.8582469171076772
90.0	28.0	1.8978473195011385
90.0	29.000000000000004	1.940270563221624
90.0	29.999999999999996	1.98542493867943
90.0	31.0	2.033170361995779
90.0	32.0	2.0833224061935756
90.0	33.0	2.135651293399716
90.0	34.00000000000001	2.1898939884173587
90.0	35.0	2.245750167535168
90.0	36.0	2.3028953198972704
90.0	37.0	2.3609817553009433
90.0	38.0	2.4196416275896846
90.0	39.0	2.4784980204277907
90.0	40.0	2.537162931704977
90.0	41.0	2.595243320322516
90.0	42.0	2.652343121788611
90.0	43.0	2.708065263813777
90.0	44.0	2.7620106585131508
90.0	45.0	2.813785256990314
90.0	46.00000000000001	2.8629919869557834
90.0	47.0	2.909240830703896
90.0	48.00000000000001	2.9521397549336124
90.0	49.00000000000001	2.9913068043207827
90.0	50.0	3.0263640547320145
90.0	51.0	3.0569456756061832
90.0	52.0	3.0826999455498107
90.0	53.0	3.1032952991232006
90.0	54.0	3.1184293970196375
90.0	55.0	3.127834165053836
90.0	56.0	3.131284864341137
90.0	57.00000000000001	3.1286142004651594
90.0	58.00000000000001	3.1197163546685522
90.0	59.00000000000001	3.104560085222956
90.0	59.99999999999999	3.083200821001268
90.0	61.0	3.0557836848707107
90.0	62.0	3.0225545794674127
90.0	63.0	2.9838652261848506
90.0	64.0	2.9401741729715427
90.0	65.0	2.892048809926422
90.0	66.0	2.840158314715018
90.0	67.0	2.785270629176384
90.0	68.0	2.728240365750833
90.0	69.0	2.6699946983122906
90.0	70.0	2.611517237405267
90.0	71.0	2.5538248508980117
90.0	72.0	2.4979505314218
90.0	73.0	2.44491114684488
90.0	74.0	2.395687284318697
90.0	75.0	2.3511940241449065
90.0	76.0	2.31225574483315
90.0	77.0	2.279580928158828
90.0	78.0	2.2537399876139426
90.0	79.0	2.2351451124533135
90.0	80.0	2.2240361585269346
90.0	81.0	2.2204705703030823
90.0	82.0	2.224313302891423
90.0	83.0	2.2352428688291512
90.0	84.0	2.2527533536763644
90.0	85.0	2.276167517386022
90.0	86.0	2.304651911269281
90.0	87.0	2.337246104128479
90.0	88.0	2.3728808226155356
90.0	89.0	2.410417255341826
90.0	90.0	2.4486762790111642
90.0	91.0	2.486478770327363
90.0	92.0	2.522676847722598
90.0	93.0	2.556197206658031
90.0	94.0	2.586068330161421
90.0	95.0	2.611457777341613
90.0	96.00000000000001	2.631697378330769
90.0	97.0	2.646306413631212
90.0	98.0	2.655005723283076
90.0	99.0	2.6577328238296407
90.0	100.0	2.6546378771265737
90.0	101.0	2.646083690341932
90.0	102.0	2.6326346301815833
90.0	103.0	2.615036466935423
90.0	104.0	2.5941911795351498
90.0	105.00000000000001	2.571127729421281
90.0	106.0	2.5469667876240383
90.0	107.0	2.522885461844231
90.0	108.0	2.500070937759557
90.0	109.0	2.479687221700867
90.0	110.0	2.4628267663630905
90.0	111.0	2.4504782212791825
90.0	112.0	2.443491159901011
90.0	113.0	2.4425397988825495
90.0	114.00000000000001	2.4481068733168523
90.0	115.0	2.460456426198449
90.0	116.00000000000001	2.4796307850302806
90.0	117.0	2.505439476049117
90.0	118.00000000000001	2.537468294404759
90.0	119.0	2.5750873665415512
90.0	119.99999999999999	2.6174713061521637
90.0	121.0	2.6636213857267497
90.0	122.0	2.712396778281306
90.0	123.00000000000001	2.7625498302767912
90.0	124.0	2.8127623423359305
90.0	125.00000000000001	2.861684873353088
90.0	126.0	2.9079810835925857
90.0	127.00000000000001	2.9503609920124423
90.0	128.0	2.9876222959696226
90.0	129.0	3.018684636341467
90.0	130.0	3.0426188236586733
90.0	131.0	3.0586710252498337
90.0	132.0	3.066281913397526
90.0	133.0	3.0650977511128943
90.0	134.0	3.054978454517161
90.0	135.0	3.0359925538531813
90.0	136.0	3.0084111466993093
90.0	137.0	2.97269479659944
90.0	138.0	2.9294743849069174
90.0	139.0	2.8795218846515525
90.0	140.0	2.8237322201812205
90.0	141.0	2.763083963051987
90.0	142.0	2.6986131292881934
90.0	143.0	2.6313789142610293
90.0	144.0	2.562433458757862
90.0	145.0	2.4927936306469394
90.0	146.0	2.4234128065421032
90.0	147.0	2.3551587002536225
90.0	148.0	2.288793206834418
90.0	149.0	2.2249643401985484
90.0	150.0	2.1641880927628057
90.0	151.0	2.1068524666374735
90.0	152.0	2.0532134424355704
90.0	153.0	2.0034020338566725
90.0	154.0	1.9574333578661154
90.0	155.0	1.915220743862641
90.0	156.0	1.876589842846044
90.0	157.0	1.841294752180197
90.0	158.0	1.8090411949398972
90.0	159.0	1.7795006290785156
90.0	160.0	1.752333426774842
90.0	161.0	1.7272019758030464
90.0	162.0	1.7037878120933887
90.0	163.0	1.6818057288998687
90.0	164.0	1.6610128469794256
90.0	165.0	1.6412176847711402
90.0	166.0	1.6222791505985457
90.0	167.0	1.6041156128488294
90.0	168.0	1.5866958297936307
90.0	169.0	1.5700379417913524
90.0	170.0	1.5542014089056486
90.0	171.0	1.5392799563216002
90.0	172.0	1.5253904885711376
90.0	173.0	1.5126630115561475
90.0	174.0	1.5012295467738952
90.0	175.0	1.49121808453089
90.0	176.0	1.482737466977549
90.0	177.0	1.475874364715131
90.0	178.0	1.4706862222119104
90.0	179.0	1.4671972266124254
90.0	180.0	1.4653972999397853
90.0	181.0	1.4652420990956718
90.0	181.99999999999997	1.4666560392534065
90.0	182.99999999999997	1.4695383406440845
90.0	183.99999999999997	1.4737650441519528
90.0	184.99999999999997	1.4791990892913007
90.0	185.99999999999997	1.4857003921833511
90.0	186.99999999999997	1.4931298767470147
90.0	188.0	1.5013625760688496
90.0	188.99999999999997	1.510290655796128
90.0	190.0	1.5198355077091037
90.0	190.99999999999997	1.5299507731140807
90.0	192.0	1.5406273818318579
90.0	192.99999999999997	1.5518955677931061
90.0	193.99999999999997	1.563825876836059
90.0	194.99999999999997	1.576529166706512
90.0	195.99999999999997	1.5901505602716879
90.0	197.0	1.6048674299248593
90.0	197.99999999999997	1.6208803274061467
90.0	199.0	1.638408952611763
90.0	199.99999999999997	1.657681067819432
90.0	201.0	1.6789234275091907
90.0	201.99999999999997	1.702352708184184
90.0	203.0	1.7281704693822215
90.0	203.99999999999997	1.756549044508131
90.0	204.99999999999997	1.7876295252383783
90.0	206.0	1.8215096679488019
90.0	206.99999999999997	1.8582469171076772
90.0	208.0	1.8978473195011385
90.0	208.99999999999997	1.940270563221624
90.0	210.0	1.98542493867943
90.0	210.99999999999997	2.033170361995779
90.0	212.0	2.0833224061935756
90.0	212.99999999999997	2.135651293399716
90.0	214.0	2.1898939884173587
90.0	215.0	2.245750167535168
90.0	216.0	2.3028953198972704
90.0	217.0	2.3609817553009433
90.0	217.99999999999997	2.4196416275896846
90.0	219.00000000000003	2.4784980204277907
90.0	219.99999999999997	2.537162931704977
90.0	220.99999999999997	2.595243320322516
90.0	221.99999999999997	2.652343121788611
90.0	223.0	2.708065263813777
90.0	224.0	2.7620106585131508
90.0	224.99999999999997	2.813785256990314
90.0	226.0	2.8629919869557834
90.0	227.0	2.909240830703896
90.0	228.0	2.9521397549336124
90.0	229.0	2.9913068043207827
90.0	230.0	3.0263640547320145
90.0	230.99999999999997	3.0569456756061832
90.0	232.00000000000003	3.0826999455498107
90.0	233.0	3.1032952991232006
90.0	233.99999999999997	3.1184293970196375
90.0	234.99999999999994	3.127834165053836
90.0	236.0	3.131284864341137
90.0	237.0	3.1286142004651594
90.0	238.0	3.1197163546685522
90.0	239.0	3.104560085222956
90.0	239.99999999999994	3.083200821001268
90.0	241.0	3.0557836848707107
90.0	242.0	3.0225545794674127
90.0	242.99999999999997	2.9838652261848506
90.0	243.99999999999994	2.9401741729715427
90.0	245.0	2.892048809926422
90.0	246.0	2.840158314715018
90.0	247.0	2.785270629176384
90.0	248.0	2.728240365750833
90.0	248.99999999999997	2.6699946983122906
90.0	250.0	2.611517237405267
90.0	251.0	2.5538248508980117
90.0	252.0	2.4979505314218
90.0	252.99999999999997	2.44491114684488
90.0	254.0	2.395687284318697
90.0	255.0	2.3511940241449065
90.0	256.0	2.31225574483315
90.0	257.0	2.279580928158828
90.0	258.0	2.2537399876139426
90.0	259.0	2.2351451124533135
90.0	260.0	2.2240361585269346
90.0	261.0	2.2204705703030823
90.0	262.0	2.224313302891423
90.0	263.0	2.2352428688291512
90.0	264.0	2.2527533536763644
90.0	265.0	2.276167517386022
90.0	266.0	2.304651911269281
90.0	267.0	2.337246104128479
90.0	268.0	2.3728808226155356
90.0	269.0	2.410417255341826
90.0	270.0	2.4486762790111642
90.0	271.0	2.486478770327363
90.0	272.0	2.522676847722598
90.0	273.0	2.556197206658031
90.0	274.0	2.586068330161421
90.0	275.0	2.611457777341613
90.0	276.0	2.631697378330769
90.0	277.0	2.646306413631212
90.0	278.0	2.655005723283076
90.0	279.0	2.6577328238296407
90.0	280.0	2.6546378771265737
90.0	281.0	2.646083690341932
90.0	282.0	2.6326346301815833
90.0	283.0	2.615036466935423
90.0	284.0	2.5941911795351498
90.0	285.0	2.571127729421281
90.0	286.0	2.5469667876240383
90.0	287.0	2.522885461844231
90.0	288.0	2.500070937759557
90.0	289.0	2.479687221700867
90.0	290.0	2.4628267663630905
90.0	291.0	2.4504782212791825
90.0	292.0	2.443491159901011
90.0	293.0	2.4425397988825495
90.0	294.0	2.4481068733168523
90.0	295.0	2.460456426198449
90.0	296.0	2.4796307850302806
90.0	297.0	2.505439476049117
90.0	298.0	2.537468294404759
90.0	299.0	2.5750873665415512
90.0	300.0	2.6174713061521637
90.0	301.0	2.6636213857267497
90.0	302.0	2.712396778281306
90.0	303.0	2.7625498302767912
90.0	304.0	2.8127623423359305
90.0	305.0	2.861684873353088
90.0	306.0	2.9079810835925857
90.0	307.0	2.9503609920124423
90.0	308.0	2.9876222959696226
90.0	309.0	3.018684636341467
90.0	310.0	3.0426188236586733
90.0	311.0	3.0586710252498337
90.0	311.99999999999994	3.066281913397526
90.0	313.0	3.0650977511128943
90.0	314.0	3.054978454517161
90.0	315.0	3.0359925538531813
90.0	316.0	3.0084111466993093
90.0	317.0	2.97269479659944
90.0	318.0	2.9294743849069174
90.0	319.0	2.8795218846515525
90.0	320.0	2.8237322201812205
90.0	321.0	2.763083963051987
90.0	322.0	2.6986131292881934
90.0	323.0	2.6313789142610293
90.0	324.0	2.562433458757862
90.0	325.0	2.4927936306469394
90.0	326.0	2.4234128065421032
90.0	327.0	2.3551587002536225
90.0	328.0	2.288793206834418
90.0	329.0	2.2249643401985484
90.0	330.0	2.1641880927628057
90.0	331.0	2.1068524666374735
90.0	332.0	2.0532134424355704
90.0	333.0	2.0034020338566725
90.0	334.0	1.9574333578661154
90.0	335.0	1.915220743862641
90.0	336.0	1.876589842846044
90.0	337.0	1.841294752180197
90.0	338.0	1.8090411949398972
90.0	338.99999999999994	1.7795006290785156
90.0	340.0	1.752333426774842
90.0	341.0	1.7272019758030464
90.0	342.0	1.7037878120933887
90.0	343.0	1.6818057288998687
90.0	344.0	1.6610128469794256
90.0	345.0	1.6412176847711402
90.0	346.0	1.6222791505985457
90.0	347.0	1.6041156128488294
90.0	347.99999999999994	1.5866958297936307
90.0	349.0	1.5700379417913524
90.0	350.0	1.5542014089056486
90.0	351.0	1.5392799563216002
90.0	352.0	1.5253904885711376
90.0	353.0	1.5126630115561475
90.0	354.0	1.5012295467738952
90.0	355.0	1.49121808453089
90.0	356.0	1.482737466977549
90.0	356.99999999999994	1.475874364715131
90.0	358.0	1.4706862222119104
90.0	359.0	1.4671972266124254
90.0	0.0	1.3557035604753302
89.0	0.0	1.3558517067356204
88.0	0.0	1.368752524953127
87.00000000000001	0.0	1.393892038306435
86.0	0.0	1.430330979349352
85.0	0.0	1.4767420785254013
84.0	0.0	1.531459446254586
83.0	0.0	1.5925501265693118
82.0	0.0	1.657888674143376
81.0	0.0	1.7252408015001583
80.0	0.0	1.7923520652092584
79.0	0.0	1.8570375598808193
78.00000000000001	0.0	1.9172645575760308
77.0	0.0	1.9712321238245638
76.0	0.0	2.017438640069736
75.0	0.0	2.0547392481367894
74.0	0.0	2.0823841465450714
73.0	0.0	2.100045801045642
72.0	0.0	2.107824991407405
71.0	0.0	2.1062427490355993
70.0	0.0	2.0962111308388134
69.00000000000001	0.0	2.078993915119113
68.0	0.0	2.0561491571037678
67.0	0.0	2.0294616665000818
66.0	0.0	2.0008704460617834
65.0	0.0	1.9723840365831458
64.0	0.0	1.945998885286174
63.0	0.0	1.9236177142077908
62.0	0.0	1.9069739353731594
61.0	0.0	1.8975600971597597
60.00000000000001	0.0	1.8965694320314255
59.00000000000001	0.0	1.9048494978446455
58.00000000000001	0.0	1.9228689205248282
57.00000000000001	0.0	1.9507053004940293
55.99999999999999	0.0	1.9880361424917539
55.00000000000001	0.0	2.0341610271241133
54.0	0.0	2.0880268058060523
53.00000000000001	0.0	2.148269928264289
52.0	0.0	2.213273887005589
51.00000000000001	0.0	2.281226661785044
50.00000000000001	0.0	2.350196304432749
49.00000000000001	0.0	2.4181964457035896
48.0	0.0	2.4832659112946778
47.0	0.0	2.5435342286951403
46.00000000000001	0.0	2.597287134035906
45.0	0.0	2.6430290555464273
44.0	0.0	2.6795214098668634
43.0	0.0	2.7058259373487115
42.0	0.0	2.7213248580085843
41.0	0.0	2.7257319573027923
40.00000000000001	0.0	2.719087547138897
39.0	0.0	2.7017463723034445
37.99999999999999	0.0	2.6743483843289786
37.0	0.0	2.6377834685749306
36.0	0.0	2.59314306993854
35.0	0.0	2.541675849756535
34.0	0.0	2.484731249134554
33.0	0.0	2.42370204447886
31.99999999999999	0.0	2.3599759732072734
31.0	0.0	2.2948843360670255
30.000000000000004	0.0	2.229659669631824
29.00000000000001	0.0	2.1653974499896633
28.000000000000007	0.0	2.1030308978006027
27.00000000000001	0.0	2.0433138457360496
25.999999999999996	0.0	1.986809652704182
25.000000000000004	0.0	1.9338952350407048
24.000000000000004	0.0	1.8847701366880485
22.999999999999993	0.0	1.839478700744532
21.999999999999996	0.0	1.7979292176204513
21.0	0.0	1.7599281901595096
20.00000000000001	0.0	1.725211575367176
19.000000000000014	0.0	1.6934830807228707
18.00000000000001	0.0	1.6644393591221895
17.000000000000007	0.0	1.6378072973914009
15.999999999999995	0.0	1.6133671956342923
14.999999999999996	0.0	1.5909749387813295
14.0	0.0	1.5705720745665481
12.999999999999996	0.0	1.5521918603136864
12.000000000000018	0.0	1.5359612785315646
10.999999999999993	0.0	1.5220869277464375
10.000000000000012	0.0	1.51083889773897
8.999999999999984	0.0	1.5025306135904564
7.999999999999981	0.0	1.4974886017521483
7.000000000000025	0.0	1.4960262873053392
6.000000000000026	0.0	1.4984087210422492
4.999999999999992	0.0	1.5048223455353522
4.000000000000042	0.0	1.5153508079928388
3.0000000000000444	0.0	1.5299477497210137
1.9999999999999472	0.0	1.5484196735635787
0.9999999999999002	0.0	1.5704168737224347
0.0	0.0	1.5954334357576787
0.9999999999999002	180.0	1.6228092521829849
1.9999999999999472	180.0	1.651750178419383
3.0000000000000444	180.0	1.681351212142108
4.000000000000042	180.0	1.71062672721127
4.999999999999992	180.0	1.7385528011747966
6.000000000000026	180.0	1.7641085349736816
6.9999999999999725	180.0	1.7863224116356828
7.999999999999981	180.0	1.8043216783620843
8.999999999999984	180.0	1.817375681828326
10.000000000000012	180.0	1.824940211282322
10.999999999999993	180.0	1.826692771463577
11.999999999999988	180.0	1.8225628165338574
12.999999999999996	180.0	1.8127478748402166
14.0	180.0	1.7977226190941966
14.999999999999996	180.0	1.7782358429787597
15.999999999999995	180.0	1.7552953441829549
16.99999999999999	180.0	1.7301356748758658
17.999999999999986	180.0	1.7041828687874958
18.999999999999996	180.0	1.6790030435266257
19.999999999999993	180.0	1.6562469717079165
21.0	180.0	1.637583566304432
21.999999999999996	180.0	1.6246353815955406
23.00000000000001	180.0	1.6189080673286795
24.000000000000004	180.0	1.6217258696672583
24.99999999999999	180.0	1.634170155531626
26.000000000000007	180.0	1.6570219681307945
26.999999999999996	180.0	1.6907257462456344
28.000000000000007	180.0	1.7353469967259343
28.999999999999996	180.0	1.790565239906576
29.999999999999993	180.0	1.8556629238329576
31.0	180.0	1.9295405412263271
31.99999999999999	180.0	2.0107428322236998
33.0	180.0	2.0975061508692403
34.0	180.0	2.187804823807962
35.000000000000014	180.0	2.279425727314715
36.0	180.0	2.3700398409301084
37.000000000000014	180.0	2.4572858946687033
37.99999999999999	180.0	2.538850992834133
38.99999999999999	180.0	2.612559300215743
40.00000000000001	180.0	2.6764486347129557
40.999999999999986	180.0	2.7288450443642622
42.0	180.0	2.7684252908039424
43.0	180.0	2.7942692547418955
44.00000000000001	180.0	2.805890169894311
45.0	180.0	2.803260825723584
46.000000000000014	180.0	2.7868105440452497
47.0	180.0	2.7574110698603342
47.999999999999986	180.0	2.716343314031619
49.00000000000001	180.0	2.66525200238763
49.99999999999999	180.0	2.606076137682096
51.00000000000001	180.0	2.540983492744159
51.99999999999999	180.0	2.472278900888674
53.000000000000014	180.0	2.40232363210108
53.99999999999999	180.0	2.333438644459255
55.000000000000014	180.0	2.2678179135322574
55.99999999999999	180.0	2.207447808565201
56.999999999999986	180.0	2.15402848425951
58.00000000000001	180.0	2.1089103895185097
58.99999999999999	180.0	2.0730479087537286
60.00000000000001	180.0	2.0469640889657823
61.0	180.0	2.0307355227790382
62.000000000000014	180.0	2.0239953718346837
63.0	180.0	2.025956546137572
64.00000000000001	180.0	2.035444961379961
65.0	180.0	2.0509579912074805
65.99999999999999	180.0	2.0707269506758506
67.0	180.0	2.092800743459074
68.0	180.0	2.1151254778668704
69.00000000000001	180.0	2.135638192029758
70.0	180.0	2.152354532298001
71.00000000000001	180.0	2.1634564316405562
72.0	180.0	2.16737071786482
73.00000000000001	180.0	2.162837643859481
74.0	180.0	2.148970347658177
74.99999999999999	180.0	2.125290125358611
76.0	180.0	2.091757672850909
77.0	180.0	2.0487720780199346
78.00000000000001	180.0	1.9971617505660855
79.0	180.0	1.9381541880746225
80.00000000000001	180.0	1.873328609524284
81.0	180.0	1.8045524640328763
82.00000000000001	180.0	1.7339139084121076
83.0	180.0	1.6636300975778837
83.99999999999999	180.0	1.5959685763305633
85.0	180.0	1.533148515181431
86.0	180.0	1.477260086537572
87.00000000000001	180.0	1.4301737629098605
88.0	180.0	1.3934687632770346
89.00000000000001	180.0	1.3683705696289776
90.0	180.0	1.3557035604753302
91.00000000000001	180.0	1.3558517067356204
92.0	180.0	1.368752524953127
92.99999999999999	180.0	1.393892038306435
94.0	180.0	1.430330979349352
95.0	180.0	1.4767420785254013
96.00000000000001	180.0	1.531459446254586
97.0	180.0	1.5925501265693118
98.00000000000001	180.0	1.657888674143376
99.0	180.0	1.7252408015001583
100.00000000000001	180.0	1.7923520652092584
101.0	180.0	1.8570375598808193
102.00000000000001	180.0	1.9172645575760308
103.0	180.0	1.9712321238245638
104.0	180.0	2.017438640069736
105.00000000000001	180.0	2.0547392481367894
106.0	180.0	2.0823841465450714
107.00000000000001	180.0	2.100045801045642
108.0	180.0	2.107824991407405
109.00000000000001	180.0	2.1062427490355993
110.0	180.0	2.0962111308388134
111.00000000000001	180.0	2.078993915119113
112.0	180.0	2.0561491571037678
113.0	180.0	2.0294616665000818
114.00000000000001	180.0	2.0008704460617834
115.0	180.0	1.9723840365831458
116.00000000000001	180.0	1.945998885286174
117.0	180.0	1.9236177142077908
118.00000000000001	180.0	1.9069739353731594
119.0	180.0	1.8975600971597597
120.00000000000001	180.0	1.8965694320314255
121.0	180.0	1.9048494978446455
122.0	180.0	1.9228689205248282
123.00000000000001	180.0	1.9507053004940293
124.0	180.0	1.9880361424917539
125.00000000000001	180.0	2.0341610271241133
126.0	180.0	2.0880268058060523
127.00000000000001	180.0	2.148269928264289
128.0	180.0	2.213273887005589
129.00000000000003	180.0	2.281226661785044
130.0	180.0	2.350196304432749
131.0	180.0	2.4181964457035896
132.0	180.0	2.4832659112946778
133.0	180.0	2.5435342286951403
134.0	180.0	2.597287134035906
135.0	180.0	2.6430290555464273
136.0	180.0	2.6795214098668634
137.0	180.0	2.7058259373487115
138.00000000000003	180.0	2.7213248580085843
139.0	180.0	2.7257319573027923
140.0	180.0	2.719087547138897
140.99999999999997	180.0	2.7017463723034445
142.00000000000003	180.0	2.6743483843289786
143.0	180.0	2.6377834685749306
144.0	180.0	2.59314306993854
145.0	180.0	2.541675849756535
146.00000000000003	180.0	2.484731249134554
147.00000000000003	180.0	2.42370204447886
148.0	180.0	2.3599759732072734
149.0	180.0	2.2948843360670255
149.99999999999997	180.0	2.229659669631824
151.00000000000003	180.0	2.1653974499896633
152.0	180.0	2.1030308978006027
153.0	180.0	2.0433138457360496
154.0	180.0	1.986809652704182
155.00000000000003	180.0	1.9338952350407048
156.00000000000003	180.0	1.8847701366880485
157.0	180.0	1.839478700744532
158.0	180.0	1.7979292176204513
158.99999999999997	180.0	1.7599281901595096
160.00000000000003	180.0	1.725211575367176
161.0	180.0	1.6934830807228707
162.0	180.0	1.6644393591221895
163.0	180.0	1.6378072973914009
164.00000000000003	180.0	1.6133671956342923
165.00000000000003	180.0	1.5909749387813295
166.0	180.0	1.5705720745665481
167.0	180.0	1.5521918603136864
167.99999999999997	180.0	1.5359612785315646
169.00000000000003	180.0	1.5220869277464375
169.99999999999997	180.0	1.51083889773897
170.99999999999997	180.0	1.5025306135904564
172.0	180.0	1.4974886017521483
173.00000000000003	180.0	1.4960262873053392
174.00000000000003	180.0	1.4984087210422492
175.0	180.0	1.5048223455353522
175.99999999999997	180.0	1.5153508079928388
176.99999999999994	180.0	1.5299477497210137
178.00000000000006	180.0	1.5484196735635787
179.0000000000001	180.0	1.5704168737224347
180.0	180.0	1.5954334357576787
179.0000000000001	0.0	1.6228092521829849
178.00000000000006	0.0	1.651750178419383
176.99999999999994	0.0	1.681351212142108
176.00000000000006	0.0	1.71062672721127
175.0	0.0	1.7385528011747966
174.00000000000003	0.0	1.7641085349736816
172.99999999999997	0.0	1.7863224116356828
172.0	0.0	1.8043216783620843
171.00000000000003	0.0	1.817375681828326
170.00000000000003	0.0	1.824940211282322
168.99999999999997	0.0	1.826692771463577
167.99999999999997	0.0	1.8225628165338574
167.00000000000003	0.0	1.8127478748402166
166.00000000000003	0.0	1.7977226190941966
165.00000000000003	0.0	1.7782358429787597
163.99999999999997	0.0	1.7552953441829549
163.0	0.0	1.7301356748758658
162.00000000000003	0.0	1.7041828687874958
161.00000000000003	0.0	1.6790030435266257
160.0	0.0	1.6562469717079165
159.0	0.0	1.637583566304432
158.00000000000003	0.0	1.6246353815955406
157.00000000000003	0.0	1.6189080673286795
156.00000000000003	0.0	1.6217258696672583
154.99999999999997	0.0	1.634170155531626
154.0	0.0	1.6570219681307945
153.00000000000003	0.0	1.6907257462456344
152.0	0.0	1.7353469967259343
150.99999999999997	0.0	1.790565239906576
150.0	0.0	1.8556629238329576
149.0	0.0	1.9295405412263271
148.0	0.0	2.0107428322236998
147.00000000000003	0.0	2.0975061508692403
146.0	0.0	2.187804823807962
145.0	0.0	2.279425727314715
144.00000000000003	0.0	2.3700398409301084
143.0	0.0	2.4572858946687033
142.0	0.0	2.538850992834133
140.99999999999997	0.0	2.612559300215743
140.00000000000003	0.0	2.6764486347129557
139.00000000000003	0.0	2.7288450443642622
138.00000000000003	0.0	2.7684252908039424
137.0	0.0	2.7942692547418955
136.0	0.0	2.805890169894311
135.00000000000003	0.0	2.803260825723584
134.00000000000003	0.0	2.7868105440452497
132.99999999999997	0.0	2.7574110698603342
131.99999999999997	0.0	2.716343314031619
131.00000000000003	0.0	2.66525200238763
130.00000000000003	0.0	2.606076137682096
129.00000000000003	0.0	2.540983492744159
128.0	0.0	2.472278900888674
126.99999999999999	0.0	2.40232363210108
126.00000000000003	0.0	2.333438644459255
125.00000000000004	0.0	2.2678179135322574
123.99999999999997	0.0	2.207447808565201
122.99999999999999	0.0	2.15402848425951
122.0	0.0	2.1089103895185097
121.0	0.0	2.0730479087537286
120.00000000000001	0.0	2.0469640889657823
119.0	0.0	2.0307355227790382
118.00000000000001	0.0	2.0239953718346837
117.00000000000003	0.0	2.025956546137572
116.00000000000004	0.0	2.035444961379961
115.0	0.0	2.0509579912074805
114.00000000000001	0.0	2.0707269506758506
113.00000000000001	0.0	2.092800743459074
112.00000000000003	0.0	2.1151254778668704
111.00000000000004	0.0	2.135638192029758
110.0	0.0	2.152354532298001
109.00000000000001	0.0	2.1634564316405562
108.00000000000003	0.0	2.16737071786482
107.00000000000004	0.0	2.162837643859481
106.0	0.0	2.148970347658177
105.0	0.0	2.125290125358611
104.00000000000001	0.0	2.091757672850909
103.00000000000001	0.0	2.0487720780199346
102.00000000000003	0.0	1.9971617505660855
100.99999999999999	0.0	1.9381541880746225
100.0	0.0	1.873328609524284
99.00000000000001	0.0	1.8045524640328763
98.00000000000003	0.0	1.7339139084121076
96.99999999999999	0.0	1.6636300975778837
96.0	0.0	1.5959685763305633
95.0	0.0	1.533148515181431
94.00000000000001	0.0	1.477260086537572
93.00000000000003	0.0	1.4301737629098605
91.99999999999999	0.0	1.3934687632770346
91.0	0.0	1.3683705696289776
90.0	90.0	2.1228824966794746
89.0	90.0	2.1144734327620562
88.0	90.0	2.1051049454446638
87.00000000000001	90.0	2.0950713116524997
86.0	90.0	2.084729291767487
85.0	90.0	2.0744890594490673
84.0	90.0	2.0647940456804235
83.0	90.0	2.056108845196206
82.0	90.0	2.0488950293379986
81.0	90.0	2.0436010680774284
80.0	90.0	2.0406351194785595
79.0	90.0	2.0403549517210036
78.00000000000001	90.0	2.043051818336897
77.0	90.0	2.0489353412455604
76.0	90.0	2.058124440574302
75.0	90.0	2.0706422956699706
74.0	90.0	2.0864133217058862
73.0	90.0	2.1052611540864663
72.0	90.0	2.1269167108287346
71.0	90.0	2.1510232315507682
70.0	90.0	2.177149378841655
69.00000000000001	90.0	2.2048033474291384
68.0	90.0	2.2334489889426457
67.0	90.0	2.262523952271687
66.0	90.0	2.291457823924262
65.0	90.0	2.3196942995760153
64.0	90.0	2.346706301035575
63.0	90.0	2.3720171399960215
62.0	90.0	2.3952126116071555
61.0	90.0	2.4159571192385245
60.00000000000001	90.0	2.4340007290632437
59.00000000000001	90.0	2.4491852168441337
58.00000000000001	90.0	2.4614501147198506
57.00000000000001	90.0	2.4708246488233776
55.99999999999999	90.0	2.4774307626750884
55.00000000000001	90.0	2.4814639690266596
54.0	90.0	2.483190326467999
53.00000000000001	90.0	2.4829262834734687
52.0	90.0	2.481020538043478
51.00000000000001	90.0	2.477840936334531
50.00000000000001	90.0	2.473748269919306
49.00000000000001	90.0	2.469083174416702
48.0	90.0	2.4641429501449874
47.0	90.0	2.4591694685495344
46.00000000000001	90.0	2.454334055237481
45.0	90.0	2.449726404203153
44.0	90.0	2.445346515446549
43.0	90.0	2.441104694973345
42.0	90.0	2.436819539199512
41.0	90.0	2.432227005130519
40.00000000000001	90.0	2.426985449349779
39.0	90.0	2.420691752781673
37.99999999999999	90.0	2.412898453252263
37.0	90.0	2.4031308780500074
36.0	90.0	2.3909083076772304
35.0	90.0	2.375768162994659
34.0	90.0	2.3572851533775143
33.0	90.0	2.3350974794554284
31.99999999999999	90.0	2.308921950077779
31.0	90.0	2.2785771616605364
30.000000000000004	90.0	2.243992568365468
29.00000000000001	90.0	2.2052256146608498
28.000000000000007	90.0	2.1624597197260877
27.00000000000001	90.0	2.116016371023989
25.999999999999996	90.0	2.0663440385261795
25.000000000000004	90.0	2.014013135724661
24.000000000000004	90.0	1.959705941654919
22.999999999999993	90.0	1.9041954371444534
21.999999999999996	90.0	1.8483281722520646
21.0	90.0	1.7929980635279383
20.00000000000001	90.0	1.739124222464487
19.000000000000014	90.0	1.6876187059702987
18.00000000000001	90.0	1.6393653526186696
17.000000000000007	90.0	1.595185517526173
15.999999999999995	90.0	1.5558179163988817
14.999999999999996	90.0	1.521892422792451
14.0	90.0	1.493911927753716
12.999999999999996	90.0	1.4722341994622887
12.000000000000018	90.0	1.4570628130513565
10.999999999999993	90.0	1.4484390882261706
10.000000000000012	90.0	1.4462390658709783
8.999999999999984	90.0	1.450181570430535
7.999999999999981	90.0	1.459832241100861
7.000000000000025	90.0	1.4746196565922656
6.000000000000026	90.0	1.4938554910831294
4.999999999999992	90.0	1.5167516467806161
4.000000000000042	90.0	1.5424444410652116
3.0000000000000444	90.0	1.57002987940984
1.9999999999999472	90.0	1.5985787723451985
0.9999999999999002	90.0	1.6271760395696309
0.0	90.0	1.654943889295977
0.9999999999999002	270.0	1.6810639898007291
1.9999999999999472	270.0	1.7048097189500837
3.0000000000000444	270.0	1.7255592655698977
4.000000000000042	270.0	1.7428167931971597
4.999999999999992	270.0	1.7562225180568791
6.000000000000026	270.0	1.7655648026343564
6.9999999999999725	270.0	1.7707781400798028
7.999999999999981	270.0	1.771948193196788
8.999999999999984	270.0	1.7692997008699691
10.000000000000012	270.0	1.763195470267404
10.999999999999993	270.0	1.7541111818983233
11.999999999999988	270.0	1.7426323662200638
12.999999999999996	270.0	1.7294211463143307
14.0	270.0	1.7152071677079943
14.999999999999996	270.0	1.7007553488470426
15.999999999999995	270.0	1.686850764131244
16.99999999999999	270.0	1.674270425578855
17.999999999999986	270.0	1.6637641346705272
18.999999999999996	270.0	1.6560363419909054
19.999999999999993	270.0	1.65172196008409
21.0	270.0	1.6513772932744355
21.999999999999996	270.0	1.655463912903526
23.00000000000001	270.0	1.6643416027463518
24.000000000000004	270.0	1.678259288832108
24.99999999999999	270.0	1.6973510082534375
26.000000000000007	270.0	1.721640948154878
26.999999999999996	270.0	1.7510394145421042
28.000000000000007	270.0	1.7853539180565074
28.999999999999996	270.0	1.824291189570575
29.999999999999993	270.0	1.8674712893555356
31.0	270.0	1.9144356694628724
31.99999999999999	270.0	1.964656243903524
33.0	270.0	2.017554536803977
34.0	270.0	2.072507729192399
35.000000000000014	270.0	2.128866799357043
36.0	270.0	2.18596458522776
37.000000000000014	270.0	2.2431278779482646
37.99999999999999	270.0	2.2996915310437855
38.99999999999999	270.0	2.355004507207198
40.00000000000001	270.0	2.4084429796689806
40.999999999999986	270.0	2.459413355590284
42.0	270.0	2.5073663852305774
43.0	270.0	2.5517971619476465
44.00000000000001	270.0	2.59225318457911
45.0	270.0	2.62833939643086
46.000000000000014	270.0	2.6597222164678223
47.0	270.0	2.686129539313953
47.999999999999986	270.0	2.707358797633754
49.00000000000001	270.0	2.7232749465368924
49.99999999999999	270.0	2.7338144947689593
51.00000000000001	270.0	2.738983489116088
51.99999999999999	270.0	2.7388605377980237
53.000000000000014	270.0	2.733592779277368
53.99999999999999	270.0	2.7233989056526458
55.000000000000014	270.0	2.708563115872167
55.99999999999999	270.0	2.689432092340964
56.999999999999986	270.0	2.666411977527724
58.00000000000001	270.0	2.639959303785586
58.99999999999999	270.0	2.6105779699590737
60.00000000000001	270.0	2.5788071478118284
61.0	270.0	2.5452132196450945
62.000000000000014	270.0	2.5103797003208315
63.0	270.0	2.4748961514871324
64.00000000000001	270.0	2.4393440724105777
65.0	270.0	2.404286821999346
65.99999999999999	270.0	2.370255509635565
67.0	270.0	2.337739924996113
68.0	270.0	2.3071724132895906
69.00000000000001	270.0	2.278923844065569
70.0	270.0	2.253289502046938
71.00000000000001	270.0	2.2304870715345326
72.0	270.0	2.21064655843024
73.00000000000001	270.0	2.1938143214277566
74.0	270.0	2.179949040821831
74.99999999999999	270.0	2.168923734103643
76.0	270.0	2.160537849533073
77.0	270.0	2.1545182739363877
78.00000000000001	270.0	2.150533441873891
79.0	270.0	2.1482054292121897
80.00000000000001	270.0	2.1471250700895297
81.0	270.0	2.1468650582857554
82.00000000000001	270.0	2.146997079783021
83.0	270.0	2.1471119687195723
83.99999999999999	270.0	2.1468297853666387
85.0	270.0	2.1458169486891454
86.0	270.0	2.14380034551336
87.00000000000001	270.0	2.1405784163014725
88.0	270.0	2.1360282097354197
89.00000000000001	270.0	2.1301124373007068
90.0	270.0	2.1228824966794746
91.00000000000001	270.0	2.1144734327620562
92.0	270.0	2.1051049454446638
92.99999999999999	270.0	2.0950713116524997
94.0	270.0	2.084729291767487
95.0	270.0	2.0744890594490673
96.00000000000001	270.0	2.0647940456804235
97.0	270.0	2.056108845196206
98.00000000000001	270.0	2.0488950293379986
99.0	270.0	2.0436010680774284
100.00000000000001	270.0	2.0406351194785595
101.0	270.0	2.0403549517210036
102.00000000000001	270.0	2.043051818336897
103.0	270.0	2.0489353412455604
104.0	270.0	2.058124440574302
105.00000000000001	270.0	2.0706422956699706
106.0	270.0	2.0864133217058862
107.00000000000001	270.0	2.1052611540864663
108.0	270.0	2.1269167108287346
109.00000000000001	270.0	2.1510232315507682
110.0	270.0	2.177149378841655
111.00000000000001	270.0	2.2048033474291384
112.0	270.0	2.2334489889426457
113.0	270.0	2.262523952271687
114.00000000000001	270.0	2.291457823924262
115.0	270.0	2.3196942995760153
116.00000000000001	270.0	2.346706301035575
117.0	270.0	2.3720171399960215
118.00000000000001	270.0	2.3952126116071555
119.0	270.0	2.4159571192385245
120.00000000000001	270.0	2.4340007290632437
121.0	270.0	2.4491852168441337
122.0	270.0	2.4614501147198506
123.00000000000001	270.0	2.4708246488233776
124.0	270.0	2.4774307626750884
125.00000000000001	270.0	2.4814639690266596
126.0	270.0	2.483190326467999
127.00000000000001	270.0	2.4829262834734687
128.0	270.0	2.481020538043478
129.00000000000003	270.0	2.477840936334531
130.0	270.0	2.473748269919306
131.0	270.0	2.469083174416702
132.0	270.0	2.4641429501449874
133.0	270.0	2.4591694685495344
134.0	270.0	2.454334055237481
135.0	270.0	2.449726404203153
136.0	270.0	2.445346515446549
137.0	270.0	2.441104694973345
138.00000000000003	270.0	2.436819539199512
139.0	270.0	2.432227005130519
140.0	270.0	2.426985449349779
140.99999999999997	270.0	2.420691752781673
142.00000000000003	270.0	2.412898453252263
143.0	270.0	2.4031308780500074
144.0	270.0	2.3909083076772304
145.0	270.0	2.375768162994659
146.00000000000003	270.0	2.3572851533775143
147.00000000000003	270.0	2.3350974794554284
148.0	270.0	2.308921950077779
149.0	270.0	2.2785771616605364
149.99999999999997	270.0	2.243992568365468
151.00000000000003	270.0	2.2052256146608498
152.0	270.0	2.1624597197260877
153.0	270.0	2.116016371023989
154.0	270.0	2.0663440385261795
155.00000000000003	270.0	2.014013135724661
156.00000000000003	270.0	1.959705941654919
157.0	270.0	1.9041954371444534
158.0	270.0	1.8483281722520646
158.99999999999997	270.0	1.7929980635279383
160.00000000000003	270.0	1.739124222464487
161.0	270.0	1.6876187059702987
162.0	270.0	1.6393653526186696
163.0	270.0	1.595185517526173
164.00000000000003	270.0	1.5558179163988817
165.00000000000003	270.0	1.521892422792451
166.0	270.0	1.493911927753716
167.0	270.0	1.4722341994622887
167.99999999999997	270.0	1.4570628130513565
169.00000000000003	270.0	1.4484390882261706
169.99999999999997	270.0	1.4462390658709783
170.99999999999997	270.0	1.450181570430535
172.0	270.0	1.459832241100861
173.00000000000003	270.0	1.4746196565922656
174.00000000000003	270.0	1.4938554910831294
175.0	270.0	1.5167516467806161
175.99999999999997	270.0	1.5424444410652116
176.99999999999994	270.0	1.57002987940984
178.00000000000006	270.0	1.5985787723451985
179.0000000000001	270.0	1.6271760395696309
180.0	270.0	1.654943889295977
179.0000000000001	90.0	1.6810639898007291
178.00000000000006	90.0	1.7048097189500837
176.99999999999994	90.0	1.7255592655698977
176.00000000000006	90.0	1.7428167931971597
175.0	90.0	1.7562225180568791
174.00000000000003	90.0	1.7655648026343564
172.99999999999997	90.0	1.7707781400798028
172.0	90.0	1.771948193196788
171.00000000000003	90.0	1.7692997008699691
170.00000000000003	90.0	1.763195470267404
168.99999999999997	90.0	1.7541111818983233
167.99999999999997	90.0	1.7426323662200638
167.00000000000003	90.0	1.7294211463143307
166.00000000000003	90.0	1.7152071677079943
165.00000000000003	90.0	1.7007553488470426
163.99999999999997	90.0	1.686850764131244
163.0	90.0	1.674270425578855
162.00000000000003	90.0	1.6637641346705272
161.00000000000003	90.0	1.6560363419909054
160.0	90.0	1.65172196008409
159.0	90.0	1.6513772932744355
158.00000000000003	90.0	1.655463912903526
157.00000000000003	90.0	1.6643416027463518
156.00000000000003	90.0	1.678259288832108
154.99999999999997	90.0	1.6973510082534375
154.0	90.0	1.721640948154878
153.00000000000003	90.0	1.7510394145421042
152.0	90.0	1.7853539180565074
150.99999999999997	90.0	1.824291189570575
150.0	90.0	1.8674712893555356
149.0	90.0	1.9144356694628724
148.0	90.0	1.964656243903524
147.00000000000003	90.0	2.017554536803977
146.0	90.0	2.072507729192399
145.0	90.0	2.128866799357043
144.00000000000003	90.0	2.18596458522776
143.0	90.0	2.2431278779482646
142.0	90.0	2.2996915310437855
140.99999999999997	90.0	2.355004507207198
140.00000000000003	90.0	2.4084429796689806
139.00000000000003	90.0	2.459413355590284
138.00000000000003	90.0	2.5073663852305774
137.0	90.0	2.5517971619476465
136.0	90.0	2.59225318457911
135.00000000000003	90.0	2.62833939643086
134.00000000000003	90.0	2.6597222164678223
132.99999999999997	90.0	2.686129539313953
131.99999999999997	90.0	2.707358797633754
131.00000000000003	90.0	2.7232749465368924
130.00000000000003	90.0	2.7338144947689593
129.00000000000003	90.0	2.738983489116088
128.0	90.0	2.7388605377980237
126.99999999999999	90.0	2.733592779277368
126.00000000000003	90.0	2.7233989056526458
125.00000000000004	90.0	2.708563115872167
123.99999999999997	90.0	2.689432092340964
122.99999999999999	90.0	2.666411977527724
122.0	90.0	2.639959303785586
121.0	90.0	2.6105779699590737
120.00000000000001	90.0	2.5788071478118284
119.0	90.0	2.5452132196450945
118.00000000000001	90.0	2.5103797003208315
117.00000000000003	90.0	2.4748961514871324
116.00000000000004	90.0	2.4393440724105777
115.0	90.0	2.404286821999346
114.00000000000001	90.0	2.370255509635565
113.00000000000001	90.0	2.337739924996113
112.00000000000003	90.0	2.3071724132895906
111.00000000000004	90.0	2.278923844065569
110.0	90.0	2.253289502046938
109.00000000000001	90.0	2.2304870715345326
108.00000000000003	90.0	2.21064655843024
107.00000000000004	90.0	2.1938143214277566
106.0	90.0	2.179949040821831
105.0	90.0	2.168923734103643
104.00000000000001	90.0	2.160537849533073
103.00000000000001	90.0	2.1545182739363877
102.00000000000003	90.0	2.150533441873891
100.99999999999999	90.0	2.1482054292121897
100.0	90.0	2.1471250700895297
99.00000000000001	90.0	2.1468650582857554
98.00000000000003	90.0	2.146997079783021
96.99999999999999	90.0	2.1471119687195723
96.0	90.0	2.1468297853666387
95.0	90.0	2.1458169486891454
94.00000000000001	90.0	2.14380034551336
93.00000000000003	90.0	2.1405784163014725
91.99999999999999	90.0	2.1360282097354197
91.0	90.0	2.1301124373007068
