Polar Angle 	 Azimuth Angle 	 Intensity 
90.0	45.0	1.3474825824261978
89.0	45.0	1.3464273166170042
88.0	45.0	1.3450412520045945
87.00000000000001	45.0	1.343295597929364
86.0	45.0	1.341133948201066
85.0	45.0	1.338476394050185
84.0	45.0	1.3352210909665534
83.0	45.0	1.331249742634516
82.0	45.0	1.326432105593955
81.0	45.0	1.3206314731754536
80.0	45.0	1.3137111387095952
79.0	45.0	1.3055398794621258
78.00000000000001	45.0	1.2959990074077354
77.0	45.0	1.2849868738910841
76.0	45.0	1.2724255286909287
75.0	45.0	1.2582636578425306
74.0	45.0	1.242481088298684
73.0	45.0	1.2250915298972964
72.0	45.0	1.2061425753613877
71.0	45.0	1.1857178547021914
70.0	45.0	1.163934097396745
69.00000000000001	45.0	1.1409405448234091
68.0	45.0	1.1169148373104947
67.0	45.0	1.0920592928945452
66.0	45.0	1.0665964026593102
65.0	45.0	1.040762367526447
64.0	45.0	1.0148022018848382
63.0	45.0	0.9889632703812938
62.0	45.0	0.963489216420906
61.0	45.0	0.9386144782318865
60.00000000000001	45.0	0.9145582173659219
59.00000000000001	45.0	0.8915205974564562
58.00000000000001	45.0	0.869677691993182
57.00000000000001	45.0	0.8491783506448055
55.99999999999999	45.0	0.8301426324204273
55.00000000000001	45.0	0.8126590637019621
54.0	45.0	0.7967852258086198
53.00000000000001	45.0	0.7825479508517326
52.0	45.0	0.7699435175895833
51.00000000000001	45.0	0.7589407851046398
50.00000000000001	45.0	0.7494831513518283
49.00000000000001	45.0	0.7414912951261151
48.0	45.0	0.734866897304223
47.0	45.0	0.7294961662315235
46.00000000000001	45.0	0.7252525796896161
45.0	45.0	0.7220011937025296
44.0	45.0	0.7196017762139568
43.0	45.0	0.7179107656355275
42.0	45.0	0.7167851879433531
41.0	45.0	0.7160834400973359
40.00000000000001	45.0	0.7156682278635775
39.0	45.0	0.715406761669206
37.99999999999999	45.0	0.7151721275861671
37.0	45.0	0.7148440707505325
36.0	45.0	0.7143086036528459
35.0	45.0	0.713458985412259
34.0	45.0	0.7121943507927412
33.0	45.0	0.7104212770416963
31.99999999999999	45.0	0.7080530004706554
31.0	45.0	0.7050094164552754
30.000000000000004	45.0	0.7012180587094756
29.00000000000001	45.0	0.6966146868499201
28.000000000000007	45.0	0.691143482250844
27.00000000000001	45.0	0.684759398301981
25.999999999999996	45.0	0.6774289438278726
25.000000000000004	45.0	0.6691315540716578
24.000000000000004	45.0	0.659861745098174
22.999999999999993	45.0	0.6496302889229194
21.999999999999996	45.0	0.6384665637699809
21.0	45.0	0.6264187499268604
20.00000000000001	45.0	0.6135561800024028
19.000000000000014	45.0	0.5999691430719676
18.00000000000001	45.0	0.5857686888226026
17.000000000000007	45.0	0.5710870192626977
15.999999999999995	45.0	0.5560755301737129
14.999999999999996	45.0	0.5409030484167332
14.0	45.0	0.5257534816745412
12.999999999999996	45.0	0.5108219013550722
12.000000000000018	45.0	0.4963118006238335
10.999999999999993	45.0	0.4824290229042591
10.000000000000012	45.0	0.4693780406359922
8.999999999999984	45.0	0.4573570589042043
7.999999999999981	45.0	0.4465513563754688
7.000000000000025	45.0	0.4371301516205249
6.000000000000026	45.0	0.4292397481953243
4.999999999999992	45.0	0.4230005968186223
4.000000000000042	45.0	0.41850279071095153
3.0000000000000444	45.0	0.4158033236270401
1.9999999999999472	45.0	0.4149235437430576
0.9999999999999002	45.0	0.4158487619469608
0.0	45.0	0.4185272725643571
0.9999999999999002	225.0	0.42287231190677715
1.9999999999999472	225.0	0.42876362511029276
3.0000000000000444	225.0	0.4360515790868892
4.000000000000042	225.0	0.4445602962017008
4.999999999999992	225.0	0.45409294235334685
6.000000000000026	225.0	0.4644381901832305
6.9999999999999725	225.0	0.4753757030107016
7.999999999999981	225.0	0.4866825980423559
8.999999999999984	225.0	0.4981401054361612
10.000000000000012	225.0	0.5095398356559294
10.999999999999993	225.0	0.5206900468257881
11.999999999999988	225.0	0.5314201493912073
12.999999999999996	225.0	0.541585994199335
14.0	225.0	0.551073006176233
14.999999999999996	225.0	0.5597989262944588
15.999999999999995	225.0	0.5677149867020285
16.99999999999999	225.0	0.5748059107224169
17.999999999999986	225.0	0.5810897169997306
18.999999999999996	225.0	0.5866141941118171
19.999999999999993	225.0	0.5914553337316476
21.0	225.0	0.5957122384018076
21.999999999999996	225.0	0.5995030085831256
23.00000000000001	225.0	0.6029586711550282
24.000000000000004	225.0	0.6062186747545135
24.99999999999999	225.0	0.6094250141313339
26.000000000000007	225.0	0.6127163545031783
26.999999999999996	225.0	0.6162231351849917
28.000000000000007	225.0	0.6200634566376024
28.999999999999996	225.0	0.6243383799518689
29.999999999999993	225.0	0.6291303600100611
31.0	225.0	0.6345001118086244
31.99999999999999	225.0	0.6404864146033538
33.0	225.0	0.6471057201997372
34.0	225.0	0.6543539156464031
35.000000000000014	225.0	0.6622076942189089
36.0	225.0	0.6706280808066333
37.000000000000014	225.0	0.679563761444838
37.99999999999999	225.0	0.6889548045563862
38.99999999999999	225.0	0.6987373614675964
40.00000000000001	225.0	0.7088483669240956
40.999999999999986	225.0	0.7192290644777104
42.0	225.0	0.7298291194378392
43.0	225.0	0.7406107318228236
44.00000000000001	225.0	0.7515505949082217
45.0	225.0	0.762642049629907
46.000000000000014	225.0	0.773895868003378
47.0	225.0	0.7853404489785852
47.999999999999986	225.0	0.7970208391657949
49.00000000000001	225.0	0.8089969701421438
49.99999999999999	225.0	0.8213399372099216
51.00000000000001	225.0	0.8341298449934715
51.99999999999999	225.0	0.8474501276491997
53.000000000000014	225.0	0.8613844151883394
53.99999999999999	225.0	0.8760106578321342
55.000000000000014	225.0	0.8913964254959831
55.99999999999999	225.0	0.9075951865477242
56.999999999999986	225.0	0.9246414114369524
58.00000000000001	225.0	0.9425468514533024
58.99999999999999	225.0	0.9612985801781759
60.00000000000001	225.0	0.9808562515171608
61.0	225.0	1.0011524914096848
62.000000000000014	225.0	1.0220919185548798
63.0	225.0	1.0435534946695089
64.00000000000001	225.0	1.0653924830362382
65.0	225.0	1.087444365600182
65.99999999999999	225.0	1.1095281725009671
67.0	225.0	1.1314527494272022
68.0	225.0	1.153021458132334
69.00000000000001	225.0	1.1740382479342903
70.0	225.0	1.194313139650645
71.00000000000001	225.0	1.2136688846627408
72.0	225.0	1.2319448820122372
73.00000000000001	225.0	1.2490028581911001
74.0	225.0	1.264730392528491
74.99999999999999	225.0	1.2790442467228307
76.0	225.0	1.2918915399707631
77.0	225.0	1.3032509240961188
78.00000000000001	225.0	1.3131316042757784
79.0	225.0	1.3215723597655362
80.00000000000001	225.0	1.3286384102228646
81.0	225.0	1.3344171069007147
82.00000000000001	225.0	1.3390144072606256
83.0	225.0	1.3425486076182533
83.99999999999999	225.0	1.345145055063034
85.0	225.0	1.3469306635230225
86.0	225.0	1.34802686299111
87.00000000000001	225.0	1.3485447031543447
88.0	225.0	1.3485803487329033
89.00000000000001	225.0	1.3482088121256204
90.0	225.0	1.3474825824261978
91.00000000000001	225.0	1.3464273166170042
92.0	225.0	1.3450412520045945
92.99999999999999	225.0	1.343295597929364
94.0	225.0	1.341133948201066
95.0	225.0	1.338476394050185
96.00000000000001	225.0	1.3352210909665534
97.0	225.0	1.331249742634516
98.00000000000001	225.0	1.326432105593955
99.0	225.0	1.3206314731754536
100.00000000000001	225.0	1.3137111387095952
101.0	225.0	1.3055398794621258
102.00000000000001	225.0	1.2959990074077354
103.0	225.0	1.2849868738910841
104.0	225.0	1.2724255286909287
105.00000000000001	225.0	1.2582636578425306
106.0	225.0	1.242481088298684
107.00000000000001	225.0	1.2250915298972964
108.0	225.0	1.2061425753613877
109.00000000000001	225.0	1.1857178547021914
110.0	225.0	1.163934097396745
111.00000000000001	225.0	1.1409405448234091
112.0	225.0	1.1169148373104947
113.0	225.0	1.0920592928945452
114.00000000000001	225.0	1.0665964026593102
115.0	225.0	1.040762367526447
116.00000000000001	225.0	1.0148022018848382
117.0	225.0	0.9889632703812938
118.00000000000001	225.0	0.963489216420906
119.0	225.0	0.9386144782318865
120.00000000000001	225.0	0.9145582173659219
121.0	225.0	0.8915205974564562
122.0	225.0	0.869677691993182
123.00000000000001	225.0	0.8491783506448055
124.0	225.0	0.8301426324204273
125.00000000000001	225.0	0.8126590637019621
126.0	225.0	0.7967852258086198
127.00000000000001	225.0	0.7825479508517326
128.0	225.0	0.7699435175895833
129.00000000000003	225.0	0.7589407851046398
130.0	225.0	0.7494831513518283
131.0	225.0	0.7414912951261151
132.0	225.0	0.734866897304223
133.0	225.0	0.7294961662315235
134.0	225.0	0.7252525796896161
135.0	225.0	0.7220011937025296
136.0	225.0	0.7196017762139568
137.0	225.0	0.7179107656355275
138.00000000000003	225.0	0.7167851879433531
139.0	225.0	0.7160834400973359
140.0	225.0	0.7156682278635775
140.99999999999997	225.0	0.715406761669206
142.00000000000003	225.0	0.7151721275861671
143.0	225.0	0.7148440707505325
144.0	225.0	0.7143086036528459
145.0	225.0	0.713458985412259
146.00000000000003	225.0	0.7121943507927412
147.00000000000003	225.0	0.7104212770416963
148.0	225.0	0.7080530004706554
149.0	225.0	0.7050094164552754
149.99999999999997	225.0	0.7012180587094756
151.00000000000003	225.0	0.6966146868499201
152.0	225.0	0.691143482250844
153.0	225.0	0.684759398301981
154.0	225.0	0.6774289438278726
155.00000000000003	225.0	0.6691315540716578
156.00000000000003	225.0	0.659861745098174
157.0	225.0	0.6496302889229194
158.0	225.0	0.6384665637699809
158.99999999999997	225.0	0.6264187499268604
160.00000000000003	225.0	0.6135561800024028
161.0	225.0	0.5999691430719676
162.0	225.0	0.5857686888226026
163.0	225.0	0.5710870192626977
164.00000000000003	225.0	0.5560755301737129
165.00000000000003	225.0	0.5409030484167332
166.0	225.0	0.5257534816745412
167.0	225.0	0.5108219013550722
167.99999999999997	225.0	0.4963118006238335
169.00000000000003	225.0	0.4824290229042591
169.99999999999997	225.0	0.4693780406359922
170.99999999999997	225.0	0.4573570589042043
172.0	225.0	0.4465513563754688
173.00000000000003	225.0	0.4371301516205249
174.00000000000003	225.0	0.4292397481953243
175.0	225.0	0.4230005968186223
175.99999999999997	225.0	0.41850279071095153
176.99999999999994	225.0	0.4158033236270401
178.00000000000006	225.0	0.4149235437430576
179.0000000000001	225.0	0.4158487619469608
180.0	225.0	0.4185272725643571
179.0000000000001	45.0	0.42287231190677715
178.00000000000006	45.0	0.42876362511029276
176.99999999999994	45.0	0.4360515790868892
176.00000000000006	45.0	0.4445602962017008
175.0	45.0	0.45409294235334685
174.00000000000003	45.0	0.4644381901832305
172.99999999999997	45.0	0.4753757030107016
172.0	45.0	0.4866825980423559
171.00000000000003	45.0	0.4981401054361612
170.00000000000003	45.0	0.5095398356559294
168.99999999999997	45.0	0.5206900468257881
167.99999999999997	45.0	0.5314201493912073
167.00000000000003	45.0	0.541585994199335
166.00000000000003	45.0	0.551073006176233
165.00000000000003	45.0	0.5597989262944588
163.99999999999997	45.0	0.5677149867020285
163.0	45.0	0.5748059107224169
162.00000000000003	45.0	0.5810897169997306
161.00000000000003	45.0	0.5866141941118171
160.0	45.0	0.5914553337316476
159.0	45.0	0.5957122384018076
158.00000000000003	45.0	0.5995030085831256
157.00000000000003	45.0	0.6029586711550282
156.00000000000003	45.0	0.6062186747545135
154.99999999999997	45.0	0.6094250141313339
154.0	45.0	0.6127163545031783
153.00000000000003	45.0	0.6162231351849917
152.0	45.0	0.6200634566376024
150.99999999999997	45.0	0.6243383799518689
150.0	45.0	0.6291303600100611
149.0	45.0	0.6345001118086244
148.0	45.0	0.6404864146033538
147.00000000000003	45.0	0.6471057201997372
146.0	45.0	0.6543539156464031
145.0	45.0	0.6622076942189089
144.00000000000003	45.0	0.6706280808066333
143.0	45.0	0.679563761444838
142.0	45.0	0.6889548045563862
140.99999999999997	45.0	0.6987373614675964
140.00000000000003	45.0	0.7088483669240956
139.00000000000003	45.0	0.7192290644777104
138.00000000000003	45.0	0.7298291194378392
137.0	45.0	0.7406107318228236
136.0	45.0	0.7515505949082217
135.00000000000003	45.0	0.762642049629907
134.00000000000003	45.0	0.773895868003378
132.99999999999997	45.0	0.7853404489785852
131.99999999999997	45.0	0.7970208391657949
131.00000000000003	45.0	0.8089969701421438
130.00000000000003	45.0	0.8213399372099216
129.00000000000003	45.0	0.8341298449934715
128.0	45.0	0.8474501276491997
126.99999999999999	45.0	0.8613844151883394
126.00000000000003	45.0	0.8760106578321342
125.00000000000004	45.0	0.8913964254959831
123.99999999999997	45.0	0.9075951865477242
122.99999999999999	45.0	0.9246414114369524
122.0	45.0	0.9425468514533024
121.0	45.0	0.9612985801781759
120.00000000000001	45.0	0.9808562515171608
119.0	45.0	1.0011524914096848
118.00000000000001	45.0	1.0220919185548798
117.00000000000003	45.0	1.0435534946695089
116.00000000000004	45.0	1.0653924830362382
115.0	45.0	1.087444365600182
114.00000000000001	45.0	1.1095281725009671
113.00000000000001	45.0	1.1314527494272022
112.00000000000003	45.0	1.153021458132334
111.00000000000004	45.0	1.1740382479342903
110.0	45.0	1.194313139650645
109.00000000000001	45.0	1.2136688846627408
108.00000000000003	45.0	1.2319448820122372
107.00000000000004	45.0	1.2490028581911001
106.0	45.0	1.264730392528491
105.0	45.0	1.2790442467228307
104.00000000000001	45.0	1.2918915399707631
103.00000000000001	45.0	1.3032509240961188
102.00000000000003	45.0	1.3131316042757784
100.99999999999999	45.0	1.3215723597655362
100.0	45.0	1.3286384102228646
99.00000000000001	45.0	1.3344171069007147
98.00000000000003	45.0	1.3390144072606256
96.99999999999999	45.0	1.3425486076182533
96.0	45.0	1.345145055063034
95.0	45.0	1.3469306635230225
94.00000000000001	45.0	1.34802686299111
93.00000000000003	45.0	1.3485447031543447
91.99999999999999	45.0	1.3485803487329033
91.0	45.0	1.3482088121256204
90.0	0.0	1.0432841942820477
89.29291116952395	0.7071426817872533	1.0462886073319788
88.58593006627854	1.4145007934175506	1.0533566163375796
87.87916453235917	2.122289895867879	1.0642099115893358
87.1727226397129	2.8307258121018455	1.0784685347223921
86.4667128053692	3.540024757356371	1.0956636092803262
85.76124390703504	4.250403468570711	1.1152504629885707
85.05642539917308	4.962079332655645	1.136625862979212
84.3523674296794	5.675270513286652	1.159143880031998
83.64918095727445	6.390196075887154	1.1821346906377523
82.94697786971682	7.107076110446535	1.2049229873521359
82.24587110294536	7.826131851792348	1.2268458015849257
81.54597476125012	8.547585796906942	1.247269542969986
80.84740423856572	9.271661818845425	1.2656066470255827
80.15027634097487	9.998585276774412	1.281329872556774
79.45470941050044	10.728583121609057	1.2939844446546982
78.76082345025607	11.461883996679509	1.303198826712072
78.0687402510143	12.198718332806749	1.3086915753421449
77.37858351923944	12.939318437111838	1.310277411878344
76.69047900661849	13.683918574821595	1.3078691809225451
76.00455464110858	14.432755043267381	1.3014774586354196
75.32094065950206	15.186066237202516	1.2912083983333342
74.63976974149092	15.944092704486447	1.2772584424080147
73.96117714519126	16.707077191101824	1.2599068798431126
73.28530084406378	17.47526467438212	1.2395070327469762
72.61228166514054	18.2489023832344	1.2164754843371548
71.94226342843773	19.028239804042187	1.191280327650763
71.27539308740191	19.813528670829413	1.164428239125883
70.61182087020094	20.605022938156644	1.1364511604733099
69.95170042163069	21.402978735106455	1.1078931764031297
69.29518894536457	22.207654298596484	1.0792966089319822
68.64244734622547	23.019309884136224	1.051189678528946
67.99364037210603	23.838207652018653	1.0240745569710763
67.34893675510656	24.664611526811417	0.9984160077634242
66.70850935139694	25.498787027884514	0.9746313975428478
66.07253527924108	26.34100106858589	0.9530830577397493
65.44119605454999	27.191521721553002	0.9340708420946406
64.81467772324949	28.05061794753063	0.9178274261422877
64.19317098966519	28.918559284955432	0.9045147818248221
63.57687134003648	29.79561549746857	0.89422202308864
62.965979160175145	30.68205617643342	0.886966385158539
62.36069984618289	31.5781502954692	0.8826934203925448
61.761243907035045	32.484165713968785	0.8812818946525935
61.16782705772538	33.400368626554155	0.8825473126914205
60.58067030155157	34.32702295544232	0.8862481855070332
59.99999999999999	35.264389682754654	0.8920932769713192
59.42604792856702	36.212726119908915	0.8997498297327898
58.8590513167294	37.17228511139536	0.9088515952644979
58.29925287015328	38.143314170462425	0.9190101934440175
57.74690077310915	39.12605454453247	0.929823142601361
57.20224866894282	40.12074020854298	0.9408850232441325
56.66555561634145	41.12759678487194	0.9517966832344074
56.13708601903233	42.14684038906587	0.9621762056590587
55.61710952646371	43.178676401255004	0.9716671347325017
55.10590090294487	44.223298163918535	0.9799474851187462
54.60373986267208	45.28088560756104	0.9867379678341415
54.11091086804023	46.3516038068849	0.9918080617470209
53.62770288864506	47.435601471194154	0.9949816933676912
53.154409118419395	48.53300937404573	0.9961419373642878
52.691326648427214	49.643938728569864	0.9952331709658732
52.23875609296496	50.76847951640774	0.9922622490914009
51.79700116679687	51.90669877984987	0.9872987002045426
51.36636821158484	53.05863888848747	0.9804717884912797
50.94716566986906	54.22431579349069	0.9719681636019766
50.539703505316	55.40371728447302	0.9620248098775986
50.14429256838126	56.59680126575802	0.9509241499790329
49.76124390703504	57.80349407069134	0.9389852314198605
49.390868022772075	59.02368883439022	0.926555304808786
49.03347407277117	60.25724394694163	0.9139986601244843
48.68936901978189	61.503981610489745	0.9016880091032018
48.35885673209022	62.76368652482927	0.8899917546749853
48.04223703674405	64.03610472697835	0.8792638065126659
47.73980473009234	65.32094261067617	0.8698333965808415
47.45184855059514	66.61786615176922	0.8619939154107245
47.178650119779434	67.92650036495783	0.8559940986329153
46.920482858129056	69.2464290163152	0.8520299969294859
46.677610883583455	70.57719461432482	0.8502385128246801
46.450287901158305	71.91829869987819	0.8506915250400968
46.23875609296496	73.2692024527246	0.8533943216560713
46.043245018569806	74.62932762827676	0.8582828581440949
45.86397053617525	75.99805783448308	0.865226107624741
45.701133755495384	77.37474015373697	0.8740284111255922
45.554920033420714	78.7586871095844	0.8844345698067488
45.42549802359849	80.14917897242118	0.8961376791539188
45.31301879088406	81.5454663925662	0.9087865714618527
45.21761500123496	82.94677334320139	0.9219977629788056
45.1394001970194	84.35230034984485	0.9353660300672086
45.07846816689916	85.76122797743554	0.9484763563481307
45.03489241843145	87.17272054092642	0.9609176425391853
45.00872576033472	88.58593000067151	0.9722954370183021
45.0	90.0	0.9822434912585338
45.00872576033472	91.41406999932849	0.9904366862466546
45.03489241843145	92.82727945907358	0.9966002376600401
45.07846816689916	94.23877202256445	1.0005200761725122
45.1394001970194	95.64769965015516	1.0020485272443285
45.21761500123496	97.05322665679864	1.0011103826218273
45.31301879088406	98.45453360743382	0.9977042713212175
45.42549802359848	99.85082102757882	0.9919040306123705
45.554920033420714	101.2413128904156	0.9838557681964109
45.701133755495384	102.62525984626303	0.9737733575446894
45.86397053617525	104.00194216551692	0.961930603705694
46.043245018569806	105.37067237172324	0.9486539966764415
46.238756092964955	106.73079754727539	0.9343101766935333
46.450287901158305	108.08170130012182	0.9192945746531765
46.677610883583455	109.42280538567519	0.90401809398293
46.920482858129056	110.7535709836848	0.8888935966586252
47.178650119779434	112.07349963504215	0.8743223892212862
47.45184855059512	113.38213384823077	0.8606805129392225
47.73980473009234	114.67905738932384	0.8483071883732218
48.04223703674405	115.96389527302166	0.837493259941742
48.3588567320902	117.23631347517073	0.8284731658729948
48.68936901978189	118.49601838951025	0.8214165164473742
49.03347407277117	119.74275605305839	0.81642496032022
49.39086802277208	120.9763111656098	0.813529638409064
49.76124390703504	122.19650592930867	0.8126919673129391
50.14429256838125	123.40319873424197	0.8138067729896151
50.539703505316005	124.59628271552698	0.8167077746907612
50.94716566986905	125.77568420650928	0.8211769859936541
51.36636821158484	126.94136111151253	0.8269537241232318
51.79700116679685	128.09330122015012	0.8337461653868996
52.23875609296496	129.23152048359225	0.84124564257692
52.691326648427214	130.35606127143015	0.8491387879697021
53.154409118419395	131.46699062595425	0.8571220265830166
53.62770288864506	132.56439852880584	0.864915286013904
54.11091086804023	133.64839619311508	0.8722737477283083
54.60373986267208	134.71911439243897	0.8789997942055402
55.10590090294487	135.7767018360815	0.8849514306958473
55.617109526463715	136.821323598745	0.890049923558677
56.13708601903233	137.8531596109341	0.894284500778531
56.66555561634144	138.87240321512806	0.8977129395294466
57.20224866894282	139.879259791457	0.9004617620298236
57.74690077310915	140.87394545546752	0.9027217308813984
58.29925287015328	141.85668582953758	0.9047406024406351
58.8590513167294	142.82771488860465	0.9068147050611547
59.42604792856702	143.7872738800911	0.909276991949273
59.99999999999999	144.73561031724535	0.912483135471266
60.58067030155157	145.6729770445577	0.9167978173154633
61.16782705772538	146.59963137344585	0.9225786683964129
61.76124390703503	147.5158342860312	0.9301606004687034
62.36069984618289	148.4218497045308	0.9398401377407829
62.96597916017513	149.31794382356657	0.9518613153273979
63.57687134003648	150.20438450253144	0.9664025569761685
64.19317098966519	151.08144071504458	0.9835657071972617
64.81467772324949	151.9493820524694	1.0033676095058204
65.44119605454999	152.808478278447	1.0257340349223192
66.0725352792411	153.65899893141415	1.0504983109887729
66.70850935139694	154.5012129721155	1.0774005383494278
67.34893675510656	155.3353884731886	1.1060926829762707
67.99364037210603	156.16179234798136	1.136145431087981
68.64244734622547	156.98069011586378	1.1670585694557771
69.29518894536457	157.79234570140352	1.1982741076768384
69.95170042163069	158.59702126489356	1.229191750705661
70.61182087020094	159.39497706184335	1.2591859382240254
71.2753930874019	160.1864713291706	1.2876244508495864
71.94226342843773	160.9717601959578	1.313888191473424
72.61228166514054	161.7510976167656	1.3373897914686321
73.28530084406377	162.52473532561788	1.3575924127537333
73.96117714519126	163.29292280889817	1.374027766436786
74.63976974149092	164.05590729551355	1.3863111936370816
75.32094065950206	164.8139337627975	1.3941551794682252
76.00455464110858	165.56724495673262	1.397380320908461
76.6904790066185	166.31608142517842	1.3959215941551435
77.37858351923944	167.06068156288816	1.3898328592857654
78.0687402510143	167.80128166719328	1.3792870561127835
78.76082345025605	168.5381160033205	1.3645730705063832
79.45470941050044	169.27141687839094	1.3460880960562165
80.15027634097487	170.0014147232256	1.324328037184867
80.84740423856572	170.72833818115458	1.2998736034551142
81.54597476125012	171.45241420309307	1.2733754246030646
82.24587110294536	172.17386814820765	1.2455350526199083
82.94697786971682	172.8929238895535	1.2170855721240215
83.64918095727445	173.60980392411287	1.188771819023415
84.3523674296794	174.32472948671335	1.161328836484738
85.05642539917308	175.03792066734437	1.1354615060312432
85.76124390703502	175.7495965314293	1.1118255496245455
86.4667128053692	176.45997524264365	1.0910087276012055
87.17272263971289	177.16927418789817	1.0735159537058596
87.87916453235917	177.87771010413212	1.0597544101243497
88.58593006627854	178.58549920658245	1.0500245381616684
89.29291116952395	179.29285731821275	1.0445122040488708
90.0	180.0	1.0432841942820477
90.70708883047607	180.70714268178725	1.0462886073319788
91.41406993372146	181.41450079341755	1.0533566163375796
92.12083546764083	182.12228989586788	1.0642099115893358
92.82727736028711	182.83072581210183	1.0784685347223921
93.5332871946308	183.54002475735635	1.0956636092803262
94.23875609296496	184.2504034685707	1.1152504629885707
94.94357460082692	184.96207933265563	1.136625862979212
95.64763257032061	185.67527051328665	1.159143880031998
96.35081904272555	186.39019607588713	1.1821346906377523
97.05302213028318	187.1070761104465	1.2049229873521359
97.75412889705464	187.82613185179233	1.2268458015849257
98.45402523874989	188.54758579690696	1.247269542969986
99.15259576143428	189.27166181884542	1.2656066470255827
99.84972365902512	189.9985852767744	1.281329872556774
100.54529058949956	190.72858312160906	1.2939844446546982
101.23917654974393	191.4618839966795	1.303198826712072
101.93125974898571	192.19871833280675	1.3086915753421449
102.62141648076054	192.93931843711184	1.310277411878344
103.30952099338153	193.68391857482158	1.3078691809225451
103.99544535889142	194.43275504326738	1.3014774586354196
104.67905934049796	195.18606623720254	1.2912083983333342
105.36023025850908	195.94409270448645	1.2772584424080147
106.03882285480874	196.7070771911018	1.2599068798431126
106.71469915593623	197.4752646743821	1.2395070327469762
107.38771833485946	198.2489023832344	1.2164754843371548
108.05773657156229	199.0282398040422	1.191280327650763
108.7246069125981	199.8135286708294	1.164428239125883
109.38817912979906	200.60502293815665	1.1364511604733099
110.04829957836931	201.40297873510644	1.1078931764031297
110.70481105463544	202.20765429859648	1.0792966089319822
111.35755265377453	203.01930988413622	1.051189678528946
112.00635962789397	203.83820765201864	1.0240745569710763
112.65106324489344	204.6646115268114	0.9984160077634242
113.29149064860306	205.49878702788448	0.9746313975428478
113.92746472075892	206.34100106858588	0.9530830577397493
114.55880394545001	207.191521721553	0.9340708420946406
115.18532227675053	208.05061794753064	0.9178274261422877
115.8068290103348	208.91855928495542	0.9045147818248221
116.42312865996352	209.79561549746856	0.89422202308864
117.03402083982486	210.68205617643343	0.886966385158539
117.63930015381712	211.5781502954692	0.8826934203925448
118.23875609296496	212.48416571396876	0.8812818946525935
118.83217294227461	213.40036862655413	0.8825473126914205
119.41932969844842	214.32702295544232	0.8862481855070332
120.00000000000001	215.26438968275463	0.8920932769713192
120.573952071433	216.2127261199089	0.8997498297327898
121.14094868327061	217.17228511139535	0.9088515952644979
121.70074712984672	218.14331417046245	0.9190101934440175
122.25309922689084	219.12605454453248	0.929823142601361
122.79775133105717	220.12074020854297	0.9408850232441325
123.33444438365854	221.1275967848719	0.9517966832344074
123.86291398096766	222.1468403890659	0.9621762056590587
124.38289047353629	223.17867640125502	0.9716671347325017
124.89409909705513	224.2232981639185	0.9799474851187462
125.39626013732791	225.28088560756103	0.9867379678341415
125.88908913195978	226.35160380688492	0.9918080617470209
126.37229711135494	227.43560147119416	0.9949816933676912
126.84559088158062	228.53300937404572	0.9961419373642878
127.30867335157278	229.64393872856982	0.9952331709658732
127.76124390703504	230.7684795164077	0.9922622490914009
128.20299883320317	231.90669877984988	0.9872987002045426
128.6336317884152	233.05863888848748	0.9804717884912797
129.05283433013093	234.2243157934907	0.9719681636019766
129.460296494684	235.40371728447298	0.9620248098775986
129.85570743161875	236.59680126575802	0.9509241499790329
130.23875609296496	237.80349407069136	0.9389852314198605
130.60913197722795	239.0236888343902	0.926555304808786
130.96652592722884	240.25724394694157	0.9139986601244843
131.31063098021812	241.50398161048972	0.9016880091032018
131.6411432679098	242.7636865248293	0.8899917546749853
131.95776296325596	244.03610472697835	0.8792638065126659
132.26019526990768	245.32094261067616	0.8698333965808415
132.54815144940486	246.6178661517692	0.8619939154107245
132.8213498802206	247.92650036495786	0.8559940986329153
133.07951714187095	249.2464290163152	0.8520299969294859
133.32238911641656	250.5771946143248	0.8502385128246801
133.5497120988417	251.91829869987816	0.8506915250400968
133.76124390703504	253.26920245272458	0.8533943216560713
133.9567549814302	254.62932762827677	0.8582828581440949
134.13602946382477	255.99805783448306	0.865226107624741
134.2988662445046	257.374740153737	0.8740284111255922
134.44507996657927	258.75868710958434	0.8844345698067488
134.57450197640154	260.14917897242117	0.8961376791539188
134.68698120911597	261.5454663925662	0.9087865714618527
134.78238499876502	262.94677334320136	0.9219977629788056
134.8605998029806	264.3523003498448	0.9353660300672086
134.92153183310086	265.7612279774355	0.9484763563481307
134.96510758156856	267.17272054092643	0.9609176425391853
134.99127423966527	268.5859300006715	0.9722954370183021
135.0	270.0	0.9822434912585338
134.99127423966527	271.4140699993285	0.9904366862466546
134.96510758156856	272.82727945907357	0.9966002376600401
134.92153183310086	274.2387720225645	1.0005200761725122
134.8605998029806	275.6476996501551	1.0020485272443285
134.78238499876502	277.0532266567986	1.0011103826218273
134.68698120911597	278.45453360743375	0.9977042713212175
134.57450197640154	279.85082102757883	0.9919040306123705
134.44507996657927	281.2413128904156	0.9838557681964109
134.2988662445046	282.625259846263	0.9737733575446894
134.13602946382477	284.0019421655169	0.961930603705694
133.9567549814302	285.37067237172323	0.9486539966764415
133.76124390703504	286.7307975472754	0.9343101766935333
133.5497120988417	288.08170130012184	0.9192945746531765
133.32238911641656	289.42280538567513	0.90401809398293
133.07951714187095	290.75357098368477	0.8888935966586252
132.82134988022057	292.0734996350422	0.8743223892212862
132.54815144940488	293.38213384823075	0.8606805129392225
132.26019526990768	294.6790573893238	0.8483071883732218
131.95776296325596	295.9638952730216	0.837493259941742
131.6411432679098	297.23631347517073	0.8284731658729948
131.31063098021812	298.49601838951025	0.8214165164473742
130.96652592722884	299.7427560530584	0.81642496032022
130.60913197722795	300.9763111656098	0.813529638409064
130.23875609296496	302.1965059293086	0.8126919673129391
129.85570743161873	303.403198734242	0.8138067729896151
129.46029649468403	304.59628271552697	0.8167077746907612
129.05283433013096	305.7756842065093	0.8211769859936541
128.6336317884152	306.9413611115125	0.8269537241232318
128.20299883320317	308.0933012201501	0.8337461653868996
127.76124390703505	309.23152048359225	0.84124564257692
127.3086733515728	310.3560612714301	0.8491387879697021
126.84559088158062	311.4669906259543	0.8571220265830166
126.37229711135495	312.5643985288058	0.864915286013904
125.88908913195978	313.6483961931151	0.8722737477283083
125.39626013732794	314.71911439243894	0.8789997942055402
124.89409909705515	315.77670183608143	0.8849514306958473
124.38289047353632	316.821323598745	0.890049923558677
123.86291398096766	317.85315961093414	0.894284500778531
123.33444438365856	318.8724032151281	0.8977129395294466
122.7977513310572	319.879259791457	0.9004617620298236
122.25309922689087	320.8739454554675	0.9027217308813984
121.70074712984675	321.8566858295375	0.9047406024406351
121.14094868327061	322.82771488860465	0.9068147050611547
120.57395207143298	323.7872738800911	0.909276991949273
120.00000000000001	324.73561031724535	0.912483135471266
119.41932969844845	325.6729770445577	0.9167978173154633
118.83217294227461	326.59963137344585	0.9225786683964129
118.23875609296496	327.51583428603124	0.9301606004687034
117.63930015381712	328.4218497045308	0.9398401377407829
117.03402083982486	329.31794382356657	0.9518613153273979
116.42312865996352	330.2043845025314	0.9664025569761685
115.8068290103348	331.08144071504455	0.9835657071972617
115.18532227675053	331.9493820524694	1.0033676095058204
114.55880394545002	332.808478278447	1.0257340349223192
113.92746472075895	333.6589989314141	1.0504983109887729
113.29149064860304	334.5012129721155	1.0774005383494278
112.65106324489344	335.3353884731886	1.1060926829762707
112.00635962789399	336.16179234798136	1.136145431087981
111.35755265377455	336.98069011586375	1.1670585694557771
110.70481105463546	337.79234570140346	1.1982741076768384
110.04829957836931	338.59702126489356	1.229191750705661
109.38817912979906	339.39497706184335	1.2591859382240254
108.7246069125981	340.18647132917056	1.2876244508495864
108.05773657156229	340.9717601959578	1.313888191473424
107.38771833485946	341.7510976167656	1.3373897914686321
106.71469915593623	342.5247353256179	1.3575924127537333
106.03882285480876	343.2929228088982	1.374027766436786
105.36023025850909	344.0559072955135	1.3863111936370816
104.67905934049797	344.8139337627975	1.3941551794682252
103.99544535889142	345.5672449567326	1.397380320908461
103.30952099338151	346.3160814251784	1.3959215941551435
102.62141648076056	347.06068156288813	1.3898328592857654
101.93125974898572	347.8012816671932	1.3792870561127835
101.23917654974393	348.5381160033205	1.3645730705063832
100.54529058949956	349.27141687839094	1.3460880960562165
99.84972365902513	350.0014147232256	1.324328037184867
99.15259576143428	350.7283381811546	1.2998736034551142
98.4540252387499	351.45241420309304	1.2733754246030646
97.75412889705464	352.17386814820765	1.2455350526199083
97.05302213028318	352.89292388955346	1.2170855721240215
96.35081904272556	353.60980392411284	1.188771819023415
95.64763257032062	354.32472948671335	1.161328836484738
94.94357460082692	355.03792066734434	1.1354615060312432
94.23875609296496	355.7495965314293	1.1118255496245455
93.53328719463082	356.4599752426436	1.0910087276012055
92.82727736028713	357.16927418789817	1.0735159537058596
92.12083546764086	357.8777101041321	1.0597544101243497
91.41406993372146	358.5854992065825	1.0500245381616684
90.70708883047607	359.2928573182127	1.0445122040488708
90.0	90.0	2.3342783274343764
89.29291116952395	89.29285731821274	2.335566856342818
88.58593006627854	88.58549920658245	2.340763472474097
87.87916453235917	87.87771010413212	2.349644705470328
87.1727226397129	87.16927418789815	2.3618311845311375
86.4667128053692	86.45997524264364	2.376798410429165
85.76124390703504	85.74959653142929	2.3938951658638223
85.05642539917308	85.03792066734437	2.4123623175247095
84.3523674296794	84.32472948671335	2.4313576896546754
83.64918095727445	83.60980392411285	2.449982308596667
82.94697786971682	82.89292388955346	2.4673088017436826
82.24587110294536	82.17386814820766	2.4824097964887177
81.54597476125012	81.45241420309306	2.494386710884376
80.84740423856572	80.72833818115458	2.502397760883159
80.15027634097487	80.0014147232256	2.50568224633605
79.45470941050044	79.27141687839094	2.503584053571779
78.76082345025607	78.5381160033205	2.4955702616054145
78.0687402510143	77.80128166719327	2.4812464188148855
77.37858351923944	77.06068156288816	2.460366335682345
76.69047900661849	76.31608142517841	2.432838156293817
76.00455464110858	75.56724495673262	2.398725337613327
75.32094065950206	74.81393376279749	2.358242536531536
74.63976974149092	74.05590729551355	2.3117467963985106
73.96117714519126	73.29292280889818	2.2597257957340893
73.28530084406378	72.52473532561788	2.202781396422395
72.61228166514054	71.7510976167656	2.141610254083936
71.94226342843773	70.97176019595781	2.0769828616090935
71.27539308740191	70.18647132917059	2.009721025852984
70.61182087020094	69.39497706184336	1.9406731899272318
69.95170042163069	68.59702126489356	1.8706928891689685
69.29518894536457	67.79234570140352	1.8006142692874283
68.64244734622547	66.98069011586378	1.7312325008812242
67.99364037210603	66.16179234798135	1.6632843898104501
67.34893675510656	65.33538847318859	1.5974319253911926
66.70850935139694	64.50121297211548	1.5342499415414144
66.07253527924108	63.65899893141411	1.47421573647511
65.44119605454999	62.808478278447	1.4177030012026628
64.81467772324949	61.94938205246937	1.3649798609825698
64.19317098966519	61.081440715044565	1.3162080919021357
63.57687134003648	60.20438450253143	1.2714484089578055
62.965979160175145	59.31794382356658	1.2306667334096393
62.36069984618289	58.4218497045308	1.1937432021033632
61.761243907035045	57.515834286031215	1.1604835270503506
61.16782705772538	56.59963137344585	1.1306321177010477
60.58067030155157	55.67297704455769	1.1038846156539157
59.99999999999999	54.735610317245346	1.0799031713319587
59.42604792856702	53.787273880091085	1.0583293704013184
58.8590513167294	52.827714888604646	1.0387979436091843
58.29925287015328	51.85668582953758	1.020949105637908
57.74690077310915	50.87394545546753	1.0044391312656753
57.20224866894282	49.87925979145702	0.9889499522530412
56.66555561634145	48.87240321512806	0.9741967956811921
56.13708601903233	47.85315961093413	0.9599332761774544
55.61710952646371	46.821323598745	0.945955313011839
55.10590090294487	45.776701836081465	0.9321026969356602
54.60373986267208	44.71911439243896	0.918259286036362
54.11091086804023	43.6483961931151	0.9043518306085546
53.62770288864506	42.564398528805846	0.8903458602026435
53.154409118419395	41.46699062595427	0.8762433333669006
52.691326648427214	40.356061271430136	0.8620765661478216
52.23875609296496	39.23152048359226	0.8479041191387525
51.79700116679687	38.09330122015014	0.8338043342705912
51.36636821158484	36.941361111512535	0.8198712218604148
50.94716566986906	35.77568420650932	0.8062078015473543
50.539703505316	34.59628271552699	0.7929231644701847
50.14429256838126	33.40319873424199	0.7801265976225085
49.76124390703504	32.19650592930866	0.7679252335948283
49.390868022772075	30.976311165609783	0.7564207210424843
49.03347407277117	29.742756053058372	0.7457074619922082
48.68936901978189	28.496018389510258	0.7358704574390241
48.35885673209022	27.236313475170732	0.7269845239269396
48.04223703674405	25.963895273021652	0.7191139018392907
47.73980473009234	24.679057389323834	0.7123118636890879
47.45184855059514	23.382133848230776	0.7066205182641888
47.178650119779434	22.07349963504216	0.7020704189176439
46.920482858129056	20.753570983684796	0.69868095527735
46.677610883583455	19.422805385675183	0.696460157391224
46.450287901158305	18.08170130012181	0.6954041081627216
46.23875609296496	16.730797547275397	0.6954961599315265
46.043245018569806	15.370672371723243	0.6967065427638978
45.86397053617525	14.001942165516926	0.6989915810333597
45.701133755495384	12.625259846263035	0.7022925182917391
45.554920033420714	11.241312890415616	0.7065347338498558
45.42549802359849	9.850821027578828	0.7116269593582137
45.31301879088406	8.454533607433808	0.7174610829521739
45.21761500123496	7.053226656798624	0.723912540961609
45.1394001970194	5.647699650155149	0.7308397303464209
45.07846816689916	4.238772022564465	0.7380869465189506
45.03489241843145	2.8272794590735852	0.7454845791988038
45.00872576033472	1.414069999328503	0.7528538129287068
45.0	4.961562726608714e-15	0.7600081939131225
45.00872576033472	358.5859300006715	0.7667595056630689
45.03489241843145	357.17272054092643	0.7729222736571454
45.07846816689916	355.76122797743557	0.7783186617122141
45.1394001970194	354.3523003498448	0.7827847393378713
45.21761500123496	352.94677334320136	0.7861767490909194
45.31301879088406	351.5454663925662	0.7883761988008755
45.42549802359848	350.14917897242117	0.7892957372147886
45.554920033420714	348.7586871095844	0.7888842462227479
45.701133755495384	347.374740153737	0.787130366244773
45.86397053617525	345.99805783448306	0.7840658257628778
46.043245018569806	344.62932762827677	0.7797668123048602
46.238756092964955	343.26920245272464	0.7743543641539574
46.450287901158305	341.91829869987816	0.7679929993650549
46.677610883583455	340.5771946143248	0.760887190377796
46.920482858129056	339.2464290163152	0.7532782303393457
47.178650119779434	337.92650036495786	0.745436594766129
47.45184855059512	336.61786615176925	0.737656457608667
47.73980473009234	335.3209426106762	0.730245506800561
48.04223703674405	334.03610472697835	0.7235178934847112
48.3588567320902	332.76368652482927	0.7177828724333367
48.68936901978189	331.50398161048975	0.7133367720000585
49.03347407277117	330.2572439469416	0.7104524179592282
49.39086802277208	329.0236888343902	0.7093712993128385
49.76124390703504	327.80349407069133	0.7102959299522598
50.14429256838125	326.596801265758	0.7133833854489428
50.539703505316005	325.40371728447303	0.7187411901030443
50.94716566986905	324.2243157934907	0.7264249666855018
51.36636821158484	323.05863888848745	0.7364370654542426
51.79700116679685	321.9066987798499	0.7487298936862459
52.23875609296496	320.76847951640775	0.7632078742258165
52.691326648427214	319.6439387285699	0.7797348879680194
53.154409118419395	318.5330093740457	0.7981413246324608
53.62770288864506	317.43560147119416	0.8182328962305143
54.11091086804023	316.3516038068849	0.8398018007904733
54.60373986267208	315.28088560756106	0.8626372985182227
55.10590090294487	314.2232981639185	0.8865374630868734
55.617109526463715	313.17867640125496	0.9113193660877791
56.13708601903233	312.14684038906586	0.9368310241749978
56.66555561634144	311.12759678487197	0.9629586456939007
57.20224866894282	310.120740208543	0.9896358358580516
57.74690077310915	309.1260545445325	1.0168471221360984
58.29925287015328	308.1433141704624	1.044632458912799
58.8590513167294	307.17228511139535	1.0730860523600578
59.42604792856702	306.2127261199089	1.1023551853079632
59.99999999999999	305.26438968275465	1.1326333623258322
60.58067030155157	304.3270229554423	1.164153650658086
61.16782705772538	303.40036862655415	1.197177320644269
61.76124390703503	302.4841657139688	1.2319818985745865
62.36069984618289	301.5781502954692	1.2688462817230348
62.96597916017513	300.68205617643343	1.3080362450901846
63.57687134003648	299.7956154974686	1.3497883813073475
64.19317098966519	298.91855928495545	1.3942940405407414
64.81467772324949	298.0506179475306	1.4416848372342745
65.44119605454999	297.191521721553	1.4920187444168114
66.0725352792411	296.3410010685859	1.5452693216866737
66.70850935139694	295.49878702788453	1.6013167058895879
67.34893675510656	294.6646115268114	1.6599419313286947
67.99364037210603	293.83820765201864	1.7208249712162769
68.64244734622547	293.0193098841362	1.7835461086575488
69.29518894536457	292.2076542985965	1.847591616440648
69.95170042163069	291.40297873510644	1.9123629622135159
70.61182087020094	290.60502293815665	1.9771901266121483
71.2753930874019	289.81352867082944	2.0413466840822956
71.94226342843773	289.0282398040422	2.1040703676363215
72.61228166514054	288.2489023832344	2.1645828501907567
73.28530084406377	287.4752646743821	2.222113443000394
73.96117714519126	286.7070771911018	2.2759224023827302
74.63976974149092	285.9440927044865	2.3253240405875832
75.32094065950206	285.1860662372025	2.3697096408118763
76.00455464110858	284.4327550432674	2.408568413666156
76.6904790066185	283.6839185748216	2.4415049282542145
77.37858351923944	282.93931843711187	2.468255172268928
78.0687402510143	282.1987183328067	2.48869654058844
78.76082345025605	281.4618839966795	2.5028552777596023
79.45470941050044	280.72858312160906	2.5109086324010703
80.15027634097487	279.9985852767744	2.5131811359615885
80.84740423856572	279.2716618188454	2.510137747801036
81.54597476125012	278.54758579690696	2.502370928771826
82.24587110294536	277.82613185179235	2.490583405994114
82.94697786971682	277.10707611044654	2.475568587373066
83.64918095727445	276.39019607588716	2.4581849046164956
84.3523674296794	275.67527051328665	2.4393309396718004
85.05642539917308	274.96207933265566	2.4199162423567038
85.76124390703502	274.2504034685707	2.4008331272641326
86.4667128053692	273.5400247573564	2.382928078957437
87.17272263971289	272.83072581210183	2.3669745281494063
87.87916453235917	272.1222898958679	2.3536479781392066
88.58593006627854	271.4145007934176	2.3435034815072484
89.29291116952395	270.7071426817872	2.3369586007452177
90.0	270.0	2.3342783274343764
90.70708883047607	269.2928573182127	2.335566856342818
91.41406993372146	268.5854992065824	2.340763472474097
92.12083546764083	267.8777101041321	2.349644705470328
92.82727736028711	267.16927418789817	2.3618311845311375
93.5332871946308	266.4599752426436	2.376798410429165
94.23875609296496	265.7495965314293	2.3938951658638223
94.94357460082692	265.03792066734434	2.4123623175247095
95.64763257032061	264.32472948671335	2.4313576896546754
96.35081904272555	263.60980392411284	2.449982308596667
97.05302213028318	262.89292388955346	2.4673088017436826
97.75412889705464	262.17386814820765	2.4824097964887177
98.45402523874989	261.45241420309304	2.494386710884376
99.15259576143428	260.7283381811546	2.502397760883159
99.84972365902512	260.0014147232256	2.50568224633605
100.54529058949956	259.27141687839094	2.503584053571779
101.23917654974393	258.5381160033205	2.4955702616054145
101.93125974898571	257.8012816671933	2.4812464188148855
102.62141648076054	257.06068156288813	2.460366335682345
103.30952099338153	256.31608142517837	2.432838156293817
103.99544535889142	255.56724495673262	2.398725337613327
104.67905934049796	254.8139337627975	2.358242536531536
105.36023025850908	254.05590729551355	2.3117467963985106
106.03882285480874	253.2929228088982	2.2597257957340893
106.71469915593623	252.52473532561788	2.202781396422395
107.38771833485946	251.7510976167656	2.141610254083936
108.05773657156229	250.9717601959578	2.0769828616090935
108.7246069125981	250.18647132917056	2.009721025852984
109.38817912979906	249.39497706184335	1.9406731899272318
110.04829957836931	248.59702126489356	1.8706928891689685
110.70481105463544	247.79234570140352	1.8006142692874283
111.35755265377453	246.98069011586378	1.7312325008812242
112.00635962789397	246.16179234798136	1.6632843898104501
112.65106324489344	245.33538847318857	1.5974319253911926
113.29149064860306	244.50121297211547	1.5342499415414144
113.92746472075892	243.6589989314141	1.47421573647511
114.55880394545001	242.808478278447	1.4177030012026628
115.18532227675053	241.9493820524694	1.3649798609825698
115.8068290103348	241.08144071504458	1.3162080919021357
116.42312865996352	240.2043845025314	1.2714484089578055
117.03402083982486	239.31794382356657	1.2306667334096393
117.63930015381712	238.4218497045308	1.1937432021033632
118.23875609296496	237.5158342860312	1.1604835270503506
118.83217294227461	236.59963137344585	1.1306321177010477
119.41932969844842	235.67297704455768	1.1038846156539157
120.00000000000001	234.73561031724535	1.0799031713319587
120.573952071433	233.78727388009108	1.0583293704013184
121.14094868327061	232.82771488860465	1.0387979436091843
121.70074712984672	231.85668582953755	1.020949105637908
122.25309922689084	230.87394545546752	1.0044391312656753
122.79775133105717	229.879259791457	0.9889499522530412
123.33444438365854	228.8724032151281	0.9741967956811921
123.86291398096766	227.8531596109341	0.9599332761774544
124.38289047353629	226.82132359874498	0.945955313011839
124.89409909705513	225.7767018360815	0.9321026969356602
125.39626013732791	224.71911439243897	0.918259286036362
125.88908913195978	223.64839619311508	0.9043518306085546
126.37229711135494	222.56439852880584	0.8903458602026435
126.84559088158062	221.46699062595428	0.8762433333669006
127.30867335157278	220.35606127143015	0.8620765661478216
127.76124390703504	219.23152048359228	0.8479041191387525
128.20299883320317	218.0933012201501	0.8338043342705912
128.6336317884152	216.94136111151252	0.8198712218604148
129.05283433013093	215.7756842065093	0.8062078015473543
129.460296494684	214.59628271552702	0.7929231644701847
129.85570743161875	213.40319873424195	0.7801265976225085
130.23875609296496	212.19650592930864	0.7679252335948283
130.60913197722795	210.9763111656098	0.7564207210424843
130.96652592722884	209.74275605305837	0.7457074619922082
131.31063098021812	208.49601838951028	0.7358704574390241
131.6411432679098	207.2363134751707	0.7269845239269396
131.95776296325596	205.96389527302162	0.7191139018392907
132.26019526990768	204.67905738932384	0.7123118636890879
132.54815144940486	203.38213384823078	0.7066205182641888
132.8213498802206	202.07349963504214	0.7020704189176439
133.07951714187095	200.75357098368477	0.69868095527735
133.32238911641656	199.4228053856752	0.696460157391224
133.5497120988417	198.08170130012184	0.6954041081627216
133.76124390703504	196.73079754727542	0.6954961599315265
133.9567549814302	195.3706723717232	0.6967065427638978
134.13602946382477	194.0019421655169	0.6989915810333597
134.2988662445046	192.62525984626305	0.7022925182917391
134.44507996657927	191.24131289041563	0.7065347338498558
134.57450197640154	189.8508210275788	0.7116269593582137
134.68698120911597	188.4545336074338	0.7174610829521739
134.78238499876502	187.0532266567986	0.723912540961609
134.8605998029806	185.64769965015518	0.7308397303464209
134.92153183310086	184.2387720225645	0.7380869465189506
134.96510758156856	182.82727945907357	0.7454845791988038
134.99127423966527	181.4140699993285	0.7528538129287068
135.0	180.0	0.7600081939131225
134.99127423966527	178.58593000067157	0.7667595056630689
134.96510758156856	177.1727205409264	0.7729222736571454
134.92153183310086	175.76122797743554	0.7783186617122141
134.8605998029806	174.35230034984485	0.7827847393378713
134.78238499876502	172.94677334320141	0.7861767490909194
134.68698120911597	171.54546639256625	0.7883761988008755
134.57450197640154	170.14917897242117	0.7892957372147886
134.44507996657927	168.7586871095844	0.7888842462227479
134.2988662445046	167.37474015373698	0.787130366244773
134.13602946382477	165.9980578344831	0.7840658257628778
133.9567549814302	164.62932762827674	0.7797668123048602
133.76124390703504	163.2692024527246	0.7743543641539574
133.5497120988417	161.9182986998782	0.7679929993650549
133.32238911641656	160.57719461432484	0.760887190377796
133.07951714187095	159.24642901631526	0.7532782303393457
132.82134988022057	157.92650036495783	0.745436594766129
132.54815144940488	156.61786615176925	0.737656457608667
132.26019526990768	155.32094261067618	0.730245506800561
131.95776296325596	154.03610472697838	0.7235178934847112
131.6411432679098	152.76368652482927	0.7177828724333367
131.31063098021812	151.50398161048975	0.7133367720000585
130.96652592722884	150.25724394694163	0.7104524179592282
130.60913197722795	149.02368883439024	0.7093712993128385
130.23875609296496	147.80349407069139	0.7102959299522598
129.85570743161873	146.596801265758	0.7133833854489428
129.46029649468403	145.403717284473	0.7187411901030443
129.05283433013096	144.22431579349072	0.7264249666855018
128.6336317884152	143.0586388884875	0.7364370654542426
128.20299883320317	141.90669877984988	0.7487298936862459
127.76124390703505	140.76847951640775	0.7632078742258165
127.3086733515728	139.64393872856988	0.7797348879680194
126.84559088158062	138.53300937404575	0.7981413246324608
126.37229711135495	137.4356014711942	0.8182328962305143
125.88908913195978	136.35160380688492	0.8398018007904733
125.39626013732794	135.28088560756106	0.8626372985182227
124.89409909705515	134.22329816391854	0.8865374630868734
124.38289047353632	133.17867640125502	0.9113193660877791
123.86291398096766	132.14684038906586	0.9368310241749978
123.33444438365856	131.12759678487194	0.9629586456939007
122.7977513310572	130.120740208543	0.9896358358580516
122.25309922689087	129.12605454453248	1.0168471221360984
121.70074712984675	128.14331417046245	1.044632458912799
121.14094868327061	127.17228511139534	1.0730860523600578
120.57395207143298	126.21272611990892	1.1023551853079632
120.00000000000001	125.26438968275468	1.1326333623258322
119.41932969844845	124.32702295544235	1.164153650658086
118.83217294227461	123.40036862655414	1.197177320644269
118.23875609296496	122.48416571396879	1.2319818985745865
117.63930015381712	121.57815029546921	1.2688462817230348
117.03402083982486	120.68205617643345	1.3080362450901846
116.42312865996352	119.79561549746859	1.3497883813073475
115.8068290103348	118.91855928495542	1.3942940405407414
115.18532227675053	118.05061794753063	1.4416848372342745
114.55880394545002	117.19152172155302	1.4920187444168114
113.92746472075895	116.34100106858591	1.5452693216866737
113.29149064860304	115.49878702788452	1.6013167058895879
112.65106324489344	114.66461152681141	1.6599419313286947
112.00635962789399	113.83820765201867	1.7208249712162769
111.35755265377455	113.01930988413625	1.7835461086575488
110.70481105463546	112.20765429859652	1.847591616440648
110.04829957836931	111.40297873510644	1.9123629622135159
109.38817912979906	110.60502293815665	1.9771901266121483
108.7246069125981	109.81352867082943	2.0413466840822956
108.05773657156229	109.02823980404222	2.1040703676363215
107.38771833485946	108.2489023832344	2.1645828501907567
106.71469915593623	107.47526467438213	2.222113443000394
106.03882285480876	106.70707719110183	2.2759224023827302
105.36023025850909	105.94409270448648	2.3253240405875832
104.67905934049797	105.18606623720254	2.3697096408118763
103.99544535889142	104.43275504326738	2.408568413666156
103.30952099338151	103.68391857482159	2.4415049282542145
102.62141648076056	102.93931843711185	2.468255172268928
101.93125974898572	102.19871833280676	2.48869654058844
101.23917654974393	101.4618839966795	2.5028552777596023
100.54529058949956	100.72858312160906	2.5109086324010703
99.84972365902513	99.99858527677442	2.5131811359615885
99.15259576143428	99.27166181884544	2.510137747801036
98.4540252387499	98.54758579690696	2.502370928771826
97.75412889705464	97.82613185179234	2.490583405994114
97.05302213028318	97.10707611044654	2.475568587373066
96.35081904272556	96.39019607588716	2.4581849046164956
95.64763257032062	95.67527051328666	2.4393309396718004
94.94357460082692	94.96207933265563	2.4199162423567038
94.23875609296496	94.25040346857071	2.4008331272641326
93.53328719463082	93.54002475735638	2.382928078957437
92.82727736028713	92.83072581210186	2.3669745281494063
92.12083546764086	92.12228989586791	2.3536479781392066
91.41406993372146	91.41450079341756	2.3435034815072484
90.70708883047607	90.70714268178726	2.3369586007452177
90.0	0.0	1.1293234157453995
90.0	1.0	1.1385276133517566
90.0	2.0	1.1496635271192264
90.0	3.0000000000000004	1.1623670629239615
90.0	4.0	1.1762427898697552
90.0	5.0	1.1908760832873306
90.0	6.000000000000001	1.2058468345722484
90.0	7.0	1.2207435527324677
90.0	8.0	1.235174136403845
90.0	9.0	1.2487788002687323
90.0	10.0	1.26123908437803
90.0	11.0	1.2722854924894489
90.0	12.0	1.2817033677123295
90.0	13.0	1.2893368096041853
90.0	14.0	1.2950902410093208
90.0	14.999999999999998	1.298926841220214
90.0	16.0	1.3008673708485528
90.0	17.000000000000004	1.3009842961804179
90.0	18.0	1.2993976762249098
90.0	19.0	1.2962669368114061
90.0	20.0	1.2917847990899147
90.0	21.0	1.2861684660638504
90.0	22.0	1.2796523759614247
90.0	23.0	1.2724809556070387
90.0	24.000000000000004	1.2649023530668115
90.0	25.0	1.2571623661489348
90.0	26.0	1.2494999377426466
90.0	26.999999999999996	1.2421448055603053
90.0	28.0	1.2353145643149794
90.0	29.000000000000004	1.229214469865621
90.0	29.999999999999996	1.2240382226363755
90.0	31.0	1.2199681634714066
90.0	32.0	1.2171782114573082
90.0	33.0	1.2158364100358559
90.0	34.00000000000001	1.2161062979877988
90.0	35.0	1.21815043481975
90.0	36.0	1.222130988328668
90.0	37.0	1.2282118890049565
90.0	38.0	1.236558046613155
90.0	39.0	1.247334370917804
90.0	40.0	1.2607038131351704
90.0	41.0	1.2768234488367047
90.0	42.0	1.2958395815783583
90.0	43.0	1.317882454820249
90.0	44.0	1.3430590052980527
90.0	45.0	1.371446399813703
90.0	46.00000000000001	1.4030838093326488
90.0	47.0	1.437966533339037
90.0	48.00000000000001	1.4760381656426207
90.0	49.00000000000001	1.5171856980080796
90.0	50.0	1.561235211348821
90.0	51.0	1.6079493296142242
90.0	52.0	1.6570268280799871
90.0	53.0	1.7081038084770899
90.0	54.0	1.7607585953624743
90.0	55.0	1.8145176117638635
90.0	56.0	1.868863996792159
90.0	57.00000000000001	1.9232485735117673
90.0	58.00000000000001	1.97710257950437
90.0	59.00000000000001	2.029852160126141
90.0	59.99999999999999	2.080932861764961
90.0	61.0	2.129805887791081
90.0	62.0	2.175973571088472
90.0	63.0	2.218994454876525
90.0	64.0	2.258497198402784
90.0	65.0	2.294192719942237
90.0	66.0	2.3258839895386756
90.0	67.0	2.353473079778477
90.0	68.0	2.376964887032323
90.0	69.0	2.3964686982938153
90.0	70.0	2.412194078228106
90.0	71.0	2.424445776946388
90.0	72.0	2.433613741409705
90.0	73.0	2.4401607765748357
90.0	74.0	2.4446066811532865
90.0	75.0	2.447511208241323
90.0	76.0	2.4494554591113795
90.0	77.0	2.4510207308907175
90.0	78.0	2.45276912693353
90.0	79.0	2.455223775483385
90.0	80.0	2.4588494400453365
90.0	81.0	2.4640364592900807
90.0	82.0	2.4710866455064022
90.0	83.0	2.480200945747054
90.0	84.0	2.4914727827646312
90.0	85.0	2.5048833544957194
90.0	86.0	2.5203012423512363
90.0	87.0	2.5374861324581537
90.0	88.0	2.5560970415622384
90.0	89.0	2.5757021097694164
90.0	90.0	2.5957932896578155
90.0	91.0	2.6158031897929077
90.0	92.0	2.6351236809360996
90.0	93.0	2.653125677382281
90.0	94.0	2.669179897571516
90.0	95.0	2.6826778205555546
90.0	96.00000000000001	2.6930508797709067
90.0	97.0	2.6997882858281192
90.0	98.0	2.7024536741720904
90.0	99.0	2.700698227355497
90.0	100.0	2.6942698802156775
90.0	101.0	2.6830205665032327
90.0	102.0	2.666909548414097
90.0	103.0	2.646001849750916
90.0	104.0	2.6204649263909823
90.0	105.00000000000001	2.5905600486738414
90.0	106.0	2.5566334879340613
90.0	107.0	2.5191020232440184
90.0	108.0	2.4784386440115074
90.0	109.0	2.4351574691580464
90.0	110.0	2.3897955326199396
90.0	111.0	2.3428965273976177
90.0	112.0	2.2949955288791126
90.0	113.0	2.246603326453878
90.0	114.00000000000001	2.1981933012393644
90.0	115.0	2.1501916333396554
90.0	116.00000000000001	2.102967509104108
90.0	117.0	2.056829204030803
90.0	118.00000000000001	2.01201996981518
90.0	119.0	1.968719209478995
90.0	119.99999999999999	1.9270448276282481
90.0	121.0	1.887058714388349
90.0	122.0	1.8487734044682418
90.0	123.00000000000001	1.812161674046939
90.0	124.0	1.7771659418052308
90.0	125.00000000000001	1.7437094326508373
90.0	126.0	1.7117059704597712
90.0	127.00000000000001	1.6810703583821809
90.0	128.0	1.651727779874059
90.0	129.0	1.6236206536161957
90.0	130.0	1.5967150967234778
90.0	131.0	1.5710044501317784
90.0	132.0	1.5465110412914038
90.0	133.0	1.523285009038129
90.0	134.0	1.5014019533352698
90.0	135.0	1.4809580389030033
90.0	136.0	1.462062944444587
90.0	137.0	1.4448324201629215
90.0	138.0	1.4293790825836732
90.0	139.0	1.415802621813909
90.0	140.0	1.4041813797845273
90.0	141.0	1.394562165799239
90.0	142.0	1.386953989180098
90.0	143.0	1.3813198333647543
90.0	144.0	1.377573522229221
90.0	145.0	1.3755765864106357
90.0	146.0	1.3751382633072624
90.0	147.0	1.3760180431912448
90.0	148.0	1.3779297821599787
90.0	149.0	1.3805489487647198
90.0	150.0	1.3835224167519464
90.0	151.0	1.3864778660950663
90.0	152.0	1.3890369052678435
90.0	153.0	1.390827997662995
90.0	154.0	1.3914989963011346
90.0	155.0	1.3907308536686815
90.0	156.0	1.3882495688623206
90.0	157.0	1.38383774302381
90.0	158.0	1.377343001097554
90.0	159.0	1.3686852384592094
90.0	160.0	1.3578617131411947
90.0	161.0	1.344948612671308
90.0	162.0	1.3300996830889362
90.0	163.0	1.313542899412992
90.0	164.0	1.2955736107229603
90.0	165.0	1.2765451391271903
90.0	166.0	1.256858203602224
90.0	167.0	1.2369476018645444
90.0	168.0	1.21726693369405
90.0	169.0	1.1982750869509746
90.0	170.0	1.1804193940607446
90.0	171.0	1.1641213346115906
90.0	172.0	1.1497628255166392
90.0	173.0	1.1376723153211796
90.0	174.0	1.128115970735437
90.0	175.0	1.1212874921835563
90.0	176.0	1.1173034132877477
90.0	177.0	1.1161989879169159
90.0	178.0	1.117928973605967
90.0	179.0	1.1223693942492552
90.0	180.0	1.1293234157453995
90.0	181.0	1.1385276133517566
90.0	181.99999999999997	1.1496635271192264
90.0	182.99999999999997	1.1623670629239615
90.0	183.99999999999997	1.1762427898697552
90.0	184.99999999999997	1.1908760832873306
90.0	185.99999999999997	1.2058468345722484
90.0	186.99999999999997	1.2207435527324677
90.0	188.0	1.235174136403845
90.0	188.99999999999997	1.2487788002687323
90.0	190.0	1.26123908437803
90.0	190.99999999999997	1.2722854924894489
90.0	192.0	1.2817033677123295
90.0	192.99999999999997	1.2893368096041853
90.0	193.99999999999997	1.2950902410093208
90.0	194.99999999999997	1.298926841220214
90.0	195.99999999999997	1.3008673708485528
90.0	197.0	1.3009842961804179
90.0	197.99999999999997	1.2993976762249098
90.0	199.0	1.2962669368114061
90.0	199.99999999999997	1.2917847990899147
90.0	201.0	1.2861684660638504
90.0	201.99999999999997	1.2796523759614247
90.0	203.0	1.2724809556070387
90.0	203.99999999999997	1.2649023530668115
90.0	204.99999999999997	1.2571623661489348
90.0	206.0	1.2494999377426466
90.0	206.99999999999997	1.2421448055603053
90.0	208.0	1.2353145643149794
90.0	208.99999999999997	1.229214469865621
90.0	210.0	1.2240382226363755
90.0	210.99999999999997	1.2199681634714066
90.0	212.0	1.2171782114573082
90.0	212.99999999999997	1.2158364100358559
90.0	214.0	1.2161062979877988
90.0	215.0	1.21815043481975
90.0	216.0	1.222130988328668
90.0	217.0	1.2282118890049565
90.0	217.99999999999997	1.236558046613155
90.0	219.00000000000003	1.247334370917804
90.0	219.99999999999997	1.2607038131351704
90.0	220.99999999999997	1.2768234488367047
90.0	221.99999999999997	1.2958395815783583
90.0	223.0	1.317882454820249
90.0	224.0	1.3430590052980527
90.0	224.99999999999997	1.371446399813703
90.0	226.0	1.4030838093326488
90.0	227.0	1.437966533339037
90.0	228.0	1.4760381656426207
90.0	229.0	1.5171856980080796
90.0	230.0	1.561235211348821
90.0	230.99999999999997	1.6079493296142242
90.0	232.00000000000003	1.6570268280799871
90.0	233.0	1.7081038084770899
90.0	233.99999999999997	1.7607585953624743
90.0	234.99999999999994	1.8145176117638635
90.0	236.0	1.868863996792159
90.0	237.0	1.9232485735117673
90.0	238.0	1.97710257950437
90.0	239.0	2.029852160126141
90.0	239.99999999999994	2.080932861764961
90.0	241.0	2.129805887791081
90.0	242.0	2.175973571088472
90.0	242.99999999999997	2.218994454876525
90.0	243.99999999999994	2.258497198402784
90.0	245.0	2.294192719942237
90.0	246.0	2.3258839895386756
90.0	247.0	2.353473079778477
90.0	248.0	2.376964887032323
90.0	248.99999999999997	2.3964686982938153
90.0	250.0	2.412194078228106
90.0	251.0	2.424445776946388
90.0	252.0	2.433613741409705
90.0	252.99999999999997	2.4401607765748357
90.0	254.0	2.4446066811532865
90.0	255.0	2.447511208241323
90.0	256.0	2.4494554591113795
90.0	257.0	2.4510207308907175
90.0	258.0	2.45276912693353
90.0	259.0	2.455223775483385
90.0	260.0	2.4588494400453365
90.0	261.0	2.4640364592900807
90.0	262.0	2.4710866455064022
90.0	263.0	2.480200945747054
90.0	264.0	2.4914727827646312
90.0	265.0	2.5048833544957194
90.0	266.0	2.5203012423512363
90.0	267.0	2.5374861324581537
90.0	268.0	2.5560970415622384
90.0	269.0	2.5757021097694164
90.0	270.0	2.5957932896578155
90.0	271.0	2.6158031897929077
90.0	272.0	2.6351236809360996
90.0	273.0	2.653125677382281
90.0	274.0	2.669179897571516
90.0	275.0	2.6826778205555546
90.0	276.0	2.6930508797709067
90.0	277.0	2.6997882858281192
90.0	278.0	2.7024536741720904
90.0	279.0	2.700698227355497
90.0	280.0	2.6942698802156775
90.0	281.0	2.6830205665032327
90.0	282.0	2.666909548414097
90.0	283.0	2.646001849750916
90.0	284.0	2.6204649263909823
90.0	285.0	2.5905600486738414
90.0	286.0	2.5566334879340613
90.0	287.0	2.5191020232440184
90.0	288.0	2.4784386440115074
90.0	289.0	2.4351574691580464
90.0	290.0	2.3897955326199396
90.0	291.0	2.3428965273976177
90.0	292.0	2.2949955288791126
90.0	293.0	2.246603326453878
90.0	294.0	2.1981933012393644
90.0	295.0	2.1501916333396554
90.0	296.0	2.102967509104108
90.0	297.0	2.056829204030803
90.0	298.0	2.01201996981518
90.0	299.0	1.968719209478995
90.0	300.0	1.9270448276282481
90.0	301.0	1.887058714388349
90.0	302.0	1.8487734044682418
90.0	303.0	1.812161674046939
90.0	304.0	1.7771659418052308
90.0	305.0	1.7437094326508373
90.0	306.0	1.7117059704597712
90.0	307.0	1.6810703583821809
90.0	308.0	1.651727779874059
90.0	309.0	1.6236206536161957
90.0	310.0	1.5967150967234778
90.0	311.0	1.5710044501317784
90.0	311.99999999999994	1.5465110412914038
90.0	313.0	1.523285009038129
90.0	314.0	1.5014019533352698
90.0	315.0	1.4809580389030033
90.0	316.0	1.462062944444587
90.0	317.0	1.4448324201629215
90.0	318.0	1.4293790825836732
90.0	319.0	1.415802621813909
90.0	320.0	1.4041813797845273
90.0	321.0	1.394562165799239
90.0	322.0	1.386953989180098
90.0	323.0	1.3813198333647543
90.0	324.0	1.377573522229221
90.0	325.0	1.3755765864106357
90.0	326.0	1.3751382633072624
90.0	327.0	1.3760180431912448
90.0	328.0	1.3779297821599787
90.0	329.0	1.3805489487647198
90.0	330.0	1.3835224167519464
90.0	331.0	1.3864778660950663
90.0	332.0	1.3890369052678435
90.0	333.0	1.390827997662995
90.0	334.0	1.3914989963011346
90.0	335.0	1.3907308536686815
90.0	336.0	1.3882495688623206
90.0	337.0	1.38383774302381
90.0	338.0	1.377343001097554
90.0	338.99999999999994	1.3686852384592094
90.0	340.0	1.3578617131411947
90.0	341.0	1.344948612671308
90.0	342.0	1.3300996830889362
90.0	343.0	1.313542899412992
90.0	344.0	1.2955736107229603
90.0	345.0	1.2765451391271903
90.0	346.0	1.256858203602224
90.0	347.0	1.2369476018645444
90.0	347.99999999999994	1.21726693369405
90.0	349.0	1.1982750869509746
90.0	350.0	1.1804193940607446
90.0	351.0	1.1641213346115906
90.0	352.0	1.1497628255166392
90.0	353.0	1.1376723153211796
90.0	354.0	1.128115970735437
90.0	355.0	1.1212874921835563
90.0	356.0	1.1173034132877477
90.0	356.99999999999994	1.1161989879169159
90.0	358.0	1.117928973605967
90.0	359.0	1.1223693942492552
90.0	0.0	1.0240853289865748
89.0	0.0	1.0269248322719662
88.0	0.0	1.0367169860697112
87.00000000000001	0.0	1.0530483408394968
86.0	0.0	1.0752418264435386
85.0	0.0	1.102381429854814
84.0	0.0	1.1333480365904476
83.0	0.0	1.166862322918878
82.0	0.0	1.2015329361473601
81.0	0.0	1.235909179570494
80.0	0.0	1.2685366352411611
79.0	0.0	1.2980108281931915
78.00000000000001	0.0	1.3230303030995445
77.0	0.0	1.342444216995332
76.0	0.0	1.355293468791537
75.0	0.0	1.360846344853574
74.0	0.0	1.358622021580558
73.0	0.0	1.3484062337914828
72.0	0.0	1.3302569545152134
71.0	0.0	1.3044969525070487
70.0	0.0	1.2716998865559876
69.00000000000001	0.0	1.2326648443571881
68.0	0.0	1.1883822637720258
67.0	0.0	1.1399961328464359
66.0	0.0	1.088756984652375
65.0	0.0	1.0359754796937632
64.0	0.0	0.9829724629255381
63.0	0.0	0.9310309793209781
62.0	0.0	0.8813500521324747
61.0	0.0	0.8350037492326366
60.00000000000001	0.0	0.7929067126646961
59.00000000000001	0.0	0.755784584563594
58.00000000000001	0.0	0.7241563802215284
57.00000000000001	0.0	0.698322149233838
55.99999999999999	0.0	0.6783621920796927
55.00000000000001	0.0	0.6641437191862213
54.0	0.0	0.6553369110243434
53.00000000000001	0.0	0.6514372455590774
52.0	0.0	0.6517950723284532
51.00000000000001	0.0	0.6556500828931074
50.00000000000001	0.0	0.6621679356889784
49.00000000000001	0.0	0.6704796228475819
48.0	0.0	0.6797200535969792
47.0	0.0	0.6890654625337793
46.00000000000001	0.0	0.6977659215244635
45.0	0.0	0.7051751096391242
44.0	0.0	0.7107724447469458
43.0	0.0	0.7141801228861735
42.0	0.0	0.7151707566023764
41.0	0.0	0.713669529351547
40.00000000000001	0.0	0.7097487115649387
39.0	0.0	0.7036141466659853
37.99999999999999	0.0	0.6955872324261951
37.0	0.0	0.6860812225310544
36.0	0.0	0.6755738069042123
35.0	0.0	0.6645777334833951
34.0	0.0	0.6536102548673555
33.0	0.0	0.6431635542369593
31.99999999999999	0.0	0.6336767381148884
31.0	0.0	0.6255123337863727
30.000000000000004	0.0	0.6189363121068102
29.00000000000001	0.0	0.6141035942445513
28.000000000000007	0.0	0.6110506091974635
27.00000000000001	0.0	0.6096937269543133
25.999999999999996	0.0	0.6098329797364841
25.000000000000004	0.0	0.6111645967069198
24.000000000000004	0.0	0.6132960847918221
22.999999999999993	0.0	0.6157689478406115
21.999999999999996	0.0	0.6180819933503695
21.0	0.0	0.6197199272706155
20.00000000000001	0.0	0.6201811653887764
19.000000000000014	0.0	0.6190060364253092
18.00000000000001	0.0	0.6158028307257248
17.000000000000007	0.0	0.6102711069850302
15.999999999999995	0.0	0.602220886020798
14.999999999999996	0.0	0.5915863606110742
14.0	0.0	0.5784341213971218
12.999999999999996	0.0	0.5629645278672123
12.000000000000018	0.0	0.5455068119859432
10.999999999999993	0.0	0.5265081103239143
10.000000000000012	0.0	0.5065166205425828
8.999999999999984	0.0	0.4861592739439585
7.999999999999981	0.0	0.4661152950689254
7.000000000000025	0.0	0.4470876068924643
6.000000000000026	0.0	0.4297711023416387
4.999999999999992	0.0	0.41482228679737226
4.000000000000042	0.0	0.40282911645105307
3.0000000000000444	0.0	0.39428377448354673
1.9999999999999472	0.0	0.38955916848592675
0.9999999999999002	0.0	0.38889071596054114
0.0	0.0	0.392363417902414
0.9999999999999002	180.0	0.3999065707189101
1.9999999999999472	180.0	0.41129357037490744
3.0000000000000444	180.0	0.4261505300051962
4.000000000000042	180.0	0.4439695980427313
4.999999999999992	180.0	0.4641303063948021
6.000000000000026	180.0	0.48592385644161057
6.9999999999999725	180.0	0.5085830848248399
7.999999999999981	180.0	0.5313147794941497
8.999999999999984	180.0	0.5533321916084987
10.000000000000012	180.0	0.5738900935502215
10.999999999999993	180.0	0.5923147447135967
11.999999999999988	180.0	0.6080334655837614
12.999999999999996	180.0	0.6205983361708073
14.0	180.0	0.6297057814925054
14.999999999999996	180.0	0.6352079311542862
15.999999999999995	180.0	0.6371192784133657
16.99999999999999	180.0	0.6356139382111642
17.999999999999986	180.0	0.6310178129802166
18.999999999999996	180.0	0.6237925325483386
19.999999999999993	180.0	0.6145139101076286
21.0	180.0	0.6038455018127914
21.999999999999996	180.0	0.5925074658636053
23.00000000000001	180.0	0.5812436588939447
24.000000000000004	180.0	0.5707871655221862
24.99999999999999	180.0	0.561827003030576
26.000000000000007	180.0	0.5549756094639077
26.999999999999996	180.0	0.5507420115181897
28.000000000000007	180.0	0.5495063634131039
28.999999999999996	180.0	0.5515050619251345
29.999999999999993	180.0	0.5568176241141425
31.0	180.0	0.5653653163395758
31.99999999999999	180.0	0.576914092082877
33.0	180.0	0.591086343237119
34.0	180.0	0.6073795063155919
35.000000000000014	180.0	0.62519054430521
36.0	180.0	0.6438451290357703
37.000000000000014	180.0	0.6626317199198933
37.99999999999999	180.0	0.6808362302574458
38.99999999999999	180.0	0.6977784562334071
40.00000000000001	180.0	0.7128477224964289
40.999999999999986	180.0	0.7255338272215393
42.0	180.0	0.7354570078987109
43.0	180.0	0.7423885060897223
44.00000000000001	180.0	0.746267998507782
45.0	180.0	0.7472110395009645
46.000000000000014	180.0	0.7455092569070367
47.0	180.0	0.7416221261507144
47.999999999999986	180.0	0.7361613018574823
49.00000000000001	180.0	0.7298663318550156
49.99999999999999	180.0	0.7235746913846121
51.00000000000001	180.0	0.7181861375226333
51.99999999999999	180.0	0.7146235382150551
53.000000000000014	180.0	0.7137903717799569
53.99999999999999	180.0	0.7165299891034534
55.000000000000014	180.0	0.723583308997011
55.99999999999999	180.0	0.7355525850544062
56.999999999999986	180.0	0.7528683061859229
58.00000000000001	180.0	0.7757629520715001
58.99999999999999	180.0	0.8042535620811083
60.00000000000001	180.0	0.8381309632592502
61.0	180.0	0.8769597703249612
62.000000000000014	180.0	0.920087786703517
63.0	180.0	0.9666636314608855
64.00000000000001	180.0	1.0156649423988504
65.0	180.0	1.0659314755208151
65.99999999999999	180.0	1.1162079972389694
67.0	180.0	1.1651899185490369
68.0	180.0	1.2115714753177789
69.00000000000001	180.0	1.254097433957385
70.0	180.0	1.291611075858149
71.00000000000001	180.0	1.323101202547007
72.0	180.0	1.3477430693464327
73.00000000000001	180.0	1.3649332475336857
74.0	180.0	1.3743156730328352
74.99999999999999	180.0	1.3757990774943856
76.0	180.0	1.369564234923883
77.0	180.0	1.3560594570208904
78.00000000000001	180.0	1.335987862615216
79.0	180.0	1.3102817206845434
80.00000000000001	180.0	1.2800703301627645
81.0	180.0	1.2466381070069497
82.00000000000001	180.0	1.211376991474325
83.0	180.0	1.1757347424478828
83.99999999999999	180.0	1.1411595105202685
85.0	180.0	1.1090455862066366
86.0	180.0	1.0806793440123286
87.00000000000001	180.0	1.057190866290546
88.0	180.0	1.0395100717610455
89.00000000000001	180.0	1.0283310699315817
90.0	180.0	1.0240853289865748
91.00000000000001	180.0	1.0269248322719662
92.0	180.0	1.0367169860697112
92.99999999999999	180.0	1.0530483408394968
94.0	180.0	1.0752418264435386
95.0	180.0	1.102381429854814
96.00000000000001	180.0	1.1333480365904476
97.0	180.0	1.166862322918878
98.00000000000001	180.0	1.2015329361473601
99.0	180.0	1.235909179570494
100.00000000000001	180.0	1.2685366352411611
101.0	180.0	1.2980108281931915
102.00000000000001	180.0	1.3230303030995445
103.0	180.0	1.342444216995332
104.0	180.0	1.355293468791537
105.00000000000001	180.0	1.360846344853574
106.0	180.0	1.358622021580558
107.00000000000001	180.0	1.3484062337914828
108.0	180.0	1.3302569545152134
109.00000000000001	180.0	1.3044969525070487
110.0	180.0	1.2716998865559876
111.00000000000001	180.0	1.2326648443571881
112.0	180.0	1.1883822637720258
113.0	180.0	1.1399961328464359
114.00000000000001	180.0	1.088756984652375
115.0	180.0	1.0359754796937632
116.00000000000001	180.0	0.9829724629255381
117.0	180.0	0.9310309793209781
118.00000000000001	180.0	0.8813500521324747
119.0	180.0	0.8350037492326366
120.00000000000001	180.0	0.7929067126646961
121.0	180.0	0.755784584563594
122.0	180.0	0.7241563802215284
123.00000000000001	180.0	0.698322149233838
124.0	180.0	0.6783621920796927
125.00000000000001	180.0	0.6641437191862213
126.0	180.0	0.6553369110243434
127.00000000000001	180.0	0.6514372455590774
128.0	180.0	0.6517950723284532
129.00000000000003	180.0	0.6556500828931074
130.0	180.0	0.6621679356889784
131.0	180.0	0.6704796228475819
132.0	180.0	0.6797200535969792
133.0	180.0	0.6890654625337793
134.0	180.0	0.6977659215244635
135.0	180.0	0.7051751096391242
136.0	180.0	0.7107724447469458
137.0	180.0	0.7141801228861735
138.00000000000003	180.0	0.7151707566023764
139.0	180.0	0.713669529351547
140.0	180.0	0.7097487115649387
140.99999999999997	180.0	0.7036141466659853
142.00000000000003	180.0	0.6955872324261951
143.0	180.0	0.6860812225310544
144.0	180.0	0.6755738069042123
145.0	180.0	0.6645777334833951
146.00000000000003	180.0	0.6536102548673555
147.00000000000003	180.0	0.6431635542369593
148.0	180.0	0.6336767381148884
149.0	180.0	0.6255123337863727
149.99999999999997	180.0	0.6189363121068102
151.00000000000003	180.0	0.6141035942445513
152.0	180.0	0.6110506091974635
153.0	180.0	0.6096937269543133
154.0	180.0	0.6098329797364841
155.00000000000003	180.0	0.6111645967069198
156.00000000000003	180.0	0.6132960847918221
157.0	180.0	0.6157689478406115
158.0	180.0	0.6180819933503695
158.99999999999997	180.0	0.6197199272706155
160.00000000000003	180.0	0.6201811653887764
161.0	180.0	0.6190060364253092
162.0	180.0	0.6158028307257248
163.0	180.0	0.6102711069850302
164.00000000000003	180.0	0.602220886020798
165.00000000000003	180.0	0.5915863606110742
166.0	180.0	0.5784341213971218
167.0	180.0	0.5629645278672123
167.99999999999997	180.0	0.5455068119859432
169.00000000000003	180.0	0.5265081103239143
169.99999999999997	180.0	0.5065166205425828
170.99999999999997	180.0	0.4861592739439585
172.0	180.0	0.4661152950689254
173.00000000000003	180.0	0.4470876068924643
174.00000000000003	180.0	0.4297711023416387
175.0	180.0	0.41482228679737226
175.99999999999997	180.0	0.40282911645105307
176.99999999999994	180.0	0.39428377448354673
178.00000000000006	180.0	0.38955916848592675
179.0000000000001	180.0	0.38889071596054114
180.0	180.0	0.392363417902414
179.0000000000001	0.0	0.3999065707189101
178.00000000000006	0.0	0.41129357037490744
176.99999999999994	0.0	0.4261505300051962
176.00000000000006	0.0	0.4439695980427313
175.0	0.0	0.4641303063948021
174.00000000000003	0.0	0.48592385644161057
172.99999999999997	0.0	0.5085830848248399
172.0	0.0	0.5313147794941497
171.00000000000003	0.0	0.5533321916084987
170.00000000000003	0.0	0.5738900935502215
168.99999999999997	0.0	0.5923147447135967
167.99999999999997	0.0	0.6080334655837614
167.00000000000003	0.0	0.6205983361708073
166.00000000000003	0.0	0.6297057814925054
165.00000000000003	0.0	0.6352079311542862
163.99999999999997	0.0	0.6371192784133657
163.0	0.0	0.6356139382111642
162.00000000000003	0.0	0.6310178129802166
161.00000000000003	0.0	0.6237925325483386
160.0	0.0	0.6145139101076286
159.0	0.0	0.6038455018127914
158.00000000000003	0.0	0.5925074658636053
157.00000000000003	0.0	0.5812436588939447
156.00000000000003	0.0	0.5707871655221862
154.99999999999997	0.0	0.561827003030576
154.0	0.0	0.5549756094639077
153.00000000000003	0.0	0.5507420115181897
152.0	0.0	0.5495063634131039
150.99999999999997	0.0	0.5515050619251345
150.0	0.0	0.5568176241141425
149.0	0.0	0.5653653163395758
148.0	0.0	0.576914092082877
147.00000000000003	0.0	0.591086343237119
146.0	0.0	0.6073795063155919
145.0	0.0	0.62519054430521
144.00000000000003	0.0	0.6438451290357703
143.0	0.0	0.6626317199198933
142.0	0.0	0.6808362302574458
140.99999999999997	0.0	0.6977784562334071
140.00000000000003	0.0	0.7128477224964289
139.00000000000003	0.0	0.7255338272215393
138.00000000000003	0.0	0.7354570078987109
137.0	0.0	0.7423885060897223
136.0	0.0	0.746267998507782
135.00000000000003	0.0	0.7472110395009645
134.00000000000003	0.0	0.7455092569070367
132.99999999999997	0.0	0.7416221261507144
131.99999999999997	0.0	0.7361613018574823
131.00000000000003	0.0	0.7298663318550156
130.00000000000003	0.0	0.7235746913846121
129.00000000000003	0.0	0.7181861375226333
128.0	0.0	0.7146235382150551
126.99999999999999	0.0	0.7137903717799569
126.00000000000003	0.0	0.7165299891034534
125.00000000000004	0.0	0.723583308997011
123.99999999999997	0.0	0.7355525850544062
122.99999999999999	0.0	0.7528683061859229
122.0	0.0	0.7757629520715001
121.0	0.0	0.8042535620811083
120.00000000000001	0.0	0.8381309632592502
119.0	0.0	0.8769597703249612
118.00000000000001	0.0	0.920087786703517
117.00000000000003	0.0	0.9666636314608855
116.00000000000004	0.0	1.0156649423988504
115.0	0.0	1.0659314755208151
114.00000000000001	0.0	1.1162079972389694
113.00000000000001	0.0	1.1651899185490369
112.00000000000003	0.0	1.2115714753177789
111.00000000000004	0.0	1.254097433957385
110.0	0.0	1.291611075858149
109.00000000000001	0.0	1.323101202547007
108.00000000000003	0.0	1.3477430693464327
107.00000000000004	0.0	1.3649332475336857
106.0	0.0	1.3743156730328352
105.0	0.0	1.3757990774943856
104.00000000000001	0.0	1.369564234923883
103.00000000000001	0.0	1.3560594570208904
102.00000000000003	0.0	1.335987862615216
100.99999999999999	0.0	1.3102817206845434
100.0	0.0	1.2800703301627645
99.00000000000001	0.0	1.2466381070069497
98.00000000000003	0.0	1.211376991474325
96.99999999999999	0.0	1.1757347424478828
96.0	0.0	1.1411595105202685
95.0	0.0	1.1090455862066366
94.00000000000001	0.0	1.0806793440123286
93.00000000000003	0.0	1.057190866290546
91.99999999999999	0.0	1.0395100717610455
91.0	0.0	1.0283310699315817
90.0	90.0	2.319017906859964
89.0	90.0	2.3175000319488186
88.0	90.0	2.318072319754027
87.00000000000001	90.0	2.320602372412372
86.0	90.0	2.324837733051535
85.0	90.0	2.3304139158380144
84.0	90.0	2.336866548976413
83.0	90.0	2.3436458679666554
82.0	90.0	2.350134930102921
81.0	90.0	2.355669395811197
80.0	90.0	2.3595590726802738
79.0	90.0	2.3611094594927415
78.00000000000001	90.0	2.3596450529494337
77.0	90.0	2.3545303041359427
76.0	90.0	2.345189987424651
75.0	90.0	2.3311276108284935
74.0	90.0	2.3119422595161003
73.0	90.0	2.287340151246605
72.0	90.0	2.2571454083851425
71.0	90.0	2.221305345983183
70.0	90.0	2.1798938013105986
69.00000000000001	90.0	2.1331085877429055
68.0	90.0	2.0812677735195493
67.0	90.0	2.0247994972928867
66.0	90.0	1.964232567096477
65.0	90.0	1.9001804002492513
64.0	90.0	1.8333259425338109
63.0	90.0	1.7644024744233588
62.0	90.0	1.6941753965827673
61.0	90.0	1.6234228402406787
60.00000000000001	90.0	1.5529147107229915
59.00000000000001	90.0	1.4833960397925434
58.00000000000001	90.0	1.4155679877308702
57.00000000000001	90.0	1.3500725666616793
55.99999999999999	90.0	1.2874793224225982
55.00000000000001	90.0	1.2282741708400202
54.0	90.0	1.172849996697398
53.00000000000001	90.0	1.1215023449290433
52.0	90.0	1.0744262869428922
51.00000000000001	90.0	1.0317160289108491
50.00000000000001	90.0	0.993368437155678
49.00000000000001	90.0	0.9592877386668562
48.0	90.0	0.9292943345678009
47.0	90.0	0.9031326343089574
46.00000000000001	90.0	0.8804837862315721
45.0	90.0	0.8609764495831891
44.0	90.0	0.8442010919200401
43.0	90.0	0.8297221321063333
42.0	90.0	0.8170912584425059
41.0	90.0	0.805860746793477
40.00000000000001	90.0	0.7955952118782819
39.0	90.0	0.7858815958662619
37.99999999999999	90.0	0.7763397445377352
37.0	90.0	0.766629849767433
36.0	90.0	0.7564589127337971
35.0	90.0	0.745585640289662
34.0	90.0	0.733823186929837
33.0	90.0	0.7210403299200678
31.99999999999999	90.0	0.70716205686152
31.0	90.0	0.6921664320135421
30.000000000000004	90.0	0.6760832253098754
29.00000000000001	90.0	0.6589880367138361
28.000000000000007	90.0	0.6409987708314254
27.00000000000001	90.0	0.6222685861375487
25.999999999999996	90.0	0.6029804110408523
25.000000000000004	90.0	0.5833396972551158
24.000000000000004	90.0	0.5635681524447799
22.999999999999993	90.0	0.5438961018866842
21.999999999999996	90.0	0.524556808680077
21.0	90.0	0.5057798146824889
20.00000000000001	90.0	0.48778506486491535
19.000000000000014	90.0	0.47077801094113614
18.00000000000001	90.0	0.4549441274325516
17.000000000000007	90.0	0.4404459738457749
15.999999999999995	90.0	0.4274192775760863
14.999999999999996	90.0	0.41597058364950695
14.0	90.0	0.40617568788418046
12.999999999999996	90.0	0.3980780700517551
12.000000000000018	90.0	0.3916890897322111
10.999999999999993	90.0	0.38698857387834223
10.000000000000012	90.0	0.3839250126705832
8.999999999999984	90.0	0.38241849733941824
7.999999999999981	90.0	0.3823624828588263
7.000000000000025	90.0	0.3836267257686898
6.000000000000026	90.0	0.3860613971261666
4.999999999999992	90.0	0.3895002161829262
4.000000000000042	90.0	0.39376515090100317
3.0000000000000444	90.0	0.39867151017830604
1.9999999999999472	90.0	0.4040318609451618
0.9999999999999002	90.0	0.4096619038091332
0.0	90.0	0.4153845860063913
0.9999999999999002	270.0	0.4210353894820506
1.9999999999999472	270.0	0.42646663969636883
3.0000000000000444	270.0	0.4315520102857732
4.000000000000042	270.0	0.43618906917561484
4.999999999999992	270.0	0.44030397909602254
6.000000000000026	270.0	0.4438516934367301
6.9999999999999725	270.0	0.44681948163396656
7.999999999999981	270.0	0.44922555818666565
8.999999999999984	270.0	0.45112006193060206
10.000000000000012	270.0	0.45258231407080973
10.999999999999993	270.0	0.4537192513429643
11.999999999999988	270.0	0.45466229233614674
12.999999999999996	270.0	0.4555620494125081
14.0	270.0	0.45658421575589736
14.999999999999996	270.0	0.4579036897270438
15.999999999999995	270.0	0.45969869921873996
16.99999999999999	270.0	0.4621449260110242
17.999999999999986	270.0	0.46540825914257267
18.999999999999996	270.0	0.4696402902496726
19.999999999999993	270.0	0.47497145864726886
21.0	270.0	0.4815073300872463
21.999999999999996	270.0	0.4893238962425757
23.00000000000001	270.0	0.49846502859455993
24.000000000000004	270.0	0.5089411074490429
24.99999999999999	270.0	0.5207280426622736
26.000000000000007	270.0	0.5337698197536599
26.999999999999996	270.0	0.5479794791799055
28.000000000000007	270.0	0.5632446002701719
28.999999999999996	270.0	0.5794316100322784
29.999999999999993	270.0	0.5963930297813096
31.0	270.0	0.6139737424940882
31.99999999999999	270.0	0.6320201979860542
33.0	270.0	0.6503880512495285
34.0	270.0	0.6689513676305929
35.000000000000014	270.0	0.6876096736028707
36.0	270.0	0.7062959868154447
37.000000000000014	270.0	0.7249836710118093
37.99999999999999	270.0	0.7436911365457257
38.99999999999999	270.0	0.7624851699132841
40.00000000000001	270.0	0.7814832840108313
40.999999999999986	270.0	0.8008531305704887
42.0	270.0	0.8208097581925706
43.0	270.0	0.8416118911038674
44.00000000000001	270.0	0.8635544866742089
45.0	270.0	0.8869601178040671
46.000000000000014	270.0	0.9121695718928475
47.0	270.0	0.9395293161299457
47.999999999999986	270.0	0.9693787669309766
49.00000000000001	270.0	1.0020365800998667
49.99999999999999	270.0	1.0377879202650842
51.00000000000001	270.0	1.0768693800579408
51.99999999999999	270.0	1.1194582080970923
53.000000000000014	270.0	1.1656595784247694
53.99999999999999	270.0	1.2154973853298956
55.000000000000014	270.0	1.2689071925743076
55.99999999999999	270.0	1.3257309453124193
56.999999999999986	270.0	1.3857150115429488
58.00000000000001	270.0	1.4485109655282282
58.99999999999999	270.0	1.5136797007455751
60.00000000000001	270.0	1.5806982848062467
61.0	270.0	1.648970927325765
62.000000000000014	270.0	1.717839947794243
63.0	270.0	1.7866030108011814
64.00000000000001	270.0	1.8545287944216498
65.0	270.0	1.920875988134527
65.99999999999999	270.0	1.9849126824504002
67.0	270.0	2.0459367378135984
68.0	270.0	2.1032941949559514
69.00000000000001	270.0	2.156398076960208
70.0	270.0	2.204745428630003
71.00000000000001	270.0	2.247931222182596
72.0	270.0	2.2856605002481563
73.00000000000001	270.0	2.3177569934821634
74.0	270.0	2.3441678210812618
74.99999999999999	270.0	2.3649652534767043
76.0	270.0	2.380343970366773
77.0	270.0	2.390615185071958
78.00000000000001	270.0	2.3961960683742913
79.0	270.0	2.3975970179535713
80.00000000000001	270.0	2.3954048148722236
81.0	270.0	2.3902648007860177
82.00000000000001	270.0	2.3828591380582473
83.0	270.0	2.3738858532932117
83.99999999999999	270.0	2.364035530611775
85.0	270.0	2.353970355184851
86.0	270.0	2.34430158992827
87.00000000000001	270.0	2.3355703817297084
88.0	270.0	2.3282307220787195
89.00000000000001	270.0	2.3226337786805527
90.0	270.0	2.319017906859964
91.00000000000001	270.0	2.3175000319488186
92.0	270.0	2.318072319754027
92.99999999999999	270.0	2.320602372412372
94.0	270.0	2.324837733051535
95.0	270.0	2.3304139158380144
96.00000000000001	270.0	2.336866548976413
97.0	270.0	2.3436458679666554
98.00000000000001	270.0	2.350134930102921
99.0	270.0	2.355669395811197
100.00000000000001	270.0	2.3595590726802738
101.0	270.0	2.3611094594927415
102.00000000000001	270.0	2.3596450529494337
103.0	270.0	2.3545303041359427
104.0	270.0	2.345189987424651
105.00000000000001	270.0	2.3311276108284935
106.0	270.0	2.3119422595161003
107.00000000000001	270.0	2.287340151246605
108.0	270.0	2.2571454083851425
109.00000000000001	270.0	2.221305345983183
110.0	270.0	2.1798938013105986
111.00000000000001	270.0	2.1331085877429055
112.0	270.0	2.0812677735195493
113.0	270.0	2.0247994972928867
114.00000000000001	270.0	1.964232567096477
115.0	270.0	1.9001804002492513
116.00000000000001	270.0	1.8333259425338109
117.0	270.0	1.7644024744233588
118.00000000000001	270.0	1.6941753965827673
119.0	270.0	1.6234228402406787
120.00000000000001	270.0	1.5529147107229915
121.0	270.0	1.4833960397925434
122.0	270.0	1.4155679877308702
123.00000000000001	270.0	1.3500725666616793
124.0	270.0	1.2874793224225982
125.00000000000001	270.0	1.2282741708400202
126.0	270.0	1.172849996697398
127.00000000000001	270.0	1.1215023449290433
128.0	270.0	1.0744262869428922
129.00000000000003	270.0	1.0317160289108491
130.0	270.0	0.993368437155678
131.0	270.0	0.9592877386668562
132.0	270.0	0.9292943345678009
133.0	270.0	0.9031326343089574
134.0	270.0	0.8804837862315721
135.0	270.0	0.8609764495831891
136.0	270.0	0.8442010919200401
137.0	270.0	0.8297221321063333
138.00000000000003	270.0	0.8170912584425059
139.0	270.0	0.805860746793477
140.0	270.0	0.7955952118782819
140.99999999999997	270.0	0.7858815958662619
142.00000000000003	270.0	0.7763397445377352
143.0	270.0	0.766629849767433
144.0	270.0	0.7564589127337971
145.0	270.0	0.745585640289662
146.00000000000003	270.0	0.733823186929837
147.00000000000003	270.0	0.7210403299200678
148.0	270.0	0.70716205686152
149.0	270.0	0.6921664320135421
149.99999999999997	270.0	0.6760832253098754
151.00000000000003	270.0	0.6589880367138361
152.0	270.0	0.6409987708314254
153.0	270.0	0.6222685861375487
154.0	270.0	0.6029804110408523
155.00000000000003	270.0	0.5833396972551158
156.00000000000003	270.0	0.5635681524447799
157.0	270.0	0.5438961018866842
158.0	270.0	0.524556808680077
158.99999999999997	270.0	0.5057798146824889
160.00000000000003	270.0	0.48778506486491535
161.0	270.0	0.47077801094113614
162.0	270.0	0.4549441274325516
163.0	270.0	0.4404459738457749
164.00000000000003	270.0	0.4274192775760863
165.00000000000003	270.0	0.41597058364950695
166.0	270.0	0.40617568788418046
167.0	270.0	0.3980780700517551
167.99999999999997	270.0	0.3916890897322111
169.00000000000003	270.0	0.38698857387834223
169.99999999999997	270.0	0.3839250126705832
170.99999999999997	270.0	0.38241849733941824
172.0	270.0	0.3823624828588263
173.00000000000003	270.0	0.3836267257686898
174.00000000000003	270.0	0.3860613971261666
175.0	270.0	0.3895002161829262
175.99999999999997	270.0	0.39376515090100317
176.99999999999994	270.0	0.39867151017830604
178.00000000000006	270.0	0.4040318609451618
179.0000000000001	270.0	0.4096619038091332
180.0	270.0	0.4153845860063913
179.0000000000001	90.0	0.4210353894820506
178.00000000000006	90.0	0.42646663969636883
176.99999999999994	90.0	0.4315520102857732
176.00000000000006	90.0	0.43618906917561484
175.0	90.0	0.44030397909602254
174.00000000000003	90.0	0.4438516934367301
172.99999999999997	90.0	0.44681948163396656
172.0	90.0	0.44922555818666565
171.00000000000003	90.0	0.45112006193060206
170.00000000000003	90.0	0.45258231407080973
168.99999999999997	90.0	0.4537192513429643
167.99999999999997	90.0	0.45466229233614674
167.00000000000003	90.0	0.4555620494125081
166.00000000000003	90.0	0.45658421575589736
165.00000000000003	90.0	0.4579036897270438
163.99999999999997	90.0	0.45969869921873996
163.0	90.0	0.4621449260110242
162.00000000000003	90.0	0.46540825914257267
161.00000000000003	90.0	0.4696402902496726
160.0	90.0	0.47497145864726886
159.0	90.0	0.4815073300872463
158.00000000000003	90.0	0.4893238962425757
157.00000000000003	90.0	0.49846502859455993
156.00000000000003	90.0	0.5089411074490429
154.99999999999997	90.0	0.5207280426622736
154.0	90.0	0.5337698197536599
153.00000000000003	90.0	0.5479794791799055
152.0	90.0	0.5632446002701719
150.99999999999997	90.0	0.5794316100322784
150.0	90.0	0.5963930297813096
149.0	90.0	0.6139737424940882
148.0	90.0	0.6320201979860542
147.00000000000003	90.0	0.6503880512495285
146.0	90.0	0.6689513676305929
145.0	90.0	0.6876096736028707
144.00000000000003	90.0	0.7062959868154447
143.0	90.0	0.7249836710118093
142.0	90.0	0.7436911365457257
140.99999999999997	90.0	0.7624851699132841
140.00000000000003	90.0	0.7814832840108313
139.00000000000003	90.0	0.8008531305704887
138.00000000000003	90.0	0.8208097581925706
137.0	90.0	0.8416118911038674
136.0	90.0	0.8635544866742089
135.00000000000003	90.0	0.8869601178040671
134.00000000000003	90.0	0.9121695718928475
132.99999999999997	90.0	0.9395293161299457
131.99999999999997	90.0	0.9693787669309766
131.00000000000003	90.0	1.0020365800998667
130.00000000000003	90.0	1.0377879202650842
129.00000000000003	90.0	1.0768693800579408
128.0	90.0	1.1194582080970923
126.99999999999999	90.0	1.1656595784247694
126.00000000000003	90.0	1.2154973853298956
125.00000000000004	90.0	1.2689071925743076
123.99999999999997	90.0	1.3257309453124193
122.99999999999999	90.0	1.3857150115429488
122.0	90.0	1.4485109655282282
121.0	90.0	1.5136797007455751
120.00000000000001	90.0	1.5806982848062467
119.0	90.0	1.648970927325765
118.00000000000001	90.0	1.717839947794243
117.00000000000003	90.0	1.7866030108011814
116.00000000000004	90.0	1.8545287944216498
115.0	90.0	1.920875988134527
114.00000000000001	90.0	1.9849126824504002
113.00000000000001	90.0	2.0459367378135984
112.00000000000003	90.0	2.1032941949559514
111.00000000000004	90.0	2.156398076960208
110.0	90.0	2.204745428630003
109.00000000000001	90.0	2.247931222182596
108.00000000000003	90.0	2.2856605002481563
107.00000000000004	90.0	2.3177569934821634
106.0	90.0	2.3441678210812618
105.0	90.0	2.3649652534767043
104.00000000000001	90.0	2.380343970366773
103.00000000000001	90.0	2.390615185071958
102.00000000000003	90.0	2.3961960683742913
100.99999999999999	90.0	2.3975970179535713
100.0	90.0	2.3954048148722236
99.00000000000001	90.0	2.3902648007860177
98.00000000000003	90.0	2.3828591380582473
96.99999999999999	90.0	2.3738858532932117
96.0	90.0	2.364035530611775
95.0	90.0	2.353970355184851
94.00000000000001	90.0	2.34430158992827
93.00000000000003	90.0	2.3355703817297084
91.99999999999999	90.0	2.3282307220787195
91.0	90.0	2.3226337786805527
