Polar Angle 	 Azimuth Angle 	 Intensity 
90.0	45.0	1.3968184253823916
89.0	45.0	1.3976000724544941
88.0	45.0	1.3933477210201466
87.00000000000001	45.0	1.3841856725196773
86.0	45.0	1.370377609391777
85.0	45.0	1.3523181180677755
84.0	45.0	1.3305203511514352
83.0	45.0	1.3055995490150891
82.0	45.0	1.278253427981124
81.0	45.0	1.2492400226040554
80.0	45.0	1.2193535415915275
79.0	45.0	1.189399244533229
78.00000000000001	45.0	1.1601682067221477
77.0	45.0	1.1324125875603195
76.0	45.0	1.1068224376949902
75.0	45.0	1.0840047443081045
74.0	45.0	1.0644654419589483
73.0	45.0	1.0485946687491174
72.0	45.0	1.0366563309326344
71.0	45.0	1.0287813884559727
70.0	45.0	1.0249660644353948
69.00000000000001	45.0	1.0250739714026127
68.0	45.0	1.028842741834015
67.0	45.0	1.0358944915174648
66.0	45.0	1.045749808010586
65.0	45.0	1.0578447046522055
64.0	45.0	1.071549952611704
63.0	45.0	1.0861920915533627
62.0	45.0	1.101075167700539
61.0	45.0	1.1155029475074238
60.00000000000001	45.0	1.1288003200002203
59.00000000000001	45.0	1.1403334121801592
58.00000000000001	45.0	1.1495279978346016
57.00000000000001	45.0	1.1558852765179868
55.99999999999999	45.0	1.1589947429334555
55.00000000000001	45.0	1.1585439508767321
54.0	45.0	1.1543247241116057
53.00000000000001	45.0	1.146235814177002
52.0	45.0	1.134282228940987
51.00000000000001	45.0	1.1185710920171157
50.00000000000001	45.0	1.0993045086507025
49.00000000000001	45.0	1.0767698857056913
48.0	45.0	1.0513278736136105
47.0	45.0	1.023398741615203
46.00000000000001	45.0	0.9934475779715608
45.0	45.0	0.9619688467061756
44.0	45.0	0.9294710842315749
43.0	45.0	0.8964619037220397
42.0	45.0	0.8634341185629842
41.0	45.0	0.8308533485769148
40.00000000000001	45.0	0.7991471370028833
39.0	45.0	0.7686963895600164
37.99999999999999	45.0	0.7398287998721209
37.0	45.0	0.7128145410225316
36.0	45.0	0.6878643071699517
35.0	45.0	0.665129481409952
34.0	45.0	0.6447040941591303
33.0	45.0	0.6266287119465161
31.99999999999999	45.0	0.610895585166219
31.0	45.0	0.5974548869298244
30.000000000000004	45.0	0.5862218192032028
29.00000000000001	45.0	0.5770839427586517
28.000000000000007	45.0	0.569908535103954
27.00000000000001	45.0	0.5645496966191871
25.999999999999996	45.0	0.5608549531090341
25.000000000000004	45.0	0.5586708791630146
24.000000000000004	45.0	0.5578478822082187
22.999999999999993	45.0	0.5582439234392107
21.999999999999996	45.0	0.559726895855938
21.0	45.0	0.5621761629941426
20.00000000000001	45.0	0.565482754763777
19.000000000000014	45.0	0.5695487519568392
18.00000000000001	45.0	0.5742859713322949
17.000000000000007	45.0	0.5796137834165835
15.999999999999995	45.0	0.5854568183964606
14.999999999999996	45.0	0.5917422523580892
14.0	45.0	0.5983973173414658
12.999999999999996	45.0	0.6053469512794283
12.000000000000018	45.0	0.6125116997289122
10.999999999999993	45.0	0.6198065408404554
10.000000000000012	45.0	0.627139850212285
8.999999999999984	45.0	0.6344135407748999
7.999999999999981	45.0	0.6415234544679027
7.000000000000025	45.0	0.6483609289473283
6.000000000000026	45.0	0.654814448223721
4.999999999999992	45.0	0.6607723004692092
4.000000000000042	45.0	0.6661253197553292
3.0000000000000444	45.0	0.6707698516061821
1.9999999999999472	45.0	0.6746109703438393
0.9999999999999002	45.0	0.6775655565491657
0.0	45.0	0.6795649828458107
0.9999999999999002	225.0	0.6805574919381158
1.9999999999999472	225.0	0.6805102669029424
3.0000000000000444	225.0	0.6794105502663337
4.000000000000042	225.0	0.6772664553340955
4.999999999999992	225.0	0.6741068542841301
6.000000000000026	225.0	0.6699808186281044
6.9999999999999725	225.0	0.6649563322732884
7.999999999999981	225.0	0.6591185289768103
8.999999999999984	225.0	0.6525675660999977
10.000000000000012	225.0	0.645416134662802
10.999999999999993	225.0	0.6377869134443913
11.999999999999988	225.0	0.6298099111760752
12.999999999999996	225.0	0.6216200045726468
14.0	225.0	0.6133547281559736
14.999999999999996	225.0	0.6051522599170043
15.999999999999995	225.0	0.5971500504468569
16.99999999999999	225.0	0.5894836758832386
17.999999999999986	225.0	0.5822863623028651
18.999999999999996	225.0	0.575688566067711
19.999999999999993	225.0	0.5698183375249262
21.0	225.0	0.5648016567298337
21.999999999999996	225.0	0.5607630209611788
23.00000000000001	225.0	0.5578259483056263
24.000000000000004	225.0	0.5561133693345933
24.99999999999999	225.0	0.5557478509195812
26.000000000000007	225.0	0.5568511206245946
26.999999999999996	225.0	0.5595432553755599
28.000000000000007	225.0	0.5639411707068315
28.999999999999996	225.0	0.5701564105847812
29.999999999999993	225.0	0.5782921259008098
31.0	225.0	0.588439633310608
31.99999999999999	225.0	0.6006741067890047
33.0	225.0	0.615049961438732
34.0	225.0	0.6315958456223597
35.000000000000014	225.0	0.6503098289326443
36.0	225.0	0.6711543103937132
37.000000000000014	225.0	0.6940518499004954
37.99999999999999	225.0	0.7188813633580674
38.99999999999999	225.0	0.7454754928514962
40.00000000000001	225.0	0.7736191798230936
40.999999999999986	225.0	0.8030496930493325
42.0	225.0	0.8334582792789257
43.0	225.0	0.8644936603473958
44.00000000000001	225.0	0.8957672648604758
45.0	225.0	0.9268603902847503
46.000000000000014	225.0	0.9573329317456268
47.0	225.0	0.986733761463383
47.999999999999986	225.0	1.0146123391735449
49.00000000000001	225.0	1.0405313297162604
49.99999999999999	225.0	1.064079752187088
51.00000000000001	225.0	1.084886380880035
51.99999999999999	225.0	1.1026325866922642
53.000000000000014	225.0	1.1170645630366347
53.99999999999999	225.0	1.1280042927929999
55.000000000000014	225.0	1.1353583610369258
55.99999999999999	225.0	1.1391250891534184
56.999999999999986	225.0	1.139398619466742
58.00000000000001	225.0	1.136370342063165
58.99999999999999	225.0	1.1303273280836321
60.00000000000001	225.0	1.1216473218556968
61.0	225.0	1.1107908234261332
62.000000000000014	225.0	1.0982900097019719
63.0	225.0	1.084734829922965
64.00000000000001	225.0	1.0707568350038068
65.0	225.0	1.0570109365845293
65.99999999999999	225.0	1.0441556273504853
67.0	225.0	1.0328326697909183
68.0	225.0	1.0236464492345307
69.00000000000001	225.0	1.0171438864233875
70.0	225.0	1.0137958608403104
71.00000000000001	225.0	1.0139802007436025
72.0	225.0	1.0179676107780145
73.00000000000001	225.0	1.0259104532311962
74.0	225.0	1.0378353061738914
74.99999999999999	225.0	1.053639242530032
76.0	225.0	1.0730905015227363
77.0	225.0	1.0958331328424598
78.00000000000001	225.0	1.121395893306465
79.0	225.0	1.1492051162404453
80.00000000000001	225.0	1.1786009940439681
81.0	225.0	1.2088570501244111
82.00000000000001	225.0	1.239201988868803
83.0	225.0	1.2688433920921611
83.99999999999999	225.0	1.296992282770241
85.0	225.0	1.3228880524722018
86.0	225.0	1.345822437578109
87.00000000000001	225.0	1.3651623764197736
88.0	225.0	1.380370236591433
89.00000000000001	225.0	1.391021496361025
90.0	225.0	1.3968184253823916
91.00000000000001	225.0	1.3976000724544941
92.0	225.0	1.3933477210201466
92.99999999999999	225.0	1.3841856725196773
94.0	225.0	1.370377609391777
95.0	225.0	1.3523181180677755
96.00000000000001	225.0	1.3305203511514352
97.0	225.0	1.3055995490150891
98.00000000000001	225.0	1.278253427981124
99.0	225.0	1.2492400226040554
100.00000000000001	225.0	1.2193535415915275
101.0	225.0	1.189399244533229
102.00000000000001	225.0	1.1601682067221477
103.0	225.0	1.1324125875603195
104.0	225.0	1.1068224376949902
105.00000000000001	225.0	1.0840047443081045
106.0	225.0	1.0644654419589483
107.00000000000001	225.0	1.0485946687491174
108.0	225.0	1.0366563309326344
109.00000000000001	225.0	1.0287813884559727
110.0	225.0	1.0249660644353948
111.00000000000001	225.0	1.0250739714026127
112.0	225.0	1.028842741834015
113.0	225.0	1.0358944915174648
114.00000000000001	225.0	1.045749808010586
115.0	225.0	1.0578447046522055
116.00000000000001	225.0	1.071549952611704
117.0	225.0	1.0861920915533627
118.00000000000001	225.0	1.101075167700539
119.0	225.0	1.1155029475074238
120.00000000000001	225.0	1.1288003200002203
121.0	225.0	1.1403334121801592
122.0	225.0	1.1495279978346016
123.00000000000001	225.0	1.1558852765179868
124.0	225.0	1.1589947429334555
125.00000000000001	225.0	1.1585439508767321
126.0	225.0	1.1543247241116057
127.00000000000001	225.0	1.146235814177002
128.0	225.0	1.134282228940987
129.00000000000003	225.0	1.1185710920171157
130.0	225.0	1.0993045086507025
131.0	225.0	1.0767698857056913
132.0	225.0	1.0513278736136105
133.0	225.0	1.023398741615203
134.0	225.0	0.9934475779715608
135.0	225.0	0.9619688467061756
136.0	225.0	0.9294710842315749
137.0	225.0	0.8964619037220397
138.00000000000003	225.0	0.8634341185629842
139.0	225.0	0.8308533485769148
140.0	225.0	0.7991471370028833
140.99999999999997	225.0	0.7686963895600164
142.00000000000003	225.0	0.7398287998721209
143.0	225.0	0.7128145410225316
144.0	225.0	0.6878643071699517
145.0	225.0	0.665129481409952
146.00000000000003	225.0	0.6447040941591303
147.00000000000003	225.0	0.6266287119465161
148.0	225.0	0.610895585166219
149.0	225.0	0.5974548869298244
149.99999999999997	225.0	0.5862218192032028
151.00000000000003	225.0	0.5770839427586517
152.0	225.0	0.569908535103954
153.0	225.0	0.5645496966191871
154.0	225.0	0.5608549531090341
155.00000000000003	225.0	0.5586708791630146
156.00000000000003	225.0	0.5578478822082187
157.0	225.0	0.5582439234392107
158.0	225.0	0.559726895855938
158.99999999999997	225.0	0.5621761629941426
160.00000000000003	225.0	0.565482754763777
161.0	225.0	0.5695487519568392
162.0	225.0	0.5742859713322949
163.0	225.0	0.5796137834165835
164.00000000000003	225.0	0.5854568183964606
165.00000000000003	225.0	0.5917422523580892
166.0	225.0	0.5983973173414658
167.0	225.0	0.6053469512794283
167.99999999999997	225.0	0.6125116997289122
169.00000000000003	225.0	0.6198065408404554
169.99999999999997	225.0	0.627139850212285
170.99999999999997	225.0	0.6344135407748999
172.0	225.0	0.6415234544679027
173.00000000000003	225.0	0.6483609289473283
174.00000000000003	225.0	0.654814448223721
175.0	225.0	0.6607723004692092
175.99999999999997	225.0	0.6661253197553292
176.99999999999994	225.0	0.6707698516061821
178.00000000000006	225.0	0.6746109703438393
179.0000000000001	225.0	0.6775655565491657
180.0	225.0	0.6795649828458107
179.0000000000001	45.0	0.6805574919381158
178.00000000000006	45.0	0.6805102669029424
176.99999999999994	45.0	0.6794105502663337
176.00000000000006	45.0	0.6772664553340955
175.0	45.0	0.6741068542841301
174.00000000000003	45.0	0.6699808186281044
172.99999999999997	45.0	0.6649563322732884
172.0	45.0	0.6591185289768103
171.00000000000003	45.0	0.6525675660999977
170.00000000000003	45.0	0.645416134662802
168.99999999999997	45.0	0.6377869134443913
167.99999999999997	45.0	0.6298099111760752
167.00000000000003	45.0	0.6216200045726468
166.00000000000003	45.0	0.6133547281559736
165.00000000000003	45.0	0.6051522599170043
163.99999999999997	45.0	0.5971500504468569
163.0	45.0	0.5894836758832386
162.00000000000003	45.0	0.5822863623028651
161.00000000000003	45.0	0.575688566067711
160.0	45.0	0.5698183375249262
159.0	45.0	0.5648016567298337
158.00000000000003	45.0	0.5607630209611788
157.00000000000003	45.0	0.5578259483056263
156.00000000000003	45.0	0.5561133693345933
154.99999999999997	45.0	0.5557478509195812
154.0	45.0	0.5568511206245946
153.00000000000003	45.0	0.5595432553755599
152.0	45.0	0.5639411707068315
150.99999999999997	45.0	0.5701564105847812
150.0	45.0	0.5782921259008098
149.0	45.0	0.588439633310608
148.0	45.0	0.6006741067890047
147.00000000000003	45.0	0.615049961438732
146.0	45.0	0.6315958456223597
145.0	45.0	0.6503098289326443
144.00000000000003	45.0	0.6711543103937132
143.0	45.0	0.6940518499004954
142.0	45.0	0.7188813633580674
140.99999999999997	45.0	0.7454754928514962
140.00000000000003	45.0	0.7736191798230936
139.00000000000003	45.0	0.8030496930493325
138.00000000000003	45.0	0.8334582792789257
137.0	45.0	0.8644936603473958
136.0	45.0	0.8957672648604758
135.00000000000003	45.0	0.9268603902847503
134.00000000000003	45.0	0.9573329317456268
132.99999999999997	45.0	0.986733761463383
131.99999999999997	45.0	1.0146123391735449
131.00000000000003	45.0	1.0405313297162604
130.00000000000003	45.0	1.064079752187088
129.00000000000003	45.0	1.084886380880035
128.0	45.0	1.1026325866922642
126.99999999999999	45.0	1.1170645630366347
126.00000000000003	45.0	1.1280042927929999
125.00000000000004	45.0	1.1353583610369258
123.99999999999997	45.0	1.1391250891534184
122.99999999999999	45.0	1.139398619466742
122.0	45.0	1.136370342063165
121.0	45.0	1.1303273280836321
120.00000000000001	45.0	1.1216473218556968
119.0	45.0	1.1107908234261332
118.00000000000001	45.0	1.0982900097019719
117.00000000000003	45.0	1.084734829922965
116.00000000000004	45.0	1.0707568350038068
115.0	45.0	1.0570109365845293
114.00000000000001	45.0	1.0441556273504853
113.00000000000001	45.0	1.0328326697909183
112.00000000000003	45.0	1.0236464492345307
111.00000000000004	45.0	1.0171438864233875
110.0	45.0	1.0137958608403104
109.00000000000001	45.0	1.0139802007436025
108.00000000000003	45.0	1.0179676107780145
107.00000000000004	45.0	1.0259104532311962
106.0	45.0	1.0378353061738914
105.0	45.0	1.053639242530032
104.00000000000001	45.0	1.0730905015227363
103.00000000000001	45.0	1.0958331328424598
102.00000000000003	45.0	1.121395893306465
100.99999999999999	45.0	1.1492051162404453
100.0	45.0	1.1786009940439681
99.00000000000001	45.0	1.2088570501244111
98.00000000000003	45.0	1.239201988868803
96.99999999999999	45.0	1.2688433920921611
96.0	45.0	1.296992282770241
95.0	45.0	1.3228880524722018
94.00000000000001	45.0	1.345822437578109
93.00000000000003	45.0	1.3651623764197736
91.99999999999999	45.0	1.380370236591433
91.0	45.0	1.391021496361025
90.0	0.0	0.6709715371977489
89.29291116952395	0.7071426817872533	0.672508057432795
88.58593006627854	1.4145007934175506	0.6747296204470207
87.87916453235917	2.122289895867879	0.6775609123810148
87.1727226397129	2.8307258121018455	0.6809232341684603
86.4667128053692	3.540024757356371	0.6847390058197035
85.76124390703504	4.250403468570711	0.6889361308207382
85.05642539917308	4.962079332655645	0.6934521926706929
84.3523674296794	5.675270513286652	0.6982380359271505
83.64918095727445	6.390196075887154	0.7032608436669722
82.94697786971682	7.107076110446535	0.708506039916624
82.24587110294536	7.826131851792348	0.7139785486134227
81.54597476125012	8.547585796906942	0.7197026537209524
80.84740423856572	9.271661818845425	0.7257209081293193
80.15027634097487	9.998585276774412	0.732091951455658
79.45470941050044	10.728583121609057	0.7388870968603103
78.76082345025607	11.461883996679509	0.7461862464170056
78.0687402510143	12.198718332806749	0.7540729671755443
77.37858351923944	12.939318437111838	0.7626291195938156
76.69047900661849	13.683918574821595	0.7719292341775672
76.00455464110858	14.432755043267381	0.7820349720509236
75.32094065950206	15.186066237202516	0.7929896694576547
74.63976974149092	15.944092704486447	0.8048140013391071
73.96117714519126	16.707077191101824	0.8175018967043846
73.28530084406378	17.47526467438212	0.8310179927309406
72.61228166514054	18.2489023832344	0.8452962918725816
71.94226342843773	19.028239804042187	0.8602400499518023
71.27539308740191	19.813528670829413	0.8757233708440288
70.61182087020094	20.605022938156644	0.8915942559615259
69.95170042163069	21.402978735106455	0.9076789966292989
69.29518894536457	22.207654298596484	0.9237880212606561
68.64244734622547	23.019309884136224	0.9397226657710207
67.99364037210603	23.838207652018653	0.9552830350914863
67.34893675510656	24.664611526811417	0.97027606052079
66.70850935139694	25.498787027884514	0.9845240606617838
66.07253527924108	26.34100106858589	0.997873022588739
65.44119605454999	27.191521721553002	1.0102001835917385
64.81467772324949	28.05061794753063	1.0214209414750683
64.19317098966519	28.918559284955432	1.031494254102118
63.57687134003648	29.79561549746857	1.0404265561636985
62.965979160175145	30.68205617643342	1.0482739973313702
62.36069984618289	31.5781502954692	1.0551424142805244
61.761243907035045	32.484165713968785	1.0611853443293078
61.16782705772538	33.400368626554155	1.066599968785719
60.58067030155157	34.32702295544232	1.071620930049047
59.99999999999999	35.264389682754654	1.076512218304064
59.42604792856702	36.212726119908915	1.0815576034155592
58.8590513167294	37.17228511139536	1.087049584046292
58.29925287015328	38.143314170462425	1.093277413536699
57.74690077310915	39.12605454453247	1.100514762084687
57.20224866894282	40.12074020854298	1.1090073509485068
56.66555561634145	41.12759678487194	1.1189609783264618
56.13708601903233	42.14684038906587	1.13053063633636
55.61710952646371	43.178676401255004	1.143810998863881
55.10590090294487	44.223298163918535	1.1588290076796834
54.60373986267208	45.28088560756104	1.1755383330099243
54.11091086804023	46.3516038068849	1.1938168276368506
53.62770288864506	47.435601471194154	1.2134664149911332
53.154409118419395	48.53300937404573	1.2342158868435238
52.691326648427214	49.643938728569864	1.255726694526586
52.23875609296496	50.76847951640774	1.277601314032749
51.79700116679687	51.90669877984987	1.2993942689194389
51.36636821158484	53.05863888848747	1.3206250276676161
50.94716566986906	54.22431579349069	1.3407931951474756
50.539703505316	55.40371728447302	1.359394403507059
50.14429256838126	56.59680126575802	1.3759373780913633
49.76124390703504	57.80349407069134	1.3899609753845334
49.390868022772075	59.02368883439022	1.4010505774829745
49.03347407277117	60.25724394694163	1.4088537591686294
48.68936901978189	61.503981610489745	1.4130940525519347
48.35885673209022	62.76368652482927	1.4135825574921967
48.04223703674405	64.03610472697835	1.4102270340954781
47.73980473009234	65.32094261067617	1.4030378897747438
47.45184855059514	66.61786615176922	1.3921309489646008
47.178650119779434	67.92650036495783	1.377726697744553
46.920482858129056	69.2464290163152	1.3601463390937623
46.677610883583455	70.57719461432482	1.339804183169742
46.450287901158305	71.91829869987819	1.3171970440569765
46.23875609296496	73.2692024527246	1.2928909507315482
46.043245018569806	74.62932762827676	1.2675051442648604
45.86397053617525	75.99805783448308	1.241694564273861
45.701133755495384	77.37474015373697	1.2161307127101093
45.554920033420714	78.7586871095844	1.1914821819258412
45.42549802359849	80.14917897242118	1.1683949309477848
45.31301879088406	81.5454663925662	1.1474732331969775
45.21761500123496	82.94677334320139	1.1292621629389896
45.1394001970194	84.35230034984485	1.1142315365338131
45.07846816689916	85.76122797743554	1.10276270733124
45.03489241843145	87.17272054092642	1.0951376826503152
45.00872576033472	88.58593000067151	1.0915318497810276
45.0	90.0	1.0920097234929924
45.00872576033472	91.41406999932849	1.0965244144740351
45.03489241843145	92.82727945907358	1.1049203151141824
45.07846816689916	94.23877202256445	1.1169393103811422
45.1394001970194	95.64769965015516	1.132229898295105
45.21761500123496	97.05322665679864	1.1503590801182868
45.31301879088406	98.45453360743382	1.1708263488132165
45.42549802359848	99.85082102757882	1.1930797757697635
45.554920033420714	101.2413128904156	1.216532796955081
45.701133755495384	102.62525984626303	1.2405819223017962
45.86397053617525	104.00194216551692	1.2646244171192835
46.043245018569806	105.37067237172324	1.2880751162205257
46.238756092964955	106.73079754727539	1.3103823987414733
46.450287901158305	108.08170130012182	1.3310423164839174
46.677610883583455	109.42280538567519	1.3496107918511118
46.920482858129056	110.7535709836848	1.365713409768574
47.178650119779434	112.07349963504215	1.379052383936313
47.45184855059512	113.38213384823077	1.389411117066229
47.73980473009234	114.67905738932384	1.3966556277048596
48.04223703674405	115.96389527302166	1.4007335430643815
48.3588567320902	117.23631347517073	1.4016702661850422
48.68936901978189	118.49601838951025	1.3995631287595955
49.03347407277117	119.74275605305839	1.394573305804412
49.39086802277208	120.9763111656098	1.386916331484762
49.76124390703504	122.19650592930867	1.3768514119326842
50.14429256838125	123.40319873424197	1.3646700106650245
50.539703505316005	124.59628271552698	1.3506842381630593
50.94716566986905	125.77568420650928	1.3352153813367005
51.36636821158484	126.94136111151253	1.3185829925270323
51.79700116679685	128.09330122015012	1.301095153539345
52.23875609296496	129.23152048359225	1.2830397748220796
52.691326648427214	130.35606127143015	1.2646776012376868
53.154409118419395	131.46699062595425	1.2462367565638939
53.62770288864506	132.56439852880584	1.227909162448384
54.11091086804023	133.64839619311508	1.2098487478861355
54.60373986267208	134.71911439243897	1.1921712254040906
55.10590090294487	135.7767018360815	1.1749556857453978
55.617109526463715	136.821323598745	1.158247283653404
56.13708601903233	137.8531596109341	1.1420613504783903
56.66555561634144	138.87240321512806	1.12638823418414
57.20224866894282	139.879259791457	1.1111985869851688
57.74690077310915	140.87394545546752	1.0964492404992063
58.29925287015328	141.85668582953758	1.0820887731535935
58.8590513167294	142.82771488860465	1.0680627978225146
59.42604792856702	143.7872738800911	1.05431891374123
59.99999999999999	144.73561031724535	1.0408106512513142
60.58067030155157	145.6729770445577	1.0275006611691437
61.16782705772538	146.59963137344585	1.0143628690084732
61.76124390703503	147.5158342860312	1.0013836220340158
62.36069984618289	148.4218497045308	0.988561829146025
62.96597916017513	149.31794382356657	0.9759079816882154
63.57687134003648	150.20438450253144	0.9634426986481005
64.19317098966519	151.08144071504458	0.9511942646883345
64.81467772324949	151.9493820524694	0.9391957765012219
65.44119605454999	152.808478278447	0.9274820933248115
66.0725352792411	153.65899893141415	0.9160866195974898
66.70850935139694	154.5012129721155	0.9050383394048257
67.34893675510656	155.3353884731886	0.8943589908109955
67.99364037210603	156.16179234798136	0.8840608556823739
68.64244734622547	156.98069011586378	0.87414533286479
69.29518894536457	157.79234570140352	0.8646019589914457
69.95170042163069	158.59702126489356	0.8554083805059999
70.61182087020094	159.39497706184335	0.8465311929700658
71.2753930874019	160.1864713291706	0.8379273678859559
71.94226342843773	160.9717601959578	0.8295464908500076
72.61228166514054	161.7510976167656	0.8213334193596578
73.28530084406377	162.52473532561788	0.8132316120665143
73.96117714519126	163.29292280889817	0.8051863740986792
74.63976974149092	164.05590729551355	0.7971483541753197
75.32094065950206	164.8139337627975	0.7890768458828236
76.00455464110858	165.56724495673262	0.7809426413202898
76.6904790066185	166.31608142517842	0.7727306609296861
77.37858351923944	167.06068156288816	0.7644416041339268
78.0687402510143	167.80128166719328	0.7560930684135357
78.76082345025605	168.5381160033205	0.7477197731219785
79.45470941050044	169.27141687839094	0.739372888039665
80.15027634097487	170.0014147232256	0.7311184946435384
80.84740423856572	170.72833818115458	0.723035431884498
81.54597476125012	171.45241420309307	0.7152122187265777
82.24587110294536	172.17386814820765	0.7077436129862064
82.94697786971682	172.8929238895535	0.7007266945638884
83.64918095727445	173.60980392411287	0.6942567808143845
84.3523674296794	174.32472948671335	0.6884234258476415
85.05642539917308	175.03792066734437	0.6833064757835552
85.76124390703502	175.7495965314293	0.6789727674758164
86.4667128053692	176.45997524264365	0.6754732748664187
87.17272263971289	177.16927418789817	0.672840898809251
87.87916453235917	177.87771010413212	0.6710894599010996
88.58593006627854	178.58549920658245	0.6702132508509838
89.29291116952395	179.29285731821275	0.67018781983382
90.0	180.0	0.6709715371977489
90.70708883047607	180.70714268178725	0.672508057432795
91.41406993372146	181.41450079341755	0.6747296204470207
92.12083546764083	182.12228989586788	0.6775609123810148
92.82727736028711	182.83072581210183	0.6809232341684603
93.5332871946308	183.54002475735635	0.6847390058197035
94.23875609296496	184.2504034685707	0.6889361308207382
94.94357460082692	184.96207933265563	0.6934521926706929
95.64763257032061	185.67527051328665	0.6982380359271505
96.35081904272555	186.39019607588713	0.7032608436669722
97.05302213028318	187.1070761104465	0.708506039916624
97.75412889705464	187.82613185179233	0.7139785486134227
98.45402523874989	188.54758579690696	0.7197026537209524
99.15259576143428	189.27166181884542	0.7257209081293193
99.84972365902512	189.9985852767744	0.732091951455658
100.54529058949956	190.72858312160906	0.7388870968603103
101.23917654974393	191.4618839966795	0.7461862464170056
101.93125974898571	192.19871833280675	0.7540729671755443
102.62141648076054	192.93931843711184	0.7626291195938156
103.30952099338153	193.68391857482158	0.7719292341775672
103.99544535889142	194.43275504326738	0.7820349720509236
104.67905934049796	195.18606623720254	0.7929896694576547
105.36023025850908	195.94409270448645	0.8048140013391071
106.03882285480874	196.7070771911018	0.8175018967043846
106.71469915593623	197.4752646743821	0.8310179927309406
107.38771833485946	198.2489023832344	0.8452962918725816
108.05773657156229	199.0282398040422	0.8602400499518023
108.7246069125981	199.8135286708294	0.8757233708440288
109.38817912979906	200.60502293815665	0.8915942559615259
110.04829957836931	201.40297873510644	0.9076789966292989
110.70481105463544	202.20765429859648	0.9237880212606561
111.35755265377453	203.01930988413622	0.9397226657710207
112.00635962789397	203.83820765201864	0.9552830350914863
112.65106324489344	204.6646115268114	0.97027606052079
113.29149064860306	205.49878702788448	0.9845240606617838
113.92746472075892	206.34100106858588	0.997873022588739
114.55880394545001	207.191521721553	1.0102001835917385
115.18532227675053	208.05061794753064	1.0214209414750683
115.8068290103348	208.91855928495542	1.031494254102118
116.42312865996352	209.79561549746856	1.0404265561636985
117.03402083982486	210.68205617643343	1.0482739973313702
117.63930015381712	211.5781502954692	1.0551424142805244
118.23875609296496	212.48416571396876	1.0611853443293078
118.83217294227461	213.40036862655413	1.066599968785719
119.41932969844842	214.32702295544232	1.071620930049047
120.00000000000001	215.26438968275463	1.076512218304064
120.573952071433	216.2127261199089	1.0815576034155592
121.14094868327061	217.17228511139535	1.087049584046292
121.70074712984672	218.14331417046245	1.093277413536699
122.25309922689084	219.12605454453248	1.100514762084687
122.79775133105717	220.12074020854297	1.1090073509485068
123.33444438365854	221.1275967848719	1.1189609783264618
123.86291398096766	222.1468403890659	1.13053063633636
124.38289047353629	223.17867640125502	1.143810998863881
124.89409909705513	224.2232981639185	1.1588290076796834
125.39626013732791	225.28088560756103	1.1755383330099243
125.88908913195978	226.35160380688492	1.1938168276368506
126.37229711135494	227.43560147119416	1.2134664149911332
126.84559088158062	228.53300937404572	1.2342158868435238
127.30867335157278	229.64393872856982	1.255726694526586
127.76124390703504	230.7684795164077	1.277601314032749
128.20299883320317	231.90669877984988	1.2993942689194389
128.6336317884152	233.05863888848748	1.3206250276676161
129.05283433013093	234.2243157934907	1.3407931951474756
129.460296494684	235.40371728447298	1.359394403507059
129.85570743161875	236.59680126575802	1.3759373780913633
130.23875609296496	237.80349407069136	1.3899609753845334
130.60913197722795	239.0236888343902	1.4010505774829745
130.96652592722884	240.25724394694157	1.4088537591686294
131.31063098021812	241.50398161048972	1.4130940525519347
131.6411432679098	242.7636865248293	1.4135825574921967
131.95776296325596	244.03610472697835	1.4102270340954781
132.26019526990768	245.32094261067616	1.4030378897747438
132.54815144940486	246.6178661517692	1.3921309489646008
132.8213498802206	247.92650036495786	1.377726697744553
133.07951714187095	249.2464290163152	1.3601463390937623
133.32238911641656	250.5771946143248	1.339804183169742
133.5497120988417	251.91829869987816	1.3171970440569765
133.76124390703504	253.26920245272458	1.2928909507315482
133.9567549814302	254.62932762827677	1.2675051442648604
134.13602946382477	255.99805783448306	1.241694564273861
134.2988662445046	257.374740153737	1.2161307127101093
134.44507996657927	258.75868710958434	1.1914821819258412
134.57450197640154	260.14917897242117	1.1683949309477848
134.68698120911597	261.5454663925662	1.1474732331969775
134.78238499876502	262.94677334320136	1.1292621629389896
134.8605998029806	264.3523003498448	1.1142315365338131
134.92153183310086	265.7612279774355	1.10276270733124
134.96510758156856	267.17272054092643	1.0951376826503152
134.99127423966527	268.5859300006715	1.0915318497810276
135.0	270.0	1.0920097234929924
134.99127423966527	271.4140699993285	1.0965244144740351
134.96510758156856	272.82727945907357	1.1049203151141824
134.92153183310086	274.2387720225645	1.1169393103811422
134.8605998029806	275.6476996501551	1.132229898295105
134.78238499876502	277.0532266567986	1.1503590801182868
134.68698120911597	278.45453360743375	1.1708263488132165
134.57450197640154	279.85082102757883	1.1930797757697635
134.44507996657927	281.2413128904156	1.216532796955081
134.2988662445046	282.625259846263	1.2405819223017962
134.13602946382477	284.0019421655169	1.2646244171192835
133.9567549814302	285.37067237172323	1.2880751162205257
133.76124390703504	286.7307975472754	1.3103823987414733
133.5497120988417	288.08170130012184	1.3310423164839174
133.32238911641656	289.42280538567513	1.3496107918511118
133.07951714187095	290.75357098368477	1.365713409768574
132.82134988022057	292.0734996350422	1.379052383936313
132.54815144940488	293.38213384823075	1.389411117066229
132.26019526990768	294.6790573893238	1.3966556277048596
131.95776296325596	295.9638952730216	1.4007335430643815
131.6411432679098	297.23631347517073	1.4016702661850422
131.31063098021812	298.49601838951025	1.3995631287595955
130.96652592722884	299.7427560530584	1.394573305804412
130.60913197722795	300.9763111656098	1.386916331484762
130.23875609296496	302.1965059293086	1.3768514119326842
129.85570743161873	303.403198734242	1.3646700106650245
129.46029649468403	304.59628271552697	1.3506842381630593
129.05283433013096	305.7756842065093	1.3352153813367005
128.6336317884152	306.9413611115125	1.3185829925270323
128.20299883320317	308.0933012201501	1.301095153539345
127.76124390703505	309.23152048359225	1.2830397748220796
127.3086733515728	310.3560612714301	1.2646776012376868
126.84559088158062	311.4669906259543	1.2462367565638939
126.37229711135495	312.5643985288058	1.227909162448384
125.88908913195978	313.6483961931151	1.2098487478861355
125.39626013732794	314.71911439243894	1.1921712254040906
124.89409909705515	315.77670183608143	1.1749556857453978
124.38289047353632	316.821323598745	1.158247283653404
123.86291398096766	317.85315961093414	1.1420613504783903
123.33444438365856	318.8724032151281	1.12638823418414
122.7977513310572	319.879259791457	1.1111985869851688
122.25309922689087	320.8739454554675	1.0964492404992063
121.70074712984675	321.8566858295375	1.0820887731535935
121.14094868327061	322.82771488860465	1.0680627978225146
120.57395207143298	323.7872738800911	1.05431891374123
120.00000000000001	324.73561031724535	1.0408106512513142
119.41932969844845	325.6729770445577	1.0275006611691437
118.83217294227461	326.59963137344585	1.0143628690084732
118.23875609296496	327.51583428603124	1.0013836220340158
117.63930015381712	328.4218497045308	0.988561829146025
117.03402083982486	329.31794382356657	0.9759079816882154
116.42312865996352	330.2043845025314	0.9634426986481005
115.8068290103348	331.08144071504455	0.9511942646883345
115.18532227675053	331.9493820524694	0.9391957765012219
114.55880394545002	332.808478278447	0.9274820933248115
113.92746472075895	333.6589989314141	0.9160866195974898
113.29149064860304	334.5012129721155	0.9050383394048257
112.65106324489344	335.3353884731886	0.8943589908109955
112.00635962789399	336.16179234798136	0.8840608556823739
111.35755265377455	336.98069011586375	0.87414533286479
110.70481105463546	337.79234570140346	0.8646019589914457
110.04829957836931	338.59702126489356	0.8554083805059999
109.38817912979906	339.39497706184335	0.8465311929700658
108.7246069125981	340.18647132917056	0.8379273678859559
108.05773657156229	340.9717601959578	0.8295464908500076
107.38771833485946	341.7510976167656	0.8213334193596578
106.71469915593623	342.5247353256179	0.8132316120665143
106.03882285480876	343.2929228088982	0.8051863740986792
105.36023025850909	344.0559072955135	0.7971483541753197
104.67905934049797	344.8139337627975	0.7890768458828236
103.99544535889142	345.5672449567326	0.7809426413202898
103.30952099338151	346.3160814251784	0.7727306609296861
102.62141648076056	347.06068156288813	0.7644416041339268
101.93125974898572	347.8012816671932	0.7560930684135357
101.23917654974393	348.5381160033205	0.7477197731219785
100.54529058949956	349.27141687839094	0.739372888039665
99.84972365902513	350.0014147232256	0.7311184946435384
99.15259576143428	350.7283381811546	0.723035431884498
98.4540252387499	351.45241420309304	0.7152122187265777
97.75412889705464	352.17386814820765	0.7077436129862064
97.05302213028318	352.89292388955346	0.7007266945638884
96.35081904272556	353.60980392411284	0.6942567808143845
95.64763257032062	354.32472948671335	0.6884234258476415
94.94357460082692	355.03792066734434	0.6833064757835552
94.23875609296496	355.7495965314293	0.6789727674758164
93.53328719463082	356.4599752426436	0.6754732748664187
92.82727736028713	357.16927418789817	0.672840898809251
92.12083546764086	357.8777101041321	0.6710894599010996
91.41406993372146	358.5854992065825	0.6702132508509838
90.70708883047607	359.2928573182127	0.67018781983382
90.0	90.0	0.8990416831760524
89.29291116952395	89.29285731821274	0.8974815784003363
88.58593006627854	88.58549920658245	0.8949545074571451
87.87916453235917	87.87771010413212	0.8914794666728314
87.1727226397129	87.16927418789815	0.8871098639811308
86.4667128053692	86.45997524264364	0.881933407015496
85.76124390703504	85.74959653142929	0.8760717114322656
85.05642539917308	85.03792066734437	0.8696790139725002
84.3523674296794	84.32472948671335	0.8629402420547403
83.64918095727445	83.60980392411285	0.8560683000140982
82.94697786971682	82.89292388955346	0.8493005440107697
82.24587110294536	82.17386814820766	0.842894473584883
81.54597476125012	81.45241420309306	0.8371225559269317
80.84740423856572	80.72833818115458	0.8322664906098788
80.15027634097487	80.0014147232256	0.8286106350137608
79.45470941050044	79.27141687839094	0.8264349821196294
78.76082345025607	78.5381160033205	0.8260078305574093
78.0687402510143	77.80128166719327	0.8275780909538412
77.37858351923944	77.06068156288816	0.8313676482342562
76.69047900661849	76.31608142517841	0.8375638638089372
76.00455464110858	75.56724495673262	0.8463126093208895
75.32094065950206	74.81393376279749	0.8577118599319482
74.63976974149092	74.05590729551355	0.8718062668009622
73.96117714519126	73.29292280889818	0.8885827926848088
73.28530084406378	72.52473532561788	0.9079676065006547
72.61228166514054	71.7510976167656	0.9298247124570439
71.94226342843773	70.97176019595781	0.9539558941000645
71.27539308740191	70.18647132917059	0.9801025887667587
70.61182087020094	69.39497706184336	1.007949384699695
69.95170042163069	68.59702126489356	1.0371292807072827
69.29518894536457	67.79234570140352	1.0672306524159996
68.64244734622547	66.98069011586378	1.0978055893915293
67.99364037210603	66.16179234798135	1.1283797150364783
67.34893675510656	65.33538847318859	1.1584629017494235
66.70850935139694	64.50121297211548	1.1875608813452887
66.07253527924108	63.65899893141411	1.2151873310833046
65.44119605454999	62.808478278447	1.2408759876718833
64.81467772324949	61.94938205246937	1.2641925654350796
64.19317098966519	61.081440715044565	1.2847459191023012
63.57687134003648	60.20438450253143	1.3021984791981913
62.965979160175145	59.31794382356658	1.3162751207251822
62.36069984618289	58.4218497045308	1.3267704931156354
61.761243907035045	57.515834286031215	1.3335545316844089
61.16782705772538	56.59963137344585	1.3365758708126758
60.58067030155157	55.67297704455769	1.3358630189784235
59.99999999999999	54.735610317245346	1.331523407541288
59.42604792856702	53.787273880091085	1.323740089466399
58.8590513167294	52.827714888604646	1.3127663397794826
58.29925287015328	51.85668582953758	1.2989182696608843
57.74690077310915	50.87394545546753	1.2825657619246018
57.20224866894282	49.87925979145702	1.2641218118130695
56.66555561634145	48.87240321512806	1.244030944553698
56.13708601903233	47.85315961093413	1.222756569792585
55.61710952646371	46.821323598745	1.2007684199589732
55.10590090294487	45.776701836081465	1.1785296249297932
54.60373986267208	44.71911439243896	1.1564846539786238
54.11091086804023	43.6483961931151	1.1350478452398942
53.62770288864506	42.564398528805846	1.114593278065088
53.154409118419395	41.46699062595427	1.0954461281555206
52.691326648427214	40.356061271430136	1.0778759810792784
52.23875609296496	39.23152048359226	1.0620918244031543
51.79700116679687	38.09330122015014	1.048239305954821
51.36636821158484	36.941361111512535	1.0364002582152518
50.94716566986906	35.77568420650932	1.026593929303048
50.539703505316	34.59628271552699	1.0187806759274274
50.14429256838126	33.40319873424199	1.0128669992332062
49.76124390703504	32.19650592930866	1.0087124271222772
49.390868022772075	30.976311165609783	1.0061375716055811
49.03347407277117	29.742756053058372	1.004933137370244
48.68936901978189	28.496018389510258	1.0048694339312096
48.35885673209022	27.236313475170732	1.0057060276674594
48.04223703674405	25.963895273021652	1.007201477788978
47.73980473009234	24.679057389323834	1.0091221770423895
47.45184855059514	23.382133848230776	1.011250632878264
47.178650119779434	22.07349963504216	1.0133923497725936
46.920482858129056	20.753570983684796	1.0153815644946897
46.677610883583455	19.422805385675183	1.0170853307370025
46.450287901158305	18.08170130012181	1.0184058691761133
46.23875609296496	16.730797547275397	1.0192815746417307
46.043245018569806	15.370672371723243	1.0196859250169448
45.86397053617525	14.001942165516926	1.0196254109463996
45.701133755495384	12.625259846263035	1.019135563114142
45.554920033420714	11.241312890415616	1.0182762800985523
45.42549802359849	9.850821027578828	1.017126149058281
45.31301879088406	8.454533607433808	1.0157760669952702
45.21761500123496	7.053226656798624	1.0143228340408588
45.1394001970194	5.647699650155149	1.0128627187649708
45.07846816689916	4.238772022564465	1.0114852752775525
45.03489241843145	2.8272794590735852	1.0102680835682585
45.00872576033472	1.414069999328503	1.0092721053382983
45.0	4.961562726608714e-15	1.0085384946319498
45.00872576033472	358.5859300006715	1.008086303729398
45.03489241843145	357.17272054092643	1.0079119515853217
45.07846816689916	355.76122797743557	1.0079896714595584
45.1394001970194	354.3523003498448	1.00827366513968
45.21761500123496	352.94677334320136	1.0087012923094816
45.31301879088406	351.5454663925662	1.0091974629248845
45.42549802359848	350.14917897242117	1.0096797569896676
45.554920033420714	348.7586871095844	1.0100644116156148
45.701133755495384	347.374740153737	1.0102723360595773
45.86397053617525	345.99805783448306	1.010235490460452
46.043245018569806	344.62932762827677	1.0099027609916624
46.238756092964955	343.26920245272464	1.009245331429139
46.450287901158305	341.91829869987816	1.0082611594579722
46.677610883583455	340.5771946143248	1.0069785297408165
46.920482858129056	339.2464290163152	1.0054580123020496
47.178650119779434	337.92650036495786	1.0037931899276047
47.45184855059512	336.61786615176925	1.0021099027882225
47.73980473009234	335.3209426106762	1.0005635626554599
48.04223703674405	334.03610472697835	0.9993354879256192
48.3588567320902	332.76368652482927	0.9986273082364344
48.68936901978189	331.50398161048975	0.9986545297762588
49.03347407277117	330.2572439469416	0.9996387856781752
49.39086802277208	329.0236888343902	1.0017996667603566
49.76124390703504	327.80349407069133	1.0053456849820135
50.14429256838125	326.596801265758	1.010465600599256
50.539703505316005	325.40371728447303	1.0173196933671254
50.94716566986905	324.2243157934907	1.0260315932799526
51.36636821158484	323.05863888848745	1.0366813143191334
51.79700116679685	321.9066987798499	1.049299071554565
52.23875609296496	320.76847951640775	1.063860944722579
52.691326648427214	319.6439387285699	1.080285912672783
53.154409118419395	318.5330093740457	1.0984348741759813
53.62770288864506	317.43560147119416	1.1181114592547556
54.11091086804023	316.3516038068849	1.1390647429443728
54.60373986267208	315.28088560756106	1.160993861484018
55.10590090294487	314.2232981639185	1.1835542231922753
55.617109526463715	313.17867640125496	1.2063655098652664
56.13708601903233	312.14684038906586	1.229020601413036
56.66555561634144	311.12759678487197	1.2510958433879367
57.20224866894282	310.120740208543	1.2721618180975054
57.74690077310915	309.1260545445325	1.2917945073941786
58.29925287015328	308.1433141704624	1.309586483441919
58.8590513167294	307.17228511139535	1.325157623875265
59.42604792856702	306.2127261199089	1.3381652674200428
59.99999999999999	305.26438968275465	1.3483131385297564
60.58067030155157	304.3270229554423	1.3553592928298919
61.16782705772538	303.40036862655415	1.3591221881088145
61.76124390703503	302.4841657139688	1.3594852725320845
62.36069984618289	301.5781502954692	1.3563997543572015
62.96597916017513	300.68205617643343	1.3498853573103484
63.57687134003648	299.7956154974686	1.3400293413943127
64.19317098966519	298.91855928495545	1.3269837051968303
64.81467772324949	298.0506179475306	1.310960681607015
65.44119605454999	297.191521721553	1.292226722778298
66.0725352792411	296.3410010685859	1.2710953100608675
66.70850935139694	295.49878702788453	1.2479185889036144
67.34893675510656	294.6646115268114	1.2230782763562453
67.99364037210603	293.83820765201864	1.1969762888022333
68.64244734622547	293.0193098841362	1.1700248661072645
69.29518894536457	292.2076542985965	1.1426370874445235
69.95170042163069	291.40297873510644	1.1152176109353067
70.61182087020094	290.60502293815665	1.0881540008048847
71.2753930874019	289.81352867082944	1.0618090057535288
71.94226342843773	289.0282398040422	1.0365136206812011
72.61228166514054	288.2489023832344	1.0125615752349906
73.28530084406377	287.4752646743821	0.9902046336871275
73.96117714519126	286.7070771911018	0.9696494615203288
74.63976974149092	285.9440927044865	0.9510556670436372
75.32094065950206	285.1860662372025	0.9345348781541745
76.00455464110858	284.4327550432674	0.9201512738985567
76.6904790066185	283.6839185748216	0.9079228434341396
77.37858351923944	282.93931843711187	0.8978239039515101
78.0687402510143	282.1987183328067	0.889788150158393
78.76082345025605	281.4618839966795	0.8837124311633874
79.45470941050044	280.72858312160906	0.8794611148749528
80.15027634097487	279.9985852767744	0.8768708161003093
80.84740423856572	279.2716618188454	0.875755180598171
81.54597476125012	278.54758579690696	0.8759101167621461
82.24587110294536	277.82613185179235	0.8771186076503866
82.94697786971682	277.10707611044654	0.8791559146920698
83.64918095727445	276.39019607588716	0.8817941938786343
84.3523674296794	275.67527051328665	0.8848073637472623
85.05642539917308	274.96207933265566	0.887975245964533
85.76124390703502	274.2504034685707	0.8910879297254074
86.4667128053692	273.5400247573564	0.8939494926831324
87.17272263971289	272.83072581210183	0.8963815819945617
87.87916453235917	272.1222898958679	0.8982268275039789
88.58593006627854	271.4145007934176	0.8993517513424188
89.29291116952395	270.7071426817872	0.8996493697809108
90.0	270.0	0.8990416831760524
90.70708883047607	269.2928573182127	0.8974815784003363
91.41406993372146	268.5854992065824	0.8949545074571451
92.12083546764083	267.8777101041321	0.8914794666728314
92.82727736028711	267.16927418789817	0.8871098639811308
93.5332871946308	266.4599752426436	0.881933407015496
94.23875609296496	265.7495965314293	0.8760717114322656
94.94357460082692	265.03792066734434	0.8696790139725002
95.64763257032061	264.32472948671335	0.8629402420547403
96.35081904272555	263.60980392411284	0.8560683000140982
97.05302213028318	262.89292388955346	0.8493005440107697
97.75412889705464	262.17386814820765	0.842894473584883
98.45402523874989	261.45241420309304	0.8371225559269317
99.15259576143428	260.7283381811546	0.8322664906098788
99.84972365902512	260.0014147232256	0.8286106350137608
100.54529058949956	259.27141687839094	0.8264349821196294
101.23917654974393	258.5381160033205	0.8260078305574093
101.93125974898571	257.8012816671933	0.8275780909538412
102.62141648076054	257.06068156288813	0.8313676482342562
103.30952099338153	256.31608142517837	0.8375638638089372
103.99544535889142	255.56724495673262	0.8463126093208895
104.67905934049796	254.8139337627975	0.8577118599319482
105.36023025850908	254.05590729551355	0.8718062668009622
106.03882285480874	253.2929228088982	0.8885827926848088
106.71469915593623	252.52473532561788	0.9079676065006547
107.38771833485946	251.7510976167656	0.9298247124570439
108.05773657156229	250.9717601959578	0.9539558941000645
108.7246069125981	250.18647132917056	0.9801025887667587
109.38817912979906	249.39497706184335	1.007949384699695
110.04829957836931	248.59702126489356	1.0371292807072827
110.70481105463544	247.79234570140352	1.0672306524159996
111.35755265377453	246.98069011586378	1.0978055893915293
112.00635962789397	246.16179234798136	1.1283797150364783
112.65106324489344	245.33538847318857	1.1584629017494235
113.29149064860306	244.50121297211547	1.1875608813452887
113.92746472075892	243.6589989314141	1.2151873310833046
114.55880394545001	242.808478278447	1.2408759876718833
115.18532227675053	241.9493820524694	1.2641925654350796
115.8068290103348	241.08144071504458	1.2847459191023012
116.42312865996352	240.2043845025314	1.3021984791981913
117.03402083982486	239.31794382356657	1.3162751207251822
117.63930015381712	238.4218497045308	1.3267704931156354
118.23875609296496	237.5158342860312	1.3335545316844089
118.83217294227461	236.59963137344585	1.3365758708126758
119.41932969844842	235.67297704455768	1.3358630189784235
120.00000000000001	234.73561031724535	1.331523407541288
120.573952071433	233.78727388009108	1.323740089466399
121.14094868327061	232.82771488860465	1.3127663397794826
121.70074712984672	231.85668582953755	1.2989182696608843
122.25309922689084	230.87394545546752	1.2825657619246018
122.79775133105717	229.879259791457	1.2641218118130695
123.33444438365854	228.8724032151281	1.244030944553698
123.86291398096766	227.8531596109341	1.222756569792585
124.38289047353629	226.82132359874498	1.2007684199589732
124.89409909705513	225.7767018360815	1.1785296249297932
125.39626013732791	224.71911439243897	1.1564846539786238
125.88908913195978	223.64839619311508	1.1350478452398942
126.37229711135494	222.56439852880584	1.114593278065088
126.84559088158062	221.46699062595428	1.0954461281555206
127.30867335157278	220.35606127143015	1.0778759810792784
127.76124390703504	219.23152048359228	1.0620918244031543
128.20299883320317	218.0933012201501	1.048239305954821
128.6336317884152	216.94136111151252	1.0364002582152518
129.05283433013093	215.7756842065093	1.026593929303048
129.460296494684	214.59628271552702	1.0187806759274274
129.85570743161875	213.40319873424195	1.0128669992332062
130.23875609296496	212.19650592930864	1.0087124271222772
130.60913197722795	210.9763111656098	1.0061375716055811
130.96652592722884	209.74275605305837	1.004933137370244
131.31063098021812	208.49601838951028	1.0048694339312096
131.6411432679098	207.2363134751707	1.0057060276674594
131.95776296325596	205.96389527302162	1.007201477788978
132.26019526990768	204.67905738932384	1.0091221770423895
132.54815144940486	203.38213384823078	1.011250632878264
132.8213498802206	202.07349963504214	1.0133923497725936
133.07951714187095	200.75357098368477	1.0153815644946897
133.32238911641656	199.4228053856752	1.0170853307370025
133.5497120988417	198.08170130012184	1.0184058691761133
133.76124390703504	196.73079754727542	1.0192815746417307
133.9567549814302	195.3706723717232	1.0196859250169448
134.13602946382477	194.0019421655169	1.0196254109463996
134.2988662445046	192.62525984626305	1.019135563114142
134.44507996657927	191.24131289041563	1.0182762800985523
134.57450197640154	189.8508210275788	1.017126149058281
134.68698120911597	188.4545336074338	1.0157760669952702
134.78238499876502	187.0532266567986	1.0143228340408588
134.8605998029806	185.64769965015518	1.0128627187649708
134.92153183310086	184.2387720225645	1.0114852752775525
134.96510758156856	182.82727945907357	1.0102680835682585
134.99127423966527	181.4140699993285	1.0092721053382983
135.0	180.0	1.0085384946319498
134.99127423966527	178.58593000067157	1.008086303729398
134.96510758156856	177.1727205409264	1.0079119515853217
134.92153183310086	175.76122797743554	1.0079896714595584
134.8605998029806	174.35230034984485	1.00827366513968
134.78238499876502	172.94677334320141	1.0087012923094816
134.68698120911597	171.54546639256625	1.0091974629248845
134.57450197640154	170.14917897242117	1.0096797569896676
134.44507996657927	168.7586871095844	1.0100644116156148
134.2988662445046	167.37474015373698	1.0102723360595773
134.13602946382477	165.9980578344831	1.010235490460452
133.9567549814302	164.62932762827674	1.0099027609916624
133.76124390703504	163.2692024527246	1.009245331429139
133.5497120988417	161.9182986998782	1.0082611594579722
133.32238911641656	160.57719461432484	1.0069785297408165
133.07951714187095	159.24642901631526	1.0054580123020496
132.82134988022057	157.92650036495783	1.0037931899276047
132.54815144940488	156.61786615176925	1.0021099027882225
132.26019526990768	155.32094261067618	1.0005635626554599
131.95776296325596	154.03610472697838	0.9993354879256192
131.6411432679098	152.76368652482927	0.9986273082364344
131.31063098021812	151.50398161048975	0.9986545297762588
130.96652592722884	150.25724394694163	0.9996387856781752
130.60913197722795	149.02368883439024	1.0017996667603566
130.23875609296496	147.80349407069139	1.0053456849820135
129.85570743161873	146.596801265758	1.010465600599256
129.46029649468403	145.403717284473	1.0173196933671254
129.05283433013096	144.22431579349072	1.0260315932799526
128.6336317884152	143.0586388884875	1.0366813143191334
128.20299883320317	141.90669877984988	1.049299071554565
127.76124390703505	140.76847951640775	1.063860944722579
127.3086733515728	139.64393872856988	1.080285912672783
126.84559088158062	138.53300937404575	1.0984348741759813
126.37229711135495	137.4356014711942	1.1181114592547556
125.88908913195978	136.35160380688492	1.1390647429443728
125.39626013732794	135.28088560756106	1.160993861484018
124.89409909705515	134.22329816391854	1.1835542231922753
124.38289047353632	133.17867640125502	1.2063655098652664
123.86291398096766	132.14684038906586	1.229020601413036
123.33444438365856	131.12759678487194	1.2510958433879367
122.7977513310572	130.120740208543	1.2721618180975054
122.25309922689087	129.12605454453248	1.2917945073941786
121.70074712984675	128.14331417046245	1.309586483441919
121.14094868327061	127.17228511139534	1.325157623875265
120.57395207143298	126.21272611990892	1.3381652674200428
120.00000000000001	125.26438968275468	1.3483131385297564
119.41932969844845	124.32702295544235	1.3553592928298919
118.83217294227461	123.40036862655414	1.3591221881088145
118.23875609296496	122.48416571396879	1.3594852725320845
117.63930015381712	121.57815029546921	1.3563997543572015
117.03402083982486	120.68205617643345	1.3498853573103484
116.42312865996352	119.79561549746859	1.3400293413943127
115.8068290103348	118.91855928495542	1.3269837051968303
115.18532227675053	118.05061794753063	1.310960681607015
114.55880394545002	117.19152172155302	1.292226722778298
113.92746472075895	116.34100106858591	1.2710953100608675
113.29149064860304	115.49878702788452	1.2479185889036144
112.65106324489344	114.66461152681141	1.2230782763562453
112.00635962789399	113.83820765201867	1.1969762888022333
111.35755265377455	113.01930988413625	1.1700248661072645
110.70481105463546	112.20765429859652	1.1426370874445235
110.04829957836931	111.40297873510644	1.1152176109353067
109.38817912979906	110.60502293815665	1.0881540008048847
108.7246069125981	109.81352867082943	1.0618090057535288
108.05773657156229	109.02823980404222	1.0365136206812011
107.38771833485946	108.2489023832344	1.0125615752349906
106.71469915593623	107.47526467438213	0.9902046336871275
106.03882285480876	106.70707719110183	0.9696494615203288
105.36023025850909	105.94409270448648	0.9510556670436372
104.67905934049797	105.18606623720254	0.9345348781541745
103.99544535889142	104.43275504326738	0.9201512738985567
103.30952099338151	103.68391857482159	0.9079228434341396
102.62141648076056	102.93931843711185	0.8978239039515101
101.93125974898572	102.19871833280676	0.889788150158393
101.23917654974393	101.4618839966795	0.8837124311633874
100.54529058949956	100.72858312160906	0.8794611148749528
99.84972365902513	99.99858527677442	0.8768708161003093
99.15259576143428	99.27166181884544	0.875755180598171
98.4540252387499	98.54758579690696	0.8759101167621461
97.75412889705464	97.82613185179234	0.8771186076503866
97.05302213028318	97.10707611044654	0.8791559146920698
96.35081904272556	96.39019607588716	0.8817941938786343
95.64763257032062	95.67527051328666	0.8848073637472623
94.94357460082692	94.96207933265563	0.887975245964533
94.23875609296496	94.25040346857071	0.8910879297254074
93.53328719463082	93.54002475735638	0.8939494926831324
92.82727736028713	92.83072581210186	0.8963815819945617
92.12083546764086	92.12228989586791	0.8982268275039789
91.41406993372146	91.41450079341756	0.8993517513424188
90.70708883047607	90.70714268178726	0.8996493697809108
90.0	0.0	0.5730159871814294
90.0	1.0	0.5726813832592293
90.0	2.0	0.5730555465414621
90.0	3.0000000000000004	0.574058267208316
90.0	4.0	0.5756056145100753
90.0	5.0	0.5776166232501809
90.0	6.000000000000001	0.5800204278989562
90.0	7.0	0.5827633687304161
90.0	8.0	0.5858157622360781
90.0	9.0	0.5891778602081911
90.0	10.0	0.5928843260463877
90.0	11.0	0.5970075919876727
90.0	12.0	0.6016590621138354
90.0	13.0	0.6069885248362018
90.0	14.0	0.6131812992501443
90.0	14.999999999999998	0.6204535350130974
90.0	16.0	0.6290451901384985
90.0	17.000000000000004	0.6392115539900662
90.0	18.0	0.6512130077303354
90.0	19.0	0.6653038335540281
90.0	20.0	0.681720240567761
90.0	21.0	0.7006681948313366
90.0	22.0	0.7223116130989495
90.0	23.0	0.7467614797986407
90.0	24.000000000000004	0.7740659991576635
90.0	25.0	0.8042029854811764
90.0	26.0	0.8370741558612623
90.0	26.999999999999996	0.872502024739189
90.0	28.0	0.9102297360439098
90.0	29.000000000000004	0.949923441229972
90.0	29.999999999999996	0.991177978591581
90.0	31.0	1.033524902637657
90.0	32.0	1.0764434790200468
90.0	33.0	1.1193735259382311
90.0	34.00000000000001	1.1617301859512743
90.0	35.0	1.2029200966356022
90.0	36.0	1.2423579249426977
90.0	37.0	1.279483293233625
90.0	38.0	1.3137768939829768
90.0	39.0	1.3447758211291538
90.0	40.0	1.3720867472020715
90.0	41.0	1.3953971140897887
90.0	42.0	1.4144837499288112
90.0	43.0	1.429218296625907
90.0	44.0	1.4395695599190985
90.0	45.0	1.4456026420932486
90.0	46.00000000000001	1.4474746055579917
90.0	47.0	1.4454274506416753
90.0	48.00000000000001	1.4397779879475592
90.0	49.00000000000001	1.4309054445797762
90.0	50.0	1.419237223892795
90.0	51.0	1.4052333223488913
90.0	52.0	1.389369907068119
90.0	53.0	1.3721231451705316
90.0	54.0	1.353953089072238
90.0	55.0	1.3352892963502834
90.0	56.0	1.316517652614944
90.0	57.00000000000001	1.2979697402814303
90.0	58.00000000000001	1.2799147252640806
90.0	59.00000000000001	1.2625539014776297
90.0	59.99999999999999	1.2460184806607997
90.0	61.0	1.2303704037068812
90.0	62.0	1.2156058937321368
90.0	63.0	1.2016618348127805
90.0	64.0	1.1884246966213632
90.0	65.0	1.1757411376781541
90.0	66.0	1.1634300913791
90.0	67.0	1.151295971100447
90.0	68.0	1.139141847326445
90.0	69.0	1.1267824569155547
90.0	70.0	1.1140563450822398
90.0	71.0	1.1008365246021805
90.0	72.0	1.0870391766333272
90.0	73.0	1.0726301973143786
90.0	74.0	1.0576291704869354
90.0	75.0	1.0421105427259951
90.0	76.0	1.0262022524710412
90.0	77.0	1.0100815055116403
90.0	78.0	0.993968172435131
90.0	79.0	0.9781162556670695
90.0	80.0	0.9628032022890997
90.0	81.0	0.9483185733877407
90.0	82.0	0.9349513984880972
90.0	83.0	0.92297783773365
90.0	84.0	0.9126491797890488
90.0	85.0	0.904180762981147
90.0	86.0	0.8977424631473694
90.0	87.0	0.8934510559374872
90.0	88.0	0.8913651529917186
90.0	89.0	0.891482236387572
90.0	90.0	0.8937388544782625
90.0	91.0	0.8980131398152026
90.0	92.0	0.9041301247621518
90.0	93.0	0.9118694631241895
90.0	94.0	0.9209749982531835
90.0	95.0	0.931166149652834
90.0	96.00000000000001	0.9421502228219656
90.0	97.0	0.9536355024514829
90.0	98.0	0.9653440658521607
90.0	99.0	0.977024232682518
90.0	100.0	0.988461699761614
90.0	101.0	0.9994890532206824
90.0	102.0	1.0099929865476067
90.0	103.0	1.0199194203626538
90.0	104.0	1.029275376871883
90.0	105.00000000000001	1.0381283643749823
90.0	106.0	1.0466027962199471
90.0	107.0	1.0548735840891847
90.0	108.0	1.063157157409296
90.0	109.0	1.0717006083074436
90.0	110.0	1.0807687103220645
90.0	111.0	1.0906301257829982
90.0	112.0	1.101542773884122
90.0	113.0	1.1137391987559806
90.0	114.00000000000001	1.1274128887535861
90.0	115.0	1.1427053231440425
90.0	116.00000000000001	1.1596953408782493
90.0	117.0	1.178390495723681
90.0	118.00000000000001	1.198721041227324
90.0	119.0	1.2205372729086017
90.0	119.99999999999999	1.2436095282593753
90.0	121.0	1.2676319076738476
90.0	122.0	1.2922285412778751
90.0	123.00000000000001	1.316963352872851
90.0	124.0	1.3413518941714169
90.0	125.00000000000001	1.3648755570710784
90.0	126.0	1.3869974085889876
90.0	127.00000000000001	1.4071790049888016
90.0	128.0	1.424897401745958
90.0	129.0	1.4396623033975344
90.0	130.0	1.4510318984770267
90.0	131.0	1.4586274634648015
90.0	132.0	1.4621457845390522
90.0	133.0	1.4613691733119325
90.0	134.0	1.4561723771279502
90.0	135.0	1.4465267756014522
90.0	136.0	1.4325009121780392
90.0	137.0	1.4142580601428256
90.0	138.0	1.3920505153294567
90.0	139.0	1.3662112030451379
90.0	140.0	1.3371425712347567
90.0	141.0	1.3053036091915915
90.0	142.0	1.271195131699196
90.0	143.0	1.2353443637503683
90.0	144.0	1.1982887698893712
90.0	145.0	1.160560638930902
90.0	146.0	1.12267192047131
90.0	147.0	1.0851007959686423
90.0	148.0	1.0482797885531006
90.0	149.0	1.0125863627830733
90.0	150.0	0.978335678623743
90.0	151.0	0.9457760312096853
90.0	152.0	0.9150872002067915
90.0	153.0	0.8863812051890153
90.0	154.0	0.8597056348914456
90.0	155.0	0.8350491306859542
90.0	156.0	0.8123488284410041
90.0	157.0	0.7914992551811192
90.0	158.0	0.7723620930307677
90.0	159.0	0.7547767265119107
90.0	160.0	0.7385704541185494
90.0	161.0	0.7235687558451085
90.0	162.0	0.709604105915155
90.0	163.0	0.6965241700179552
90.0	164.0	0.6841978762993696
90.0	165.0	0.6725202833453369
90.0	166.0	0.6614150981043654
90.0	167.0	0.6508357390103632
90.0	168.0	0.6407641329752244
90.0	169.0	0.6312082534201725
90.0	170.0	0.6221979796921058
90.0	171.0	0.6137798933571169
90.0	172.0	0.6060114590018444
90.0	173.0	0.5989545895426618
90.0	174.0	0.5926693234425325
90.0	175.0	0.5872081453969457
90.0	176.0	0.5826106427428501
90.0	177.0	0.5788996446441689
90.0	178.0	0.5760784523770572
90.0	179.0	0.5741297762070738
90.0	180.0	0.5730159871814294
90.0	181.0	0.5726813832592293
90.0	181.99999999999997	0.5730555465414621
90.0	182.99999999999997	0.574058267208316
90.0	183.99999999999997	0.5756056145100753
90.0	184.99999999999997	0.5776166232501809
90.0	185.99999999999997	0.5800204278989562
90.0	186.99999999999997	0.5827633687304161
90.0	188.0	0.5858157622360781
90.0	188.99999999999997	0.5891778602081911
90.0	190.0	0.5928843260463877
90.0	190.99999999999997	0.5970075919876727
90.0	192.0	0.6016590621138354
90.0	192.99999999999997	0.6069885248362018
90.0	193.99999999999997	0.6131812992501443
90.0	194.99999999999997	0.6204535350130974
90.0	195.99999999999997	0.6290451901384985
90.0	197.0	0.6392115539900662
90.0	197.99999999999997	0.6512130077303354
90.0	199.0	0.6653038335540281
90.0	199.99999999999997	0.681720240567761
90.0	201.0	0.7006681948313366
90.0	201.99999999999997	0.7223116130989495
90.0	203.0	0.7467614797986407
90.0	203.99999999999997	0.7740659991576635
90.0	204.99999999999997	0.8042029854811764
90.0	206.0	0.8370741558612623
90.0	206.99999999999997	0.872502024739189
90.0	208.0	0.9102297360439098
90.0	208.99999999999997	0.949923441229972
90.0	210.0	0.991177978591581
90.0	210.99999999999997	1.033524902637657
90.0	212.0	1.0764434790200468
90.0	212.99999999999997	1.1193735259382311
90.0	214.0	1.1617301859512743
90.0	215.0	1.2029200966356022
90.0	216.0	1.2423579249426977
90.0	217.0	1.279483293233625
90.0	217.99999999999997	1.3137768939829768
90.0	219.00000000000003	1.3447758211291538
90.0	219.99999999999997	1.3720867472020715
90.0	220.99999999999997	1.3953971140897887
90.0	221.99999999999997	1.4144837499288112
90.0	223.0	1.429218296625907
90.0	224.0	1.4395695599190985
90.0	224.99999999999997	1.4456026420932486
90.0	226.0	1.4474746055579917
90.0	227.0	1.4454274506416753
90.0	228.0	1.4397779879475592
90.0	229.0	1.4309054445797762
90.0	230.0	1.419237223892795
90.0	230.99999999999997	1.4052333223488913
90.0	232.00000000000003	1.389369907068119
90.0	233.0	1.3721231451705316
90.0	233.99999999999997	1.353953089072238
90.0	234.99999999999994	1.3352892963502834
90.0	236.0	1.316517652614944
90.0	237.0	1.2979697402814303
90.0	238.0	1.2799147252640806
90.0	239.0	1.2625539014776297
90.0	239.99999999999994	1.2460184806607997
90.0	241.0	1.2303704037068812
90.0	242.0	1.2156058937321368
90.0	242.99999999999997	1.2016618348127805
90.0	243.99999999999994	1.1884246966213632
90.0	245.0	1.1757411376781541
90.0	246.0	1.1634300913791
90.0	247.0	1.151295971100447
90.0	248.0	1.139141847326445
90.0	248.99999999999997	1.1267824569155547
90.0	250.0	1.1140563450822398
90.0	251.0	1.1008365246021805
90.0	252.0	1.0870391766333272
90.0	252.99999999999997	1.0726301973143786
90.0	254.0	1.0576291704869354
90.0	255.0	1.0421105427259951
90.0	256.0	1.0262022524710412
90.0	257.0	1.0100815055116403
90.0	258.0	0.993968172435131
90.0	259.0	0.9781162556670695
90.0	260.0	0.9628032022890997
90.0	261.0	0.9483185733877407
90.0	262.0	0.9349513984880972
90.0	263.0	0.92297783773365
90.0	264.0	0.9126491797890488
90.0	265.0	0.904180762981147
90.0	266.0	0.8977424631473694
90.0	267.0	0.8934510559374872
90.0	268.0	0.8913651529917186
90.0	269.0	0.891482236387572
90.0	270.0	0.8937388544782625
90.0	271.0	0.8980131398152026
90.0	272.0	0.9041301247621518
90.0	273.0	0.9118694631241895
90.0	274.0	0.9209749982531835
90.0	275.0	0.931166149652834
90.0	276.0	0.9421502228219656
90.0	277.0	0.9536355024514829
90.0	278.0	0.9653440658521607
90.0	279.0	0.977024232682518
90.0	280.0	0.988461699761614
90.0	281.0	0.9994890532206824
90.0	282.0	1.0099929865476067
90.0	283.0	1.0199194203626538
90.0	284.0	1.029275376871883
90.0	285.0	1.0381283643749823
90.0	286.0	1.0466027962199471
90.0	287.0	1.0548735840891847
90.0	288.0	1.063157157409296
90.0	289.0	1.0717006083074436
90.0	290.0	1.0807687103220645
90.0	291.0	1.0906301257829982
90.0	292.0	1.101542773884122
90.0	293.0	1.1137391987559806
90.0	294.0	1.1274128887535861
90.0	295.0	1.1427053231440425
90.0	296.0	1.1596953408782493
90.0	297.0	1.178390495723681
90.0	298.0	1.198721041227324
90.0	299.0	1.2205372729086017
90.0	300.0	1.2436095282593753
90.0	301.0	1.2676319076738476
90.0	302.0	1.2922285412778751
90.0	303.0	1.316963352872851
90.0	304.0	1.3413518941714169
90.0	305.0	1.3648755570710784
90.0	306.0	1.3869974085889876
90.0	307.0	1.4071790049888016
90.0	308.0	1.424897401745958
90.0	309.0	1.4396623033975344
90.0	310.0	1.4510318984770267
90.0	311.0	1.4586274634648015
90.0	311.99999999999994	1.4621457845390522
90.0	313.0	1.4613691733119325
90.0	314.0	1.4561723771279502
90.0	315.0	1.4465267756014522
90.0	316.0	1.4325009121780392
90.0	317.0	1.4142580601428256
90.0	318.0	1.3920505153294567
90.0	319.0	1.3662112030451379
90.0	320.0	1.3371425712347567
90.0	321.0	1.3053036091915915
90.0	322.0	1.271195131699196
90.0	323.0	1.2353443637503683
90.0	324.0	1.1982887698893712
90.0	325.0	1.160560638930902
90.0	326.0	1.12267192047131
90.0	327.0	1.0851007959686423
90.0	328.0	1.0482797885531006
90.0	329.0	1.0125863627830733
90.0	330.0	0.978335678623743
90.0	331.0	0.9457760312096853
90.0	332.0	0.9150872002067915
90.0	333.0	0.8863812051890153
90.0	334.0	0.8597056348914456
90.0	335.0	0.8350491306859542
90.0	336.0	0.8123488284410041
90.0	337.0	0.7914992551811192
90.0	338.0	0.7723620930307677
90.0	338.99999999999994	0.7547767265119107
90.0	340.0	0.7385704541185494
90.0	341.0	0.7235687558451085
90.0	342.0	0.709604105915155
90.0	343.0	0.6965241700179552
90.0	344.0	0.6841978762993696
90.0	345.0	0.6725202833453369
90.0	346.0	0.6614150981043654
90.0	347.0	0.6508357390103632
90.0	347.99999999999994	0.6407641329752244
90.0	349.0	0.6312082534201725
90.0	350.0	0.6221979796921058
90.0	351.0	0.6137798933571169
90.0	352.0	0.6060114590018444
90.0	353.0	0.5989545895426618
90.0	354.0	0.5926693234425325
90.0	355.0	0.5872081453969457
90.0	356.0	0.5826106427428501
90.0	356.99999999999994	0.5788996446441689
90.0	358.0	0.5760784523770572
90.0	359.0	0.5741297762070738
90.0	0.0	0.694130548966812
89.0	0.0	0.6932274820767873
88.0	0.0	0.6936921506841301
87.00000000000001	0.0	0.6954316154719888
86.0	0.0	0.6982953606292064
85.0	0.0	0.7020837988329587
84.0	0.0	0.7065592102231343
83.0	0.0	0.711458891553123
82.0	0.0	0.7165097041864332
81.0	0.0	0.7214433215162236
80.0	0.0	0.7260113924540855
79.0	0.0	0.7299999775189933
78.00000000000001	0.0	0.733242306311262
77.0	0.0	0.7356292968331775
76.0	0.0	0.7371175009333036
75.0	0.0	0.7377334127516344
74.0	0.0	0.737574699703922
73.0	0.0	0.7368072928823544
72.0	0.0	0.7356591482031597
71.0	0.0	0.7344105663934718
70.0	0.0	0.7333811557482083
69.00000000000001	0.0	0.7329147245951214
68.0	0.0	0.733361823698857
67.0	0.0	0.7350616451959333
66.0	0.0	0.7383231661529703
65.0	0.0	0.7434071594093347
64.0	0.0	0.7505095473117798
63.0	0.0	0.7597467977639942
62.0	0.0	0.7711445096446415
61.0	0.0	0.7846293834323034
60.00000000000001	0.0	0.8000252205064095
59.00000000000001	0.0	0.8170531749394877
58.00000000000001	0.0	0.8353366494575638
57.00000000000001	0.0	0.8544102480534638
55.99999999999999	0.0	0.8737331769298526
55.00000000000001	0.0	0.8927059187415108
54.0	0.0	0.9106903200214331
53.00000000000001	0.0	0.9270317768756698
52.0	0.0	0.9410829873854969
51.00000000000001	0.0	0.9522282075940827
50.00000000000001	0.0	0.9599070878394085
49.00000000000001	0.0	0.9636369703567758
48.0	0.0	0.9630331165894875
47.0	0.0	0.9578256052464582
46.00000000000001	0.0	0.947872257637669
45.0	0.0	0.9331673664721395
44.0	0.0	0.9138453608339975
43.0	0.0	0.890179351382818
42.0	0.0	0.862575003408894
41.0	0.0	0.8315589823666916
40.00000000000001	0.0	0.7977633987092365
39.0	0.0	0.7619061121388476
37.99999999999999	0.0	0.7247680423277965
37.0	0.0	0.6871678777857272
36.0	0.0	0.6499358894657441
35.0	0.0	0.6138870169706708
34.0	0.0	0.5797947940668038
33.0	0.0	0.5483670087664959
31.99999999999999	0.0	0.5202237694255637
31.0	0.0	0.4958791518860161
30.000000000000004	0.0	0.4757267633871032
29.00000000000001	0.0	0.46002997862143297
28.000000000000007	0.0	0.44891707175148776
27.00000000000001	0.0	0.44238118843270735
25.999999999999996	0.0	0.4402853257046391
25.000000000000004	0.0	0.4423720679579049
24.000000000000004	0.0	0.4482772116925715
22.999999999999993	0.0	0.45754708322950893
21.999999999999996	0.0	0.4696585422057388
21.0	0.0	0.4840409154770275
20.00000000000001	0.0	0.5000987423510582
19.000000000000014	0.0	0.5172347436359372
18.00000000000001	0.0	0.5348715037505369
17.000000000000007	0.0	0.5524717539890104
15.999999999999995	0.0	0.5695555503475662
14.999999999999996	0.0	0.5857145697288375
14.0	0.0	0.6006225173548461
12.999999999999996	0.0	0.6140411418040654
12.000000000000018	0.0	0.6258224731647467
10.999999999999993	0.0	0.6359065009508433
10.000000000000012	0.0	0.6443149632265315
8.999999999999984	0.0	0.651141666593077
7.999999999999981	0.0	0.6565397287148778
7.000000000000025	0.0	0.6607065267383486
6.000000000000026	0.0	0.6638671069803941
4.999999999999992	0.0	0.6662570630554663
4.000000000000042	0.0	0.6681053860257062
3.0000000000000444	0.0	0.6696186854199976
1.9999999999999472	0.0	0.6709667811219318
0.9999999999999002	0.0	0.6722713727185966
0.0	0.0	0.6735973946333554
0.9999999999999002	180.0	0.6749481201654474
1.9999999999999472	180.0	0.676263902528741
3.0000000000000444	180.0	0.6774249445664754
4.000000000000042	180.0	0.6782574816498222
4.999999999999992	180.0	0.6785438253909358
6.000000000000026	180.0	0.6780349252784927
6.9999999999999725	180.0	0.6764656160972244
7.999999999999981	180.0	0.6735713761009436
8.999999999999984	180.0	0.6691057566315681
10.000000000000012	180.0	0.6628581474611447
10.999999999999993	180.0	0.6546701432880431
11.999999999999988	180.0	0.6444505673411557
12.999999999999996	180.0	0.6321876972924386
14.0	180.0	0.6179584137086315
14.999999999999996	180.0	0.6019335716192391
15.999999999999995	180.0	0.5843792874546933
16.99999999999999	180.0	0.5656538336086141
17.999999999999986	180.0	0.5462003924164174
18.999999999999996	180.0	0.5265354177580203
19.999999999999993	180.0	0.5072336114536432
21.0	180.0	0.48890931861428877
21.999999999999996	180.0	0.47219568483889585
23.00000000000001	180.0	0.4577219389580834
24.000000000000004	180.0	0.4460900602857292
24.99999999999999	180.0	0.4378513899167159
26.000000000000007	180.0	0.4334845849166724
26.999999999999996	180.0	0.4333755308958751
28.000000000000007	180.0	0.4378001362055562
28.999999999999996	180.0	0.446910847064116
29.999999999999993	180.0	0.4607274711284873
31.0	180.0	0.47913258927981806
31.99999999999999	180.0	0.501872115161802
33.0	180.0	0.5285606947255775
34.0	180.0	0.5586921695965259
35.000000000000014	180.0	0.5916542649554706
36.0	180.0	0.6267477257496131
37.000000000000014	180.0	0.6632081386874593
37.99999999999999	180.0	0.7002308316945678
38.99999999999999	180.0	0.7369968364921291
40.00000000000001	180.0	0.7726995226215416
40.999999999999986	180.0	0.80657089574599
42.0	180.0	0.8379061613831945
43.0	180.0	0.8660859385771695
44.00000000000001	180.0	0.8905953961091589
45.0	180.0	0.9110390802634186
46.000000000000014	180.0	0.9271515740324309
47.0	180.0	0.9388030365463854
47.999999999999986	180.0	0.9459998745191772
49.00000000000001	180.0	0.9488803218955881
49.99999999999999	180.0	0.9477052913995678
51.00000000000001	180.0	0.9428450295450289
51.99999999999999	180.0	0.9347618269014059
53.000000000000014	180.0	0.9239900145983053
53.99999999999999	180.0	0.9111135827922496
55.000000000000014	180.0	0.8967427919644219
55.99999999999999	180.0	0.881490448495413
56.999999999999986	180.0	0.8659489635936335
58.00000000000001	180.0	0.8506689789310516
58.99999999999999	180.0	0.8361404262706749
60.00000000000001	180.0	0.8227769163471021
61.0	180.0	0.8109035968847323
62.000000000000014	180.0	0.8007493750149568
63.0	180.0	0.7924433362308384
64.00000000000001	180.0	0.7860155277407753
65.0	180.0	0.7814020782442338
65.99999999999999	180.0	0.7784539267297188
67.0	180.0	0.7769491882718986
68.0	180.0	0.7766080937050538
69.00000000000001	180.0	0.7771099156576041
70.0	180.0	0.7781111815247963
71.00000000000001	180.0	0.7792639983490586
72.0	180.0	0.7802341538850228
73.00000000000001	180.0	0.7807175950033853
74.0	180.0	0.7804551995028574
74.99999999999999	180.0	0.7792444424843747
76.0	180.0	0.7769484049182345
77.0	180.0	0.7735008094890778
78.00000000000001	180.0	0.768907839095467
79.0	180.0	0.7632459266734765
80.00000000000001	180.0	0.7566563836287111
81.0	180.0	0.7493366150845023
82.00000000000001	180.0	0.741528957092196
83.0	180.0	0.7335072197342813
83.99999999999999	180.0	0.7255619992431908
85.0	180.0	0.7179852906971855
86.0	180.0	0.71105526857774
87.00000000000001	180.0	0.7050220185420907
88.0	180.0	0.7000947239954455
89.00000000000001	180.0	0.696431314631853
90.0	180.0	0.694130548966812
91.00000000000001	180.0	0.6932274820767873
92.0	180.0	0.6936921506841301
92.99999999999999	180.0	0.6954316154719888
94.0	180.0	0.6982953606292064
95.0	180.0	0.7020837988329587
96.00000000000001	180.0	0.7065592102231343
97.0	180.0	0.711458891553123
98.00000000000001	180.0	0.7165097041864332
99.0	180.0	0.7214433215162236
100.00000000000001	180.0	0.7260113924540855
101.0	180.0	0.7299999775189933
102.00000000000001	180.0	0.733242306311262
103.0	180.0	0.7356292968331775
104.0	180.0	0.7371175009333036
105.00000000000001	180.0	0.7377334127516344
106.0	180.0	0.737574699703922
107.00000000000001	180.0	0.7368072928823544
108.0	180.0	0.7356591482031597
109.00000000000001	180.0	0.7344105663934718
110.0	180.0	0.7333811557482083
111.00000000000001	180.0	0.7329147245951214
112.0	180.0	0.733361823698857
113.0	180.0	0.7350616451959333
114.00000000000001	180.0	0.7383231661529703
115.0	180.0	0.7434071594093347
116.00000000000001	180.0	0.7505095473117798
117.0	180.0	0.7597467977639942
118.00000000000001	180.0	0.7711445096446415
119.0	180.0	0.7846293834323034
120.00000000000001	180.0	0.8000252205064095
121.0	180.0	0.8170531749394877
122.0	180.0	0.8353366494575638
123.00000000000001	180.0	0.8544102480534638
124.0	180.0	0.8737331769298526
125.00000000000001	180.0	0.8927059187415108
126.0	180.0	0.9106903200214331
127.00000000000001	180.0	0.9270317768756698
128.0	180.0	0.9410829873854969
129.00000000000003	180.0	0.9522282075940827
130.0	180.0	0.9599070878394085
131.0	180.0	0.9636369703567758
132.0	180.0	0.9630331165894875
133.0	180.0	0.9578256052464582
134.0	180.0	0.947872257637669
135.0	180.0	0.9331673664721395
136.0	180.0	0.9138453608339975
137.0	180.0	0.890179351382818
138.00000000000003	180.0	0.862575003408894
139.0	180.0	0.8315589823666916
140.0	180.0	0.7977633987092365
140.99999999999997	180.0	0.7619061121388476
142.00000000000003	180.0	0.7247680423277965
143.0	180.0	0.6871678777857272
144.0	180.0	0.6499358894657441
145.0	180.0	0.6138870169706708
146.00000000000003	180.0	0.5797947940668038
147.00000000000003	180.0	0.5483670087664959
148.0	180.0	0.5202237694255637
149.0	180.0	0.4958791518860161
149.99999999999997	180.0	0.4757267633871032
151.00000000000003	180.0	0.46002997862143297
152.0	180.0	0.44891707175148776
153.0	180.0	0.44238118843270735
154.0	180.0	0.4402853257046391
155.00000000000003	180.0	0.4423720679579049
156.00000000000003	180.0	0.4482772116925715
157.0	180.0	0.45754708322950893
158.0	180.0	0.4696585422057388
158.99999999999997	180.0	0.4840409154770275
160.00000000000003	180.0	0.5000987423510582
161.0	180.0	0.5172347436359372
162.0	180.0	0.5348715037505369
163.0	180.0	0.5524717539890104
164.00000000000003	180.0	0.5695555503475662
165.00000000000003	180.0	0.5857145697288375
166.0	180.0	0.6006225173548461
167.0	180.0	0.6140411418040654
167.99999999999997	180.0	0.6258224731647467
169.00000000000003	180.0	0.6359065009508433
169.99999999999997	180.0	0.6443149632265315
170.99999999999997	180.0	0.651141666593077
172.0	180.0	0.6565397287148778
173.00000000000003	180.0	0.6607065267383486
174.00000000000003	180.0	0.6638671069803941
175.0	180.0	0.6662570630554663
175.99999999999997	180.0	0.6681053860257062
176.99999999999994	180.0	0.6696186854199976
178.00000000000006	180.0	0.6709667811219318
179.0000000000001	180.0	0.6722713727185966
180.0	180.0	0.6735973946333554
179.0000000000001	0.0	0.6749481201654474
178.00000000000006	0.0	0.676263902528741
176.99999999999994	0.0	0.6774249445664754
176.00000000000006	0.0	0.6782574816498222
175.0	0.0	0.6785438253909358
174.00000000000003	0.0	0.6780349252784927
172.99999999999997	0.0	0.6764656160972244
172.0	0.0	0.6735713761009436
171.00000000000003	0.0	0.6691057566315681
170.00000000000003	0.0	0.6628581474611447
168.99999999999997	0.0	0.6546701432880431
167.99999999999997	0.0	0.6444505673411557
167.00000000000003	0.0	0.6321876972924386
166.00000000000003	0.0	0.6179584137086315
165.00000000000003	0.0	0.6019335716192391
163.99999999999997	0.0	0.5843792874546933
163.0	0.0	0.5656538336086141
162.00000000000003	0.0	0.5462003924164174
161.00000000000003	0.0	0.5265354177580203
160.0	0.0	0.5072336114536432
159.0	0.0	0.48890931861428877
158.00000000000003	0.0	0.47219568483889585
157.00000000000003	0.0	0.4577219389580834
156.00000000000003	0.0	0.4460900602857292
154.99999999999997	0.0	0.4378513899167159
154.0	0.0	0.4334845849166724
153.00000000000003	0.0	0.4333755308958751
152.0	0.0	0.4378001362055562
150.99999999999997	0.0	0.446910847064116
150.0	0.0	0.4607274711284873
149.0	0.0	0.47913258927981806
148.0	0.0	0.501872115161802
147.00000000000003	0.0	0.5285606947255775
146.0	0.0	0.5586921695965259
145.0	0.0	0.5916542649554706
144.00000000000003	0.0	0.6267477257496131
143.0	0.0	0.6632081386874593
142.0	0.0	0.7002308316945678
140.99999999999997	0.0	0.7369968364921291
140.00000000000003	0.0	0.7726995226215416
139.00000000000003	0.0	0.80657089574599
138.00000000000003	0.0	0.8379061613831945
137.0	0.0	0.8660859385771695
136.0	0.0	0.8905953961091589
135.00000000000003	0.0	0.9110390802634186
134.00000000000003	0.0	0.9271515740324309
132.99999999999997	0.0	0.9388030365463854
131.99999999999997	0.0	0.9459998745191772
131.00000000000003	0.0	0.9488803218955881
130.00000000000003	0.0	0.9477052913995678
129.00000000000003	0.0	0.9428450295450289
128.0	0.0	0.9347618269014059
126.99999999999999	0.0	0.9239900145983053
126.00000000000003	0.0	0.9111135827922496
125.00000000000004	0.0	0.8967427919644219
123.99999999999997	0.0	0.881490448495413
122.99999999999999	0.0	0.8659489635936335
122.0	0.0	0.8506689789310516
121.0	0.0	0.8361404262706749
120.00000000000001	0.0	0.8227769163471021
119.0	0.0	0.8109035968847323
118.00000000000001	0.0	0.8007493750149568
117.00000000000003	0.0	0.7924433362308384
116.00000000000004	0.0	0.7860155277407753
115.0	0.0	0.7814020782442338
114.00000000000001	0.0	0.7784539267297188
113.00000000000001	0.0	0.7769491882718986
112.00000000000003	0.0	0.7766080937050538
111.00000000000004	0.0	0.7771099156576041
110.0	0.0	0.7781111815247963
109.00000000000001	0.0	0.7792639983490586
108.00000000000003	0.0	0.7802341538850228
107.00000000000004	0.0	0.7807175950033853
106.0	0.0	0.7804551995028574
105.0	0.0	0.7792444424843747
104.00000000000001	0.0	0.7769484049182345
103.00000000000001	0.0	0.7735008094890778
102.00000000000003	0.0	0.768907839095467
100.99999999999999	0.0	0.7632459266734765
100.0	0.0	0.7566563836287111
99.00000000000001	0.0	0.7493366150845023
98.00000000000003	0.0	0.741528957092196
96.99999999999999	0.0	0.7335072197342813
96.0	0.0	0.7255619992431908
95.0	0.0	0.7179852906971855
94.00000000000001	0.0	0.71105526857774
93.00000000000003	0.0	0.7050220185420907
91.99999999999999	0.0	0.7000947239954455
91.0	0.0	0.696431314631853
90.0	90.0	0.9067611299504076
89.0	90.0	0.9033362797544238
88.0	90.0	0.8982397248625185
87.00000000000001	90.0	0.8916097551733068
86.0	90.0	0.8836613453137271
85.0	90.0	0.8746794401790644
84.0	90.0	0.8650101422042298
83.0	90.0	0.8550493527356325
82.0	90.0	0.8452297627649736
81.0	90.0	0.8360065567248782
80.0	90.0	0.8278417733925313
79.0	90.0	0.8211888066778975
78.00000000000001	90.0	0.8164764867581908
77.0	90.0	0.814094224335176
76.0	90.0	0.8143778822922986
75.0	90.0	0.8175976057359772
74.0	90.0	0.8239473866057212
73.0	90.0	0.8335371182298252
72.0	90.0	0.8463871118497205
71.0	90.0	0.8624256066743999
70.0	90.0	0.8814889657188346
69.00000000000001	90.0	0.903324697310963
68.0	90.0	0.9275974701287539
67.0	90.0	0.9538973384136795
66.0	90.0	0.9817505130835941
65.0	90.0	1.0106318394375264
64.0	90.0	1.0399788975216313
63.0	90.0	1.069207165617972
62.0	90.0	1.0977256313639667
61.0	90.0	1.124952542756419
60.00000000000001	90.0	1.1503307954556325
59.00000000000001	90.0	1.1733422569666956
58.00000000000001	90.0	1.193520943767186
57.00000000000001	90.0	1.210464407912217
55.99999999999999	90.0	1.223843081324572
55.00000000000001	90.0	1.2334074099084287
54.0	90.0	1.2389925536713458
53.00000000000001	90.0	1.2405205129699208
52.0	90.0	1.2379998767175413
51.00000000000001	90.0	1.2315229687388942
50.00000000000001	90.0	1.2212608678788175
49.00000000000001	90.0	1.2074563857962384
48.0	90.0	1.1904151982816216
47.0	90.0	1.1704957176131698
46.00000000000001	90.0	1.1480977619056123
45.0	90.0	1.1236506369437451
44.0	90.0	1.0976010781313885
43.0	90.0	1.0704011364865116
42.0	90.0	1.0424966521516041
41.0	90.0	1.01431653923463
40.00000000000001	90.0	0.9862632736573932
39.0	90.0	0.9587046679420643
37.99999999999999	90.0	0.9319671007973713
37.0	90.0	0.9063307050889486
36.0	90.0	0.8820259266785994
35.0	90.0	0.8592320136707997
34.0	90.0	0.838077156297282
33.0	90.0	0.8186400816012798
31.99999999999999	90.0	0.8009531029214335
31.0	90.0	0.7850062884523601
30.000000000000004	90.0	0.7707525530434691
29.00000000000001	90.0	0.7581135333514426
28.000000000000007	90.0	0.7469859106233805
27.00000000000001	90.0	0.737247733479946
25.999999999999996	90.0	0.7287648805830931
25.000000000000004	90.0	0.7213972155577132
24.000000000000004	90.0	0.7150040984441992
22.999999999999993	90.0	0.7094495054741786
21.999999999999996	90.0	0.7046061137003325
21.0	90.0	0.7003587141802181
20.00000000000001	90.0	0.6966066179910927
19.000000000000014	90.0	0.6932652229372429
18.00000000000001	90.0	0.690266545111399
17.000000000000007	90.0	0.6875591349639854
15.999999999999995	90.0	0.6851070701341235
14.999999999999996	90.0	0.6828884167192212
14.0	90.0	0.6808931869600622
12.999999999999996	90.0	0.6791209052490647
12.000000000000018	90.0	0.6775780622308734
10.999999999999993	90.0	0.6762753171107024
10.000000000000012	90.0	0.675224979731843
8.999999999999984	90.0	0.6744384926531735
7.999999999999981	90.0	0.6739243608573314
7.000000000000025	90.0	0.6736862493203879
6.000000000000026	90.0	0.6737216401198514
4.999999999999992	90.0	0.6740209651502542
4.000000000000042	90.0	0.6745671305155712
3.0000000000000444	90.0	0.6753355445061352
1.9999999999999472	90.0	0.6762946771369701
0.9999999999999002	90.0	0.677406731593787
0.0	90.0	0.6786291549864801
0.9999999999999002	270.0	0.6799158693334555
1.9999999999999472	270.0	0.6812191739919581
3.0000000000000444	270.0	0.6824915641576487
4.000000000000042	270.0	0.6836876892487642
4.999999999999992	270.0	0.6847661434287782
6.000000000000026	270.0	0.6856915358982274
6.9999999999999725	270.0	0.6864361695097054
7.999999999999981	270.0	0.6869815794982749
8.999999999999984	270.0	0.6873200162580453
10.000000000000012	270.0	0.6874555364419196
10.999999999999993	270.0	0.6874049261998411
11.999999999999988	270.0	0.6871984006017071
12.999999999999996	270.0	0.6868799113834525
14.0	270.0	0.6865072029008815
14.999999999999996	270.0	0.6861516442681691
15.999999999999995	270.0	0.6858978097041121
16.99999999999999	270.0	0.685842583270799
17.999999999999986	270.0	0.6860941517046139
18.999999999999996	270.0	0.6867706335473226
19.999999999999993	270.0	0.6879984844618307
21.0	270.0	0.6899105388480214
21.999999999999996	270.0	0.6926437716894309
23.00000000000001	270.0	0.6963368365845897
24.000000000000004	270.0	0.7011272400784484
24.99999999999999	270.0	0.7071483761092222
26.000000000000007	270.0	0.7145262527091509
26.999999999999996	270.0	0.7233759948899279
28.000000000000007	270.0	0.7337983195512121
28.999999999999996	270.0	0.74587592645839
29.999999999999993	270.0	0.7596697213588387
31.0	270.0	0.7752153748211874
31.99999999999999	270.0	0.7925199650053288
33.0	270.0	0.8115588162708465
34.0	270.0	0.8322730931621897
35.000000000000014	270.0	0.854567534278431
36.0	270.0	0.8783092772427706
37.000000000000014	270.0	0.9033270753488716
37.99999999999999	270.0	0.929411801145359
38.99999999999999	270.0	0.9563175095586494
40.00000000000001	270.0	0.9837640117692746
40.999999999999986	270.0	1.0114400366034557
42.0	270.0	1.03900790267817
43.0	270.0	1.0661088619922157
44.00000000000001	270.0	1.0923697304554398
45.0	270.0	1.1174101898639641
46.000000000000014	270.0	1.1408508732290734
47.0	270.0	1.1623219816675199
47.999999999999986	270.0	1.1814722090379104
49.00000000000001	270.0	1.1979777225309247
49.99999999999999	270.0	1.2115510593287868
51.00000000000001	270.0	1.2219494637264021
51.99999999999999	270.0	1.2289824968526653
53.000000000000014	270.0	1.2325186951766054
53.99999999999999	270.0	1.2324909700522826
55.000000000000014	270.0	1.22890035662561
55.99999999999999	270.0	1.221818363895346
56.999999999999986	270.0	1.2113873104360915
58.00000000000001	270.0	1.1978186178063803
58.99999999999999	270.0	1.1813895372494403
60.00000000000001	270.0	1.1624374703791287
61.0	270.0	1.14135280708929
62.000000000000014	270.0	1.1185699169866197
63.0	270.0	1.0945566020931166
64.00000000000001	270.0	1.0698025703564555
65.0	270.0	1.0448067900836966
65.99999999999999	270.0	1.0200643967443295
67.0	270.0	0.9960536837040675
68.0	270.0	0.9732230370048089
69.00000000000001	270.0	0.9519788213597606
70.0	270.0	0.9326742733175594
71.00000000000001	270.0	0.9155998492260552
72.0	270.0	0.900975503603336
73.00000000000001	270.0	0.8889448139852493
74.0	270.0	0.879571679649245
74.99999999999999	270.0	0.8728394263530463
76.0	270.0	0.8686522331573945
77.0	270.0	0.8668393569404512
78.00000000000001	270.0	0.8671616789962762
79.0	270.0	0.8693202939482152
80.00000000000001	270.0	0.8729674767001959
81.0	270.0	0.877718852395437
82.00000000000001	270.0	0.8831671890363174
83.0	270.0	0.8888966936887456
83.99999999999999	270.0	0.8944978682248584
85.0	270.0	0.899582113273472
86.0	270.0	0.9037956887014511
87.00000000000001	270.0	0.9068325829953322
88.0	270.0	0.9084457320048687
89.00000000000001	270.0	0.9084563912100826
90.0	270.0	0.9067611299504076
91.00000000000001	270.0	0.9033362797544238
92.0	270.0	0.8982397248625185
92.99999999999999	270.0	0.8916097551733068
94.0	270.0	0.8836613453137271
95.0	270.0	0.8746794401790644
96.00000000000001	270.0	0.8650101422042298
97.0	270.0	0.8550493527356325
98.00000000000001	270.0	0.8452297627649736
99.0	270.0	0.8360065567248782
100.00000000000001	270.0	0.8278417733925313
101.0	270.0	0.8211888066778975
102.00000000000001	270.0	0.8164764867581908
103.0	270.0	0.814094224335176
104.0	270.0	0.8143778822922986
105.00000000000001	270.0	0.8175976057359772
106.0	270.0	0.8239473866057212
107.00000000000001	270.0	0.8335371182298252
108.0	270.0	0.8463871118497205
109.00000000000001	270.0	0.8624256066743999
110.0	270.0	0.8814889657188346
111.00000000000001	270.0	0.903324697310963
112.0	270.0	0.9275974701287539
113.0	270.0	0.9538973384136795
114.00000000000001	270.0	0.9817505130835941
115.0	270.0	1.0106318394375264
116.00000000000001	270.0	1.0399788975216313
117.0	270.0	1.069207165617972
118.00000000000001	270.0	1.0977256313639667
119.0	270.0	1.124952542756419
120.00000000000001	270.0	1.1503307954556325
121.0	270.0	1.1733422569666956
122.0	270.0	1.193520943767186
123.00000000000001	270.0	1.210464407912217
124.0	270.0	1.223843081324572
125.00000000000001	270.0	1.2334074099084287
126.0	270.0	1.2389925536713458
127.00000000000001	270.0	1.2405205129699208
128.0	270.0	1.2379998767175413
129.00000000000003	270.0	1.2315229687388942
130.0	270.0	1.2212608678788175
131.0	270.0	1.2074563857962384
132.0	270.0	1.1904151982816216
133.0	270.0	1.1704957176131698
134.0	270.0	1.1480977619056123
135.0	270.0	1.1236506369437451
136.0	270.0	1.0976010781313885
137.0	270.0	1.0704011364865116
138.00000000000003	270.0	1.0424966521516041
139.0	270.0	1.01431653923463
140.0	270.0	0.9862632736573932
140.99999999999997	270.0	0.9587046679420643
142.00000000000003	270.0	0.9319671007973713
143.0	270.0	0.9063307050889486
144.0	270.0	0.8820259266785994
145.0	270.0	0.8592320136707997
146.00000000000003	270.0	0.838077156297282
147.00000000000003	270.0	0.8186400816012798
148.0	270.0	0.8009531029214335
149.0	270.0	0.7850062884523601
149.99999999999997	270.0	0.7707525530434691
151.00000000000003	270.0	0.7581135333514426
152.0	270.0	0.7469859106233805
153.0	270.0	0.737247733479946
154.0	270.0	0.7287648805830931
155.00000000000003	270.0	0.7213972155577132
156.00000000000003	270.0	0.7150040984441992
157.0	270.0	0.7094495054741786
158.0	270.0	0.7046061137003325
158.99999999999997	270.0	0.7003587141802181
160.00000000000003	270.0	0.6966066179910927
161.0	270.0	0.6932652229372429
162.0	270.0	0.690266545111399
163.0	270.0	0.6875591349639854
164.00000000000003	270.0	0.6851070701341235
165.00000000000003	270.0	0.6828884167192212
166.0	270.0	0.6808931869600622
167.0	270.0	0.6791209052490647
167.99999999999997	270.0	0.6775780622308734
169.00000000000003	270.0	0.6762753171107024
169.99999999999997	270.0	0.675224979731843
170.99999999999997	270.0	0.6744384926531735
172.0	270.0	0.6739243608573314
173.00000000000003	270.0	0.6736862493203879
174.00000000000003	270.0	0.6737216401198514
175.0	270.0	0.6740209651502542
175.99999999999997	270.0	0.6745671305155712
176.99999999999994	270.0	0.6753355445061352
178.00000000000006	270.0	0.6762946771369701
179.0000000000001	270.0	0.677406731593787
180.0	270.0	0.6786291549864801
179.0000000000001	90.0	0.6799158693334555
178.00000000000006	90.0	0.6812191739919581
176.99999999999994	90.0	0.6824915641576487
176.00000000000006	90.0	0.6836876892487642
175.0	90.0	0.6847661434287782
174.00000000000003	90.0	0.6856915358982274
172.99999999999997	90.0	0.6864361695097054
172.0	90.0	0.6869815794982749
171.00000000000003	90.0	0.6873200162580453
170.00000000000003	90.0	0.6874555364419196
168.99999999999997	90.0	0.6874049261998411
167.99999999999997	90.0	0.6871984006017071
167.00000000000003	90.0	0.6868799113834525
166.00000000000003	90.0	0.6865072029008815
165.00000000000003	90.0	0.6861516442681691
163.99999999999997	90.0	0.6858978097041121
163.0	90.0	0.685842583270799
162.00000000000003	90.0	0.6860941517046139
161.00000000000003	90.0	0.6867706335473226
160.0	90.0	0.6879984844618307
159.0	90.0	0.6899105388480214
158.00000000000003	90.0	0.6926437716894309
157.00000000000003	90.0	0.6963368365845897
156.00000000000003	90.0	0.7011272400784484
154.99999999999997	90.0	0.7071483761092222
154.0	90.0	0.7145262527091509
153.00000000000003	90.0	0.7233759948899279
152.0	90.0	0.7337983195512121
150.99999999999997	90.0	0.74587592645839
150.0	90.0	0.7596697213588387
149.0	90.0	0.7752153748211874
148.0	90.0	0.7925199650053288
147.00000000000003	90.0	0.8115588162708465
146.0	90.0	0.8322730931621897
145.0	90.0	0.854567534278431
144.00000000000003	90.0	0.8783092772427706
143.0	90.0	0.9033270753488716
142.0	90.0	0.929411801145359
140.99999999999997	90.0	0.9563175095586494
140.00000000000003	90.0	0.9837640117692746
139.00000000000003	90.0	1.0114400366034557
138.00000000000003	90.0	1.03900790267817
137.0	90.0	1.0661088619922157
136.0	90.0	1.0923697304554398
135.00000000000003	90.0	1.1174101898639641
134.00000000000003	90.0	1.1408508732290734
132.99999999999997	90.0	1.1623219816675199
131.99999999999997	90.0	1.1814722090379104
131.00000000000003	90.0	1.1979777225309247
130.00000000000003	90.0	1.2115510593287868
129.00000000000003	90.0	1.2219494637264021
128.0	90.0	1.2289824968526653
126.99999999999999	90.0	1.2325186951766054
126.00000000000003	90.0	1.2324909700522826
125.00000000000004	90.0	1.22890035662561
123.99999999999997	90.0	1.221818363895346
122.99999999999999	90.0	1.2113873104360915
122.0	90.0	1.1978186178063803
121.0	90.0	1.1813895372494403
120.00000000000001	90.0	1.1624374703791287
119.0	90.0	1.14135280708929
118.00000000000001	90.0	1.1185699169866197
117.00000000000003	90.0	1.0945566020931166
116.00000000000004	90.0	1.0698025703564555
115.0	90.0	1.0448067900836966
114.00000000000001	90.0	1.0200643967443295
113.00000000000001	90.0	0.9960536837040675
112.00000000000003	90.0	0.9732230370048089
111.00000000000004	90.0	0.9519788213597606
110.0	90.0	0.9326742733175594
109.00000000000001	90.0	0.9155998492260552
108.00000000000003	90.0	0.900975503603336
107.00000000000004	90.0	0.8889448139852493
106.0	90.0	0.879571679649245
105.0	90.0	0.8728394263530463
104.00000000000001	90.0	0.8686522331573945
103.00000000000001	90.0	0.8668393569404512
102.00000000000003	90.0	0.8671616789962762
100.99999999999999	90.0	0.8693202939482152
100.0	90.0	0.8729674767001959
99.00000000000001	90.0	0.877718852395437
98.00000000000003	90.0	0.8831671890363174
96.99999999999999	90.0	0.8888966936887456
96.0	90.0	0.8944978682248584
95.0	90.0	0.899582113273472
94.00000000000001	90.0	0.9037956887014511
93.00000000000003	90.0	0.9068325829953322
91.99999999999999	90.0	0.9084457320048687
91.0	90.0	0.9084563912100826
