Polar Angle 	 Azimuth Angle 	 Intensity 
90.0	45.0	1.5031089793903885
89.0	45.0	1.5026285809722777
88.0	45.0	1.50291462852976
87.00000000000001	45.0	1.5039348263708627
86.0	45.0	1.5056862909516582
85.0	45.0	1.5081926673323423
84.0	45.0	1.5115029757596607
83.0	45.0	1.515688151414199
82.0	45.0	1.5208358540313152
81.0	45.0	1.5270423939781452
80.0	45.0	1.5344086952921068
79.0	45.0	1.5430304916315516
78.00000000000001	45.0	1.5529896756439845
77.0	45.0	1.5643496852957828
76.0	45.0	1.5771451231140612
75.0	45.0	1.591379449351531
74.0	45.0	1.6070163313547223
73.0	45.0	1.6239825271079078
72.0	45.0	1.6421609647276831
71.0	45.0	1.6613965095508163
70.0	45.0	1.681498847678176
69.00000000000001	45.0	1.7022447928098712
68.0	45.0	1.723390397129743
67.0	45.0	1.7446767183932155
66.0	45.0	1.7658425075205708
65.0	45.0	1.78663285922873
64.0	45.0	1.8068153598772394
63.0	45.0	1.8261887381000463
62.0	45.0	1.844594398981209
61.0	45.0	1.861930265065738
60.00000000000001	45.0	1.8781548133210961
59.00000000000001	45.0	1.8932957257689746
58.00000000000001	45.0	1.9074550798643624
57.00000000000001	45.0	1.9208099252043305
55.99999999999999	45.0	1.9336082465665352
55.00000000000001	45.0	1.9461672337828622
54.0	45.0	1.9588646311076483
53.00000000000001	45.0	1.9721254729156215
52.0	45.0	1.9864111262349784
51.00000000000001	45.0	2.00220083606626
50.00000000000001	45.0	2.0199767309539327
49.00000000000001	45.0	2.0402013313437646
48.0	45.0	2.063300825028054
47.0	45.0	2.089642575503002
46.00000000000001	45.0	2.119519550831516
45.0	45.0	2.1531307155445045
44.0	45.0	2.1905671896300376
43.0	45.0	2.231801291066423
42.0	45.0	2.2766761550640737
41.0	45.0	2.324901120395225
40.00000000000001	45.0	2.3760540362290765
39.0	45.0	2.4295829922581453
37.99999999999999	45.0	2.48481496933005
37.0	45.0	2.5409679503319933
36.0	45.0	2.597171104998254
35.0	45.0	2.652479784338596
34.0	45.0	2.705903202659965
33.0	45.0	2.7564269292091113
31.99999999999999	45.0	2.8030428770294233
31.0	45.0	2.8447735247299066
30.000000000000004	45.0	2.880703635468374
29.00000000000001	45.0	2.9100039020116406
28.000000000000007	45.0	2.9319574753396433
27.00000000000001	45.0	2.945980726161713
25.999999999999996	45.0	2.951643429724055
25.000000000000004	45.0	2.9486814534030255
24.000000000000004	45.0	2.9370105977159793
22.999999999999993	45.0	2.916727749738837
21.999999999999996	45.0	2.8881137666500147
21.0	45.0	2.851628285351354
20.00000000000001	45.0	2.80790049512756
19.000000000000014	45.0	2.7577147199265686
18.00000000000001	45.0	2.701990810260848
17.000000000000007	45.0	2.641765688526274
15.999999999999995	45.0	2.5781633601452936
14.999999999999996	45.0	2.51237357534187
14.0	45.0	2.4456183800319424
12.999999999999996	45.0	2.379126740636873
12.000000000000018	45.0	2.314104555226613
10.999999999999993	45.0	2.2517063947892284
10.000000000000012	45.0	2.1930124348794853
8.999999999999984	45.0	2.13900365714109
7.999999999999981	45.0	2.090542817916773
7.000000000000025	45.0	2.048357723693515
6.000000000000026	45.0	2.013030850344416
4.999999999999992	45.0	1.9849895390793442
4.000000000000042	45.0	1.9645031129010098
3.0000000000000444	45.0	1.9516846067313216
1.9999999999999472	45.0	1.9464930742465267
0.9999999999999002	45.0	1.948743391926561
0.0	45.0	1.958116639813183
0.9999999999999002	225.0	1.974175672647175
1.9999999999999472	225.0	1.9963778074616194
3.0000000000000444	225.0	2.0240978919333084
4.000000000000042	225.0	2.056641568684805
4.999999999999992	225.0	2.093269497053422
6.000000000000026	225.0	2.1332106173932828
6.9999999999999725	225.0	2.1756863728443054
7.999999999999981	225.0	2.219921666799117
8.999999999999984	225.0	2.265163317584185
10.000000000000012	225.0	2.3106938994706616
10.999999999999993	225.0	2.355840393306164
11.999999999999988	225.0	2.3999845672729063
12.999999999999996	225.0	2.442569897393126
14.0	225.0	2.4831056044905773
14.999999999999996	225.0	2.5211678076081037
15.999999999999995	225.0	2.5564018308427774
16.99999999999999	225.0	2.5885198965107614
17.999999999999986	225.0	2.617298241603379
18.999999999999996	225.0	2.642574810951976
19.999999999999993	225.0	2.664243490140067
21.0	225.0	2.6822494918330535
21.999999999999996	225.0	2.696583011981586
23.00000000000001	225.0	2.7072774996952087
24.000000000000004	225.0	2.7144010066105815
24.99999999999999	225.0	2.7180521499299815
26.000000000000007	225.0	2.7183583822949475
26.999999999999996	225.0	2.7154690712808596
28.000000000000007	225.0	2.7095554993969353
28.999999999999996	225.0	2.700804520289595
29.999999999999993	225.0	2.689419135451246
31.0	225.0	2.675614457258785
31.99999999999999	225.0	2.6596171322648146
33.0	225.0	2.6416613042361448
34.0	225.0	2.6219886141537945
35.000000000000014	225.0	2.6008458933778487
36.0	225.0	2.578479973268394
37.000000000000014	225.0	2.5551382618943013
37.99999999999999	225.0	2.5310624002365887
38.99999999999999	225.0	2.5064882621884226
40.00000000000001	225.0	2.4816378806321233
40.999999999999986	225.0	2.45672002414795
42.0	225.0	2.431922123091108
43.0	225.0	2.407409116174178
44.00000000000001	225.0	2.3833205669231905
45.0	225.0	2.3597637431722003
46.000000000000014	225.0	2.3368165006072164
47.0	225.0	2.3145203622607764
47.999999999999986	225.0	2.2928851321822297
49.00000000000001	225.0	2.2718848584762403
49.99999999999999	225.0	2.2514618702642832
51.00000000000001	225.0	2.231528507811001
51.99999999999999	225.0	2.2119717361944855
53.000000000000014	225.0	2.192657182267773
53.99999999999999	225.0	2.17343374832913
55.000000000000014	225.0	2.154142262753828
55.99999999999999	225.0	2.1346212470819976
56.999999999999986	225.0	2.1147121063976955
58.00000000000001	225.0	2.0942706635046107
58.99999999999999	225.0	2.0731683123436326
60.00000000000001	225.0	2.0513029754597722
61.0	225.0	2.028601410837304
62.000000000000014	225.0	2.0050255556964003
63.0	225.0	1.9805731032019214
64.00000000000001	225.0	1.9552826928424787
65.0	225.0	1.9292298734689386
65.99999999999999	225.0	1.9025288334207813
67.0	225.0	1.8753283635645999
68.0	225.0	1.8478072436238209
69.00000000000001	225.0	1.820169628508422
70.0	225.0	1.7926387045182939
71.00000000000001	225.0	1.7654474620026763
72.0	225.0	1.7388340816898764
73.00000000000001	225.0	1.7130321306379195
74.0	225.0	1.688263641729125
74.99999999999999	225.0	1.6647304630383302
76.0	225.0	1.6426113742889612
77.0	225.0	1.6220528595124708
78.00000000000001	225.0	1.6031691070483385
79.0	225.0	1.5860362424562164
80.00000000000001	225.0	1.5706934819335012
81.0	225.0	1.5571437090241196
82.00000000000001	225.0	1.5453540513273123
83.0	225.0	1.5352622242942726
83.99999999999999	225.0	1.5267799914808577
85.0	225.0	1.5197983549266558
86.0	225.0	1.5141962057867648
87.00000000000001	225.0	1.5098472448372162
88.0	225.0	1.5066251728540405
89.00000000000001	225.0	1.5044134946626175
90.0	225.0	1.5031089793903885
91.00000000000001	225.0	1.5026285809722777
92.0	225.0	1.50291462852976
92.99999999999999	225.0	1.5039348263708627
94.0	225.0	1.5056862909516582
95.0	225.0	1.5081926673323423
96.00000000000001	225.0	1.5115029757596607
97.0	225.0	1.515688151414199
98.00000000000001	225.0	1.5208358540313152
99.0	225.0	1.5270423939781452
100.00000000000001	225.0	1.5344086952921068
101.0	225.0	1.5430304916315516
102.00000000000001	225.0	1.5529896756439845
103.0	225.0	1.5643496852957828
104.0	225.0	1.5771451231140612
105.00000000000001	225.0	1.591379449351531
106.0	225.0	1.6070163313547223
107.00000000000001	225.0	1.6239825271079078
108.0	225.0	1.6421609647276831
109.00000000000001	225.0	1.6613965095508163
110.0	225.0	1.681498847678176
111.00000000000001	225.0	1.7022447928098712
112.0	225.0	1.723390397129743
113.0	225.0	1.7446767183932155
114.00000000000001	225.0	1.7658425075205708
115.0	225.0	1.78663285922873
116.00000000000001	225.0	1.8068153598772394
117.0	225.0	1.8261887381000463
118.00000000000001	225.0	1.844594398981209
119.0	225.0	1.861930265065738
120.00000000000001	225.0	1.8781548133210961
121.0	225.0	1.8932957257689746
122.0	225.0	1.9074550798643624
123.00000000000001	225.0	1.9208099252043305
124.0	225.0	1.9336082465665352
125.00000000000001	225.0	1.9461672337828622
126.0	225.0	1.9588646311076483
127.00000000000001	225.0	1.9721254729156215
128.0	225.0	1.9864111262349784
129.00000000000003	225.0	2.00220083606626
130.0	225.0	2.0199767309539327
131.0	225.0	2.0402013313437646
132.0	225.0	2.063300825028054
133.0	225.0	2.089642575503002
134.0	225.0	2.119519550831516
135.0	225.0	2.1531307155445045
136.0	225.0	2.1905671896300376
137.0	225.0	2.231801291066423
138.00000000000003	225.0	2.2766761550640737
139.0	225.0	2.324901120395225
140.0	225.0	2.3760540362290765
140.99999999999997	225.0	2.4295829922581453
142.00000000000003	225.0	2.48481496933005
143.0	225.0	2.5409679503319933
144.0	225.0	2.597171104998254
145.0	225.0	2.652479784338596
146.00000000000003	225.0	2.705903202659965
147.00000000000003	225.0	2.7564269292091113
148.0	225.0	2.8030428770294233
149.0	225.0	2.8447735247299066
149.99999999999997	225.0	2.880703635468374
151.00000000000003	225.0	2.9100039020116406
152.0	225.0	2.9319574753396433
153.0	225.0	2.945980726161713
154.0	225.0	2.951643429724055
155.00000000000003	225.0	2.9486814534030255
156.00000000000003	225.0	2.9370105977159793
157.0	225.0	2.916727749738837
158.0	225.0	2.8881137666500147
158.99999999999997	225.0	2.851628285351354
160.00000000000003	225.0	2.80790049512756
161.0	225.0	2.7577147199265686
162.0	225.0	2.701990810260848
163.0	225.0	2.641765688526274
164.00000000000003	225.0	2.5781633601452936
165.00000000000003	225.0	2.51237357534187
166.0	225.0	2.4456183800319424
167.0	225.0	2.379126740636873
167.99999999999997	225.0	2.314104555226613
169.00000000000003	225.0	2.2517063947892284
169.99999999999997	225.0	2.1930124348794853
170.99999999999997	225.0	2.13900365714109
172.0	225.0	2.090542817916773
173.00000000000003	225.0	2.048357723693515
174.00000000000003	225.0	2.013030850344416
175.0	225.0	1.9849895390793442
175.99999999999997	225.0	1.9645031129010098
176.99999999999994	225.0	1.9516846067313216
178.00000000000006	225.0	1.9464930742465267
179.0000000000001	225.0	1.948743391926561
180.0	225.0	1.958116639813183
179.0000000000001	45.0	1.974175672647175
178.00000000000006	45.0	1.9963778074616194
176.99999999999994	45.0	2.0240978919333084
176.00000000000006	45.0	2.056641568684805
175.0	45.0	2.093269497053422
174.00000000000003	45.0	2.1332106173932828
172.99999999999997	45.0	2.1756863728443054
172.0	45.0	2.219921666799117
171.00000000000003	45.0	2.265163317584185
170.00000000000003	45.0	2.3106938994706616
168.99999999999997	45.0	2.355840393306164
167.99999999999997	45.0	2.3999845672729063
167.00000000000003	45.0	2.442569897393126
166.00000000000003	45.0	2.4831056044905773
165.00000000000003	45.0	2.5211678076081037
163.99999999999997	45.0	2.5564018308427774
163.0	45.0	2.5885198965107614
162.00000000000003	45.0	2.617298241603379
161.00000000000003	45.0	2.642574810951976
160.0	45.0	2.664243490140067
159.0	45.0	2.6822494918330535
158.00000000000003	45.0	2.696583011981586
157.00000000000003	45.0	2.7072774996952087
156.00000000000003	45.0	2.7144010066105815
154.99999999999997	45.0	2.7180521499299815
154.0	45.0	2.7183583822949475
153.00000000000003	45.0	2.7154690712808596
152.0	45.0	2.7095554993969353
150.99999999999997	45.0	2.700804520289595
150.0	45.0	2.689419135451246
149.0	45.0	2.675614457258785
148.0	45.0	2.6596171322648146
147.00000000000003	45.0	2.6416613042361448
146.0	45.0	2.6219886141537945
145.0	45.0	2.6008458933778487
144.00000000000003	45.0	2.578479973268394
143.0	45.0	2.5551382618943013
142.0	45.0	2.5310624002365887
140.99999999999997	45.0	2.5064882621884226
140.00000000000003	45.0	2.4816378806321233
139.00000000000003	45.0	2.45672002414795
138.00000000000003	45.0	2.431922123091108
137.0	45.0	2.407409116174178
136.0	45.0	2.3833205669231905
135.00000000000003	45.0	2.3597637431722003
134.00000000000003	45.0	2.3368165006072164
132.99999999999997	45.0	2.3145203622607764
131.99999999999997	45.0	2.2928851321822297
131.00000000000003	45.0	2.2718848584762403
130.00000000000003	45.0	2.2514618702642832
129.00000000000003	45.0	2.231528507811001
128.0	45.0	2.2119717361944855
126.99999999999999	45.0	2.192657182267773
126.00000000000003	45.0	2.17343374832913
125.00000000000004	45.0	2.154142262753828
123.99999999999997	45.0	2.1346212470819976
122.99999999999999	45.0	2.1147121063976955
122.0	45.0	2.0942706635046107
121.0	45.0	2.0731683123436326
120.00000000000001	45.0	2.0513029754597722
119.0	45.0	2.028601410837304
118.00000000000001	45.0	2.0050255556964003
117.00000000000003	45.0	1.9805731032019214
116.00000000000004	45.0	1.9552826928424787
115.0	45.0	1.9292298734689386
114.00000000000001	45.0	1.9025288334207813
113.00000000000001	45.0	1.8753283635645999
112.00000000000003	45.0	1.8478072436238209
111.00000000000004	45.0	1.820169628508422
110.0	45.0	1.7926387045182939
109.00000000000001	45.0	1.7654474620026763
108.00000000000003	45.0	1.7388340816898764
107.00000000000004	45.0	1.7130321306379195
106.0	45.0	1.688263641729125
105.0	45.0	1.6647304630383302
104.00000000000001	45.0	1.6426113742889612
103.00000000000001	45.0	1.6220528595124708
102.00000000000003	45.0	1.6031691070483385
100.99999999999999	45.0	1.5860362424562164
100.0	45.0	1.5706934819335012
99.00000000000001	45.0	1.5571437090241196
98.00000000000003	45.0	1.5453540513273123
96.99999999999999	45.0	1.5352622242942726
96.0	45.0	1.5267799914808577
95.0	45.0	1.5197983549266558
94.00000000000001	45.0	1.5141962057867648
93.00000000000003	45.0	1.5098472448372162
91.99999999999999	45.0	1.5066251728540405
91.0	45.0	1.5044134946626175
90.0	0.0	1.2978277571553123
89.29291116952395	0.7071426817872533	1.3003133720197273
88.58593006627854	1.4145007934175506	1.3092442842680647
87.87916453235917	2.122289895867879	1.3244336402539039
87.1727226397129	2.8307258121018455	1.34561269368332
86.4667128053692	3.540024757356371	1.3724394562466613
85.76124390703504	4.250403468570711	1.4045038879976173
85.05642539917308	4.962079332655645	1.441334817858641
84.3523674296794	5.675270513286652	1.482409747670298
83.64918095727445	6.390196075887154	1.5271623494054767
82.94697786971682	7.107076110446535	1.5749928459275186
82.24587110294536	7.826131851792348	1.6252766616220025
81.54597476125012	8.547585796906942	1.6773742264460882
80.84740423856572	9.271661818845425	1.7306407799778702
80.15027634097487	9.998585276774412	1.784435022048153
79.45470941050044	10.728583121609057	1.8381283400810182
78.76082345025607	11.461883996679509	1.8911140364343846
78.0687402510143	12.198718332806749	1.9428125187790795
77.37858351923944	12.939318437111838	1.992683410983326
76.69047900661849	13.683918574821595	2.040227283239101
76.00455464110858	14.432755043267381	2.084996609529051
75.32094065950206	15.186066237202516	2.126597497752854
74.63976974149092	15.944092704486447	2.164697186941421
73.96117714519126	16.707077191101824	2.199025200674472
73.28530084406378	17.47526467438212	2.22937969087717
72.61228166514054	18.2489023832344	2.255626284402553
71.94226342843773	19.028239804042187	2.2777003898666726
71.27539308740191	19.813528670829413	2.295608351066167
70.61182087020094	20.605022938156644	2.3094239867255473
69.95170042163069	21.402978735106455	2.3192874370796295
69.29518894536457	22.207654298596484	2.325402280329605
68.64244734622547	23.019309884136224	2.3280291888464055
67.99364037210603	23.838207652018653	2.3274807387916354
67.34893675510656	24.664611526811417	2.324114489612148
66.70850935139694	25.498787027884514	2.318324333408267
66.07253527924108	26.34100106858589	2.310532997719578
65.44119605454999	27.191521721553002	2.3011787812228692
64.81467772324949	28.05061794753063	2.2907086332267075
64.19317098966519	28.918559284955432	2.279566042786947
63.57687134003648	29.79561549746857	2.2681795045310276
62.965979160175145	30.68205617643342	2.2569509844822657
62.36069984618289	31.5781502954692	2.2462489995544344
61.761243907035045	32.484165713968785	2.2363941998321315
61.16782705772538	33.400368626554155	2.2276553316092813
60.58067030155157	34.32702295544232	2.220238856631003
59.99999999999999	35.264389682754654	2.2142849151321116
59.42604792856702	36.212726119908915	2.209862135458051
58.8590513167294	37.17228511139536	2.206968787482466
58.29925287015328	38.143314170462425	2.205528745645704
57.74690077310915	39.12605454453247	2.2053989861690235
57.20224866894282	40.12074020854298	2.2063695870545943
56.66555561634145	41.12759678487194	2.208174685552418
56.13708601903233	42.14684038906587	2.2104999753745345
55.61710952646371	43.178676401255004	2.2129913573268025
55.10590090294487	44.223298163918535	2.2152716638636694
54.60373986267208	45.28088560756104	2.216948733011168
54.11091086804023	46.3516038068849	2.2176338630480417
53.62770288864506	47.435601471194154	2.2169545000990203
53.154409118419395	48.53300937404573	2.2145675024368825
52.691326648427214	49.643938728569864	2.2101735582020847
52.23875609296496	50.76847951640774	2.2035298729960378
51.79700116679687	51.90669877984987	2.194461127348026
51.36636821158484	53.05863888848747	2.1828663972206326
50.94716566986906	54.22431579349069	2.1687283813502987
50.539703505316	55.40371728447302	2.152115131373684
50.14429256838126	56.59680126575802	2.133182358662806
49.76124390703504	57.80349407069134	2.1121711274898964
49.390868022772075	59.02368883439022	2.089401511230769
49.03347407277117	60.25724394694163	2.0652691321121024
48.68936901978189	61.503981610489745	2.0402290133654564
48.35885673209022	62.76368652482927	2.0147886587218493
48.04223703674405	64.03610472697835	1.9894895977306277
47.73980473009234	65.32094261067617	1.964891237913481
47.45184855059514	66.61786615176922	1.9415570237535966
47.178650119779434	67.92650036495783	1.920033675179388
46.920482858129056	69.2464290163152	1.9008333095921546
46.677610883583455	70.57719461432482	1.8844201775640212
46.450287901158305	71.91829869987819	1.871191054739237
46.23875609296496	73.2692024527246	1.8614648610760436
46.043245018569806	74.62932762827676	1.8554693965446143
45.86397053617525	75.99805783448308	1.8533344206216293
45.701133755495384	77.37474015373697	1.8550847317848547
45.554920033420714	78.7586871095844	1.86063901409557
45.42549802359849	80.14917897242118	1.869810413907355
45.31301879088406	81.5454663925662	1.8823111535363724
45.21761500123496	82.94677334320139	1.8977629120194988
45.1394001970194	84.35230034984485	1.9157025922021818
45.07846816689916	85.76122797743554	1.935601352128349
45.03489241843145	87.17272054092642	1.956877869342472
45.00872576033472	88.58593000067151	1.9789150654443362
45.0	90.0	2.00108202102288
45.00872576033472	91.41406999932849	2.022749546793401
45.03489241843145	92.82727945907358	2.043312675240173
45.07846816689916	94.23877202256445	2.062207385171225
45.1394001970194	95.64769965015516	2.078928479690681
45.21761500123496	97.05322665679864	2.093042850500819
45.31301879088406	98.45453360743382	2.104206779165634
45.42549802359848	99.85082102757882	2.1121717041986816
45.554920033420714	101.2413128904156	2.116792871694867
45.701133755495384	102.62525984626303	2.118033949000719
45.86397053617525	104.00194216551692	2.115964141170467
46.043245018569806	105.37067237172324	2.110760497801182
46.238756092964955	106.73079754727539	2.1026952254395006
46.450287901158305	108.08170130012182	2.0921304972025583
46.677610883583455	109.42280538567519	2.0795063418934983
46.920482858129056	110.7535709836848	2.0653233427379156
47.178650119779434	112.07349963504215	2.050131679916935
47.45184855059512	113.38213384823077	2.034509215633375
47.73980473009234	114.67905738932384	2.0190470763921144
48.04223703674405	115.96389527302166	2.0043311983189627
48.3588567320902	117.23631347517073	1.9909256026058928
48.68936901978189	118.49601838951025	1.97935624766505
49.03347407277117	119.74275605305839	1.9700966114091218
49.39086802277208	120.9763111656098	1.9635578872019896
49.76124390703504	122.19650592930867	1.9600762962654525
50.14429256838125	123.40319873424197	1.9599073205913753
50.539703505316005	124.59628271552698	1.9632210892714053
50.94716566986905	125.77568420650928	1.9701023784969744
51.36636821158484	126.94136111151253	1.9805488814329413
51.79700116679685	128.09330122015012	1.994476975305445
52.23875609296496	129.23152048359225	2.0117280651985427
52.691326648427214	130.35606127143015	2.032074927850847
53.154409118419395	131.46699062595425	2.0552315157048757
53.62770288864506	132.56439852880584	2.080865644500326
54.11091086804023	133.64839619311508	2.1086070671970694
54.60373986267208	134.71911439243897	2.138063621821138
55.10590090294487	135.7767018360815	2.168827575261361
55.617109526463715	136.821323598745	2.2004906176977848
56.13708601903233	137.8531596109341	2.2326513598158773
56.66555561634144	138.87240321512806	2.264924560147093
57.20224866894282	139.879259791457	2.2969474688655107
57.74690077310915	140.87394545546752	2.328387325002044
58.29925287015328	141.85668582953758	2.3589407797356525
58.8590513167294	142.82771488860465	2.388339663481196
59.42604792856702	143.7872738800911	2.4163475256367235
59.99999999999999	144.73561031724535	2.442759057874687
60.58067030155157	145.6729770445577	2.4673989407243715
61.16782705772538	146.59963137344585	2.4901137696489006
61.76124390703503	147.5158342860312	2.5107703249188824
62.36069984618289	148.4218497045308	2.5292480743982013
62.96597916017513	149.31794382356657	2.545435136582518
63.57687134003648	150.20438450253144	2.5592230902202067
64.19317098966519	151.08144071504458	2.5705006305157143
64.81467772324949	151.9493820524694	2.5791512622944217
65.44119605454999	152.808478278447	2.5850504164587145
66.0725352792411	153.65899893141415	2.588063719861631
66.70850935139694	154.5012129721155	2.588047572015644
67.34893675510656	155.3353884731886	2.584850875219019
67.99364037210603	156.16179234798136	2.5783173413909544
68.64244734622547	156.98069011586378	2.5682906824506473
69.29518894536457	157.79234570140352	2.554619800696364
69.95170042163069	158.59702126489356	2.5371651326020737
70.61182087020094	159.39497706184335	2.5158072994492313
71.2753930874019	160.1864713291706	2.4904546045409814
71.94226342843773	160.9717601959578	2.4610493769988
72.61228166514054	161.7510976167656	2.4275777758118413
73.28530084406377	162.52473532561788	2.39007555692479
73.96117714519126	163.29292280889817	2.348634993743286
74.63976974149092	164.05590729551355	2.3034100675129903
75.32094065950206	164.8139337627975	2.2546199275722967
76.00455464110858	165.56724495673262	2.2025500447699025
76.6904790066185	166.31608142517842	2.1475533648823792
77.37858351923944	167.06068156288816	2.0900491551966014
78.0687402510143	167.80128166719328	2.03051781413068
78.76082345025605	168.5381160033205	1.9694962575636794
79.45470941050044	169.27141687839094	1.9075715750389823
80.15027634097487	170.0014147232256	1.8453706490061517
80.84740423856572	170.72833818115458	1.7835515041891548
81.54597476125012	171.45241420309307	1.7227923501194418
82.24587110294536	172.17386814820765	1.663778316833887
82.94697786971682	172.8929238895535	1.6071899206990816
83.64918095727445	173.60980392411287	1.5536903768180599
84.3523674296794	174.32472948671335	1.5039140648545937
85.05642539917308	175.03792066734437	1.4584544181487022
85.76124390703502	175.7495965314293	1.4178523895409476
86.4667128053692	176.45997524264365	1.3825878007406553
87.17272263971289	177.16927418789817	1.3530689615677802
87.87916453235917	177.87771010413212	1.3296280562826248
88.58593006627854	178.58549920658245	1.3125142230804159
89.29291116952395	179.29285731821275	1.3018895171298077
90.0	180.0	1.2978277571553123
90.70708883047607	180.70714268178725	1.3003133720197273
91.41406993372146	181.41450079341755	1.3092442842680647
92.12083546764083	182.12228989586788	1.3244336402539039
92.82727736028711	182.83072581210183	1.34561269368332
93.5332871946308	183.54002475735635	1.3724394562466613
94.23875609296496	184.2504034685707	1.4045038879976173
94.94357460082692	184.96207933265563	1.441334817858641
95.64763257032061	185.67527051328665	1.482409747670298
96.35081904272555	186.39019607588713	1.5271623494054767
97.05302213028318	187.1070761104465	1.5749928459275186
97.75412889705464	187.82613185179233	1.6252766616220025
98.45402523874989	188.54758579690696	1.6773742264460882
99.15259576143428	189.27166181884542	1.7306407799778702
99.84972365902512	189.9985852767744	1.784435022048153
100.54529058949956	190.72858312160906	1.8381283400810182
101.23917654974393	191.4618839966795	1.8911140364343846
101.93125974898571	192.19871833280675	1.9428125187790795
102.62141648076054	192.93931843711184	1.992683410983326
103.30952099338153	193.68391857482158	2.040227283239101
103.99544535889142	194.43275504326738	2.084996609529051
104.67905934049796	195.18606623720254	2.126597497752854
105.36023025850908	195.94409270448645	2.164697186941421
106.03882285480874	196.7070771911018	2.199025200674472
106.71469915593623	197.4752646743821	2.22937969087717
107.38771833485946	198.2489023832344	2.255626284402553
108.05773657156229	199.0282398040422	2.2777003898666726
108.7246069125981	199.8135286708294	2.295608351066167
109.38817912979906	200.60502293815665	2.3094239867255473
110.04829957836931	201.40297873510644	2.3192874370796295
110.70481105463544	202.20765429859648	2.325402280329605
111.35755265377453	203.01930988413622	2.3280291888464055
112.00635962789397	203.83820765201864	2.3274807387916354
112.65106324489344	204.6646115268114	2.324114489612148
113.29149064860306	205.49878702788448	2.318324333408267
113.92746472075892	206.34100106858588	2.310532997719578
114.55880394545001	207.191521721553	2.3011787812228692
115.18532227675053	208.05061794753064	2.2907086332267075
115.8068290103348	208.91855928495542	2.279566042786947
116.42312865996352	209.79561549746856	2.2681795045310276
117.03402083982486	210.68205617643343	2.2569509844822657
117.63930015381712	211.5781502954692	2.2462489995544344
118.23875609296496	212.48416571396876	2.2363941998321315
118.83217294227461	213.40036862655413	2.2276553316092813
119.41932969844842	214.32702295544232	2.220238856631003
120.00000000000001	215.26438968275463	2.2142849151321116
120.573952071433	216.2127261199089	2.209862135458051
121.14094868327061	217.17228511139535	2.206968787482466
121.70074712984672	218.14331417046245	2.205528745645704
122.25309922689084	219.12605454453248	2.2053989861690235
122.79775133105717	220.12074020854297	2.2063695870545943
123.33444438365854	221.1275967848719	2.208174685552418
123.86291398096766	222.1468403890659	2.2104999753745345
124.38289047353629	223.17867640125502	2.2129913573268025
124.89409909705513	224.2232981639185	2.2152716638636694
125.39626013732791	225.28088560756103	2.216948733011168
125.88908913195978	226.35160380688492	2.2176338630480417
126.37229711135494	227.43560147119416	2.2169545000990203
126.84559088158062	228.53300937404572	2.2145675024368825
127.30867335157278	229.64393872856982	2.2101735582020847
127.76124390703504	230.7684795164077	2.2035298729960378
128.20299883320317	231.90669877984988	2.194461127348026
128.6336317884152	233.05863888848748	2.1828663972206326
129.05283433013093	234.2243157934907	2.1687283813502987
129.460296494684	235.40371728447298	2.152115131373684
129.85570743161875	236.59680126575802	2.133182358662806
130.23875609296496	237.80349407069136	2.1121711274898964
130.60913197722795	239.0236888343902	2.089401511230769
130.96652592722884	240.25724394694157	2.0652691321121024
131.31063098021812	241.50398161048972	2.0402290133654564
131.6411432679098	242.7636865248293	2.0147886587218493
131.95776296325596	244.03610472697835	1.9894895977306277
132.26019526990768	245.32094261067616	1.964891237913481
132.54815144940486	246.6178661517692	1.9415570237535966
132.8213498802206	247.92650036495786	1.920033675179388
133.07951714187095	249.2464290163152	1.9008333095921546
133.32238911641656	250.5771946143248	1.8844201775640212
133.5497120988417	251.91829869987816	1.871191054739237
133.76124390703504	253.26920245272458	1.8614648610760436
133.9567549814302	254.62932762827677	1.8554693965446143
134.13602946382477	255.99805783448306	1.8533344206216293
134.2988662445046	257.374740153737	1.8550847317848547
134.44507996657927	258.75868710958434	1.86063901409557
134.57450197640154	260.14917897242117	1.869810413907355
134.68698120911597	261.5454663925662	1.8823111535363724
134.78238499876502	262.94677334320136	1.8977629120194988
134.8605998029806	264.3523003498448	1.9157025922021818
134.92153183310086	265.7612279774355	1.935601352128349
134.96510758156856	267.17272054092643	1.956877869342472
134.99127423966527	268.5859300006715	1.9789150654443362
135.0	270.0	2.00108202102288
134.99127423966527	271.4140699993285	2.022749546793401
134.96510758156856	272.82727945907357	2.043312675240173
134.92153183310086	274.2387720225645	2.062207385171225
134.8605998029806	275.6476996501551	2.078928479690681
134.78238499876502	277.0532266567986	2.093042850500819
134.68698120911597	278.45453360743375	2.104206779165634
134.57450197640154	279.85082102757883	2.1121717041986816
134.44507996657927	281.2413128904156	2.116792871694867
134.2988662445046	282.625259846263	2.118033949000719
134.13602946382477	284.0019421655169	2.115964141170467
133.9567549814302	285.37067237172323	2.110760497801182
133.76124390703504	286.7307975472754	2.1026952254395006
133.5497120988417	288.08170130012184	2.0921304972025583
133.32238911641656	289.42280538567513	2.0795063418934983
133.07951714187095	290.75357098368477	2.0653233427379156
132.82134988022057	292.0734996350422	2.050131679916935
132.54815144940488	293.38213384823075	2.034509215633375
132.26019526990768	294.6790573893238	2.0190470763921144
131.95776296325596	295.9638952730216	2.0043311983189627
131.6411432679098	297.23631347517073	1.9909256026058928
131.31063098021812	298.49601838951025	1.97935624766505
130.96652592722884	299.7427560530584	1.9700966114091218
130.60913197722795	300.9763111656098	1.9635578872019896
130.23875609296496	302.1965059293086	1.9600762962654525
129.85570743161873	303.403198734242	1.9599073205913753
129.46029649468403	304.59628271552697	1.9632210892714053
129.05283433013096	305.7756842065093	1.9701023784969744
128.6336317884152	306.9413611115125	1.9805488814329413
128.20299883320317	308.0933012201501	1.994476975305445
127.76124390703505	309.23152048359225	2.0117280651985427
127.3086733515728	310.3560612714301	2.032074927850847
126.84559088158062	311.4669906259543	2.0552315157048757
126.37229711135495	312.5643985288058	2.080865644500326
125.88908913195978	313.6483961931151	2.1086070671970694
125.39626013732794	314.71911439243894	2.138063621821138
124.89409909705515	315.77670183608143	2.168827575261361
124.38289047353632	316.821323598745	2.2004906176977848
123.86291398096766	317.85315961093414	2.2326513598158773
123.33444438365856	318.8724032151281	2.264924560147093
122.7977513310572	319.879259791457	2.2969474688655107
122.25309922689087	320.8739454554675	2.328387325002044
121.70074712984675	321.8566858295375	2.3589407797356525
121.14094868327061	322.82771488860465	2.388339663481196
120.57395207143298	323.7872738800911	2.4163475256367235
120.00000000000001	324.73561031724535	2.442759057874687
119.41932969844845	325.6729770445577	2.4673989407243715
118.83217294227461	326.59963137344585	2.4901137696489006
118.23875609296496	327.51583428603124	2.5107703249188824
117.63930015381712	328.4218497045308	2.5292480743982013
117.03402083982486	329.31794382356657	2.545435136582518
116.42312865996352	330.2043845025314	2.5592230902202067
115.8068290103348	331.08144071504455	2.5705006305157143
115.18532227675053	331.9493820524694	2.5791512622944217
114.55880394545002	332.808478278447	2.5850504164587145
113.92746472075895	333.6589989314141	2.588063719861631
113.29149064860304	334.5012129721155	2.588047572015644
112.65106324489344	335.3353884731886	2.584850875219019
112.00635962789399	336.16179234798136	2.5783173413909544
111.35755265377455	336.98069011586375	2.5682906824506473
110.70481105463546	337.79234570140346	2.554619800696364
110.04829957836931	338.59702126489356	2.5371651326020737
109.38817912979906	339.39497706184335	2.5158072994492313
108.7246069125981	340.18647132917056	2.4904546045409814
108.05773657156229	340.9717601959578	2.4610493769988
107.38771833485946	341.7510976167656	2.4275777758118413
106.71469915593623	342.5247353256179	2.39007555692479
106.03882285480876	343.2929228088982	2.348634993743286
105.36023025850909	344.0559072955135	2.3034100675129903
104.67905934049797	344.8139337627975	2.2546199275722967
103.99544535889142	345.5672449567326	2.2025500447699025
103.30952099338151	346.3160814251784	2.1475533648823792
102.62141648076056	347.06068156288813	2.0900491551966014
101.93125974898572	347.8012816671932	2.03051781413068
101.23917654974393	348.5381160033205	1.9694962575636794
100.54529058949956	349.27141687839094	1.9075715750389823
99.84972365902513	350.0014147232256	1.8453706490061517
99.15259576143428	350.7283381811546	1.7835515041891548
98.4540252387499	351.45241420309304	1.7227923501194418
97.75412889705464	352.17386814820765	1.663778316833887
97.05302213028318	352.89292388955346	1.6071899206990816
96.35081904272556	353.60980392411284	1.5536903768180599
95.64763257032062	354.32472948671335	1.5039140648545937
94.94357460082692	355.03792066734434	1.4584544181487022
94.23875609296496	355.7495965314293	1.4178523895409476
93.53328719463082	356.4599752426436	1.3825878007406553
92.82727736028713	357.16927418789817	1.3530689615677802
92.12083546764086	357.8777101041321	1.3296280562826248
91.41406993372146	358.5854992065825	1.3125142230804159
90.70708883047607	359.2928573182127	1.3018895171298077
90.0	90.0	1.2593134143501523
89.29291116952395	89.29285731821274	1.2654599765833163
88.58593006627854	88.58549920658245	1.2723995133961952
87.87916453235917	87.87771010413212	1.2799820805046247
87.1727226397129	87.16927418789815	1.2881004100745486
86.4667128053692	86.45997524264364	1.2966910641395901
85.76124390703504	85.74959653142929	1.3057321277659095
85.05642539917308	85.03792066734437	1.3152414789258497
84.3523674296794	84.32472948671335	1.3252675611573712
83.64918095727445	83.60980392411285	1.3358813096410598
82.94697786971682	82.89292388955346	1.347168653985917
82.24587110294536	82.17386814820766	1.3592172539273002
81.54597476125012	81.45241420309306	1.3721061185687884
80.84740423856572	80.72833818115458	1.385893495497692
80.15027634097487	80.0014147232256	1.4006105269884137
79.45470941050044	79.27141687839094	1.4162497158267457
78.76082345025607	78.5381160033205	1.4327591582220158
78.0687402510143	77.80128166719327	1.4500413903895168
77.37858351923944	77.06068156288816	1.467948774880226
76.69047900661849	76.31608142517841	1.4862886909598705
76.00455464110858	75.56724495673262	1.50482699486164
75.32094065950206	74.81393376279749	1.5232966704179647
74.63976974149092	74.05590729551355	1.5414070564010809
73.96117714519126	73.29292280889818	1.5588582642426594
73.28530084406378	72.52473532561788	1.5753544423358685
72.61228166514054	71.7510976167656	1.5906199238813608
71.94226342843773	70.97176019595781	1.604414221315687
71.27539308740191	70.18647132917059	1.6165464440309312
70.61182087020094	69.39497706184336	1.626890869511909
69.95170042163069	68.59702126489356	1.6353984775118753
69.29518894536457	67.79234570140352	1.6421056006842991
68.64244734622547	66.98069011586378	1.6471419985058626
67.99364037210603	66.16179234798135	1.650729703858885
67.34893675510656	65.33538847318859	1.6531876367016083
66.70850935139694	64.50121297211548	1.6549200698924909
66.07253527924108	63.65899893141411	1.6564108621023546
65.44119605454999	62.808478278447	1.6582084633859702
64.81467772324949	61.94938205246937	1.660910920753638
64.19317098966519	61.081440715044565	1.6651416564022112
63.57687134003648	60.20438450253143	1.6715333198691054
62.965979160175145	59.31794382356658	1.6806983758842529
62.36069984618289	58.4218497045308	1.693208342853834
61.761243907035045	57.515834286031215	1.7095672642561544
61.16782705772538	56.59963137344585	1.7301926772517333
60.58067030155157	55.67297704455769	1.7553902374967514
59.99999999999999	54.735610317245346	1.7853404548409915
59.42604792856702	53.787273880091085	1.8200831221906348
58.8590513167294	52.827714888604646	1.8595069347501296
58.29925287015328	51.85668582953758	1.9033500667309733
57.74690077310915	50.87394545546753	1.9511961343902173
57.20224866894282	49.87925979145702	2.002484000079816
56.66555561634145	48.87240321512806	2.0565187297135474
56.13708601903233	47.85315961093413	2.112489470739353
55.61710952646371	46.821323598745	2.1694884835292543
55.10590090294487	45.776701836081465	2.2265388234010426
54.60373986267208	44.71911439243896	2.282622599348757
54.11091086804023	43.6483961931151	2.33670807935559
53.62770288864506	42.564398528805846	2.3877854463385737
53.154409118419395	41.46699062595427	2.434893326752701
52.691326648427214	40.356061271430136	2.4771516629916857
52.23875609296496	39.23152048359226	2.513788241992081
51.79700116679687	38.09330122015014	2.544162917002263
51.36636821158484	36.941361111512535	2.5677866389723416
50.94716566986906	35.77568420650932	2.5843387578177195
50.539703505316	34.59628271552699	2.593676249759656
50.14429256838126	33.40319873424199	2.595836024160407
49.76124390703504	32.19650592930866	2.5910355002320093
49.390868022772075	30.976311165609783	2.5796645331132915
49.03347407277117	29.742756053058372	2.5622704194414525
48.68936901978189	28.496018389510258	2.539542902923648
48.35885673209022	27.236313475170732	2.5122887991504386
48.04223703674405	25.963895273021652	2.4814077738268097
47.73980473009234	24.679057389323834	2.4478652374592653
47.45184855059514	23.382133848230776	2.412659472955068
47.178650119779434	22.07349963504216	2.3767922234741925
46.920482858129056	20.753570983684796	2.341241010407632
46.677610883583455	19.422805385675183	2.3069285678117835
46.450287901158305	18.08170130012181	2.274698043930676
46.23875609296496	16.730797547275397	2.2452910862621387
46.043245018569806	15.370672371723243	2.2193316937118093
45.86397053617525	14.001942165516926	2.1973094920383622
45.701133755495384	12.625259846263035	2.1795745434744416
45.554920033420714	11.241312890415616	2.166332733056382
45.42549802359849	9.850821027578828	2.1576469220417747
45.31301879088406	8.454533607433808	2.1534461752500347
45.21761500123496	7.053226656798624	2.1535344116941775
45.1394001970194	5.647699650155149	2.1576059757180226
45.07846816689916	4.238772022564465	2.165262361550963
45.03489241843145	2.8272794590735852	2.17603528165938
45.00872576033472	1.414069999328503	2.189403968010194
45.0	4.961562726608714e-15	2.20481939383985
45.00872576033472	358.5859300006715	2.2217233050442293
45.03489241843145	357.17272054092643	2.239572441947628
45.07846816689916	355.76122797743557	2.257850650187251
45.1394001970194	354.3523003498448	2.2760902189382626
45.21761500123496	352.94677334320136	2.2938782247104257
45.31301879088406	351.5454663925662	2.310869218941377
45.42549802359848	350.14917897242117	2.326789264958124
45.554920033420714	348.7586871095844	2.341435937977046
45.701133755495384	347.374740153737	2.3546777483951056
45.86397053617525	345.99805783448306	2.3664466445756442
46.043245018569806	344.62932762827677	2.376732822469312
46.238756092964955	343.26920245272464	2.385572038020795
46.450287901158305	341.91829869987816	2.393034072993108
46.677610883583455	340.5771946143248	2.39921120079189
46.920482858129056	339.2464290163152	2.4042037687457745
47.178650119779434	337.92650036495786	2.4081086639306832
47.45184855059512	336.61786615176925	2.411008932411691
47.73980473009234	335.3209426106762	2.4129610916497524
48.04223703674405	334.03610472697835	2.413993400375345
48.3588567320902	332.76368652482927	2.414096054539119
48.68936901978189	331.50398161048975	2.413221764020684
49.03347407277117	330.2572439469416	2.4112880594637502
49.39086802277208	329.0236888343902	2.4081767155673424
49.76124390703504	327.80349407069133	2.4037452852615027
50.14429256838125	326.596801265758	2.397831713377579
50.539703505316005	325.40371728447303	2.3902664475327065
50.94716566986905	324.2243157934907	2.3808828188879505
51.36636821158484	323.05863888848745	2.369528576324005
51.79700116679685	321.9066987798499	2.3560803041608267
52.23875609296496	320.76847951640775	2.3404503426630585
52.691326648427214	319.6439387285699	2.3226000523420893
53.154409118419395	318.5330093740457	2.302545581043905
53.62770288864506	317.43560147119416	2.2803647844545143
54.11091086804023	316.3516038068849	2.2561972260999474
54.60373986267208	315.28088560756106	2.2302487910165376
55.10590090294487	314.2232981639185	2.2027830351191424
55.617109526463715	313.17867640125496	2.174118878366004
56.13708601903233	312.14684038906586	2.144621377418183
56.66555561634144	311.12759678487197	2.1146867312111444
57.20224866894282	310.120740208543	2.084734207031764
57.74690077310915	309.1260545445325	2.0551865324196266
58.29925287015328	308.1433141704624	2.0264589377001103
58.8590513167294	307.17228511139535	1.9989383944681167
59.42604792856702	306.2127261199089	1.9729720814123641
59.99999999999999	305.26438968275465	1.9488518131781876
60.58067030155157	304.3270229554423	1.9268036596094043
61.16782705772538	303.40036862655415	1.9069741047374664
61.76124390703503	302.4841657139688	1.8894288933638925
62.36069984618289	301.5781502954692	1.8741443804284874
62.96597916017513	300.68205617643343	1.8610104145532689
63.57687134003648	299.7956154974686	1.8498326448776088
64.19317098966519	298.91855928495545	1.8403394415636556
64.81467772324949	298.0506179475306	1.832191699845684
65.44119605454999	297.191521721553	1.8249949509145849
66.0725352792411	296.3410010685859	1.8183149330550672
66.70850935139694	295.49878702788453	1.8116960463267857
67.34893675510656	294.6646115268114	1.804675193575187
67.99364037210603	293.83820765201864	1.7968031186565636
68.64244734622547	293.0193098841362	1.7876605542840405
69.29518894536457	292.2076542985965	1.776876099999919
69.95170042163069	291.40297873510644	1.7641389097689506
70.61182087020094	290.60502293815665	1.7492136864067547
71.2753930874019	289.81352867082944	1.731947025376455
71.94226342843773	289.0282398040422	1.7122766421292455
72.61228166514054	288.2489023832344	1.6902319488131734
73.28530084406377	287.4752646743821	1.665934630981926
73.96117714519126	286.7070771911018	1.6395928805069775
74.63976974149092	285.9440927044865	1.6114944750721663
75.32094065950206	285.1860662372025	1.5819958207067748
76.00455464110858	284.4327550432674	1.5515086874834698
76.6904790066185	283.6839185748216	1.5204857917986703
77.37858351923944	282.93931843711187	1.4894034951089903
78.0687402510143	282.1987183328067	1.4587450793764667
78.76082345025605	281.4618839966795	1.4289822923874322
79.45470941050044	280.72858312160906	1.4005638135768088
80.15027634097487	279.9985852767744	1.37389449251184
80.84740423856572	279.2716618188454	1.3493278516778822
81.54597476125012	278.54758579690696	1.3271533988851296
82.24587110294536	277.82613185179235	1.3075897067631905
82.94697786971682	277.10707611044654	1.2907809525083773
83.64918095727445	276.39019607588716	1.276795764466134
84.3523674296794	275.67527051328665	1.2656301056749641
85.05642539917308	274.96207933265566	1.2572118875367118
85.76124390703502	274.2504034685707	1.2514073136131991
86.4667128053692	273.5400247573564	1.248035297345859
87.17272263971289	272.83072581210183	1.2468743825611566
87.87916453235917	272.1222898958679	1.2476788913165764
88.58593006627854	271.4145007934176	1.2501898813675425
89.29291116952395	270.7071426817872	1.2541495638870492
90.0	270.0	1.2593134143501523
90.70708883047607	269.2928573182127	1.2654599765833163
91.41406993372146	268.5854992065824	1.2723995133961952
92.12083546764083	267.8777101041321	1.2799820805046247
92.82727736028711	267.16927418789817	1.2881004100745486
93.5332871946308	266.4599752426436	1.2966910641395901
94.23875609296496	265.7495965314293	1.3057321277659095
94.94357460082692	265.03792066734434	1.3152414789258497
95.64763257032061	264.32472948671335	1.3252675611573712
96.35081904272555	263.60980392411284	1.3358813096410598
97.05302213028318	262.89292388955346	1.347168653985917
97.75412889705464	262.17386814820765	1.3592172539273002
98.45402523874989	261.45241420309304	1.3721061185687884
99.15259576143428	260.7283381811546	1.385893495497692
99.84972365902512	260.0014147232256	1.4006105269884137
100.54529058949956	259.27141687839094	1.4162497158267457
101.23917654974393	258.5381160033205	1.4327591582220158
101.93125974898571	257.8012816671933	1.4500413903895168
102.62141648076054	257.06068156288813	1.467948774880226
103.30952099338153	256.31608142517837	1.4862886909598705
103.99544535889142	255.56724495673262	1.50482699486164
104.67905934049796	254.8139337627975	1.5232966704179647
105.36023025850908	254.05590729551355	1.5414070564010809
106.03882285480874	253.2929228088982	1.5588582642426594
106.71469915593623	252.52473532561788	1.5753544423358685
107.38771833485946	251.7510976167656	1.5906199238813608
108.05773657156229	250.9717601959578	1.604414221315687
108.7246069125981	250.18647132917056	1.6165464440309312
109.38817912979906	249.39497706184335	1.626890869511909
110.04829957836931	248.59702126489356	1.6353984775118753
110.70481105463544	247.79234570140352	1.6421056006842991
111.35755265377453	246.98069011586378	1.6471419985058626
112.00635962789397	246.16179234798136	1.650729703858885
112.65106324489344	245.33538847318857	1.6531876367016083
113.29149064860306	244.50121297211547	1.6549200698924909
113.92746472075892	243.6589989314141	1.6564108621023546
114.55880394545001	242.808478278447	1.6582084633859702
115.18532227675053	241.9493820524694	1.660910920753638
115.8068290103348	241.08144071504458	1.6651416564022112
116.42312865996352	240.2043845025314	1.6715333198691054
117.03402083982486	239.31794382356657	1.6806983758842529
117.63930015381712	238.4218497045308	1.693208342853834
118.23875609296496	237.5158342860312	1.7095672642561544
118.83217294227461	236.59963137344585	1.7301926772517333
119.41932969844842	235.67297704455768	1.7553902374967514
120.00000000000001	234.73561031724535	1.7853404548409915
120.573952071433	233.78727388009108	1.8200831221906348
121.14094868327061	232.82771488860465	1.8595069347501296
121.70074712984672	231.85668582953755	1.9033500667309733
122.25309922689084	230.87394545546752	1.9511961343902173
122.79775133105717	229.879259791457	2.002484000079816
123.33444438365854	228.8724032151281	2.0565187297135474
123.86291398096766	227.8531596109341	2.112489470739353
124.38289047353629	226.82132359874498	2.1694884835292543
124.89409909705513	225.7767018360815	2.2265388234010426
125.39626013732791	224.71911439243897	2.282622599348757
125.88908913195978	223.64839619311508	2.33670807935559
126.37229711135494	222.56439852880584	2.3877854463385737
126.84559088158062	221.46699062595428	2.434893326752701
127.30867335157278	220.35606127143015	2.4771516629916857
127.76124390703504	219.23152048359228	2.513788241992081
128.20299883320317	218.0933012201501	2.544162917002263
128.6336317884152	216.94136111151252	2.5677866389723416
129.05283433013093	215.7756842065093	2.5843387578177195
129.460296494684	214.59628271552702	2.593676249759656
129.85570743161875	213.40319873424195	2.595836024160407
130.23875609296496	212.19650592930864	2.5910355002320093
130.60913197722795	210.9763111656098	2.5796645331132915
130.96652592722884	209.74275605305837	2.5622704194414525
131.31063098021812	208.49601838951028	2.539542902923648
131.6411432679098	207.2363134751707	2.5122887991504386
131.95776296325596	205.96389527302162	2.4814077738268097
132.26019526990768	204.67905738932384	2.4478652374592653
132.54815144940486	203.38213384823078	2.412659472955068
132.8213498802206	202.07349963504214	2.3767922234741925
133.07951714187095	200.75357098368477	2.341241010407632
133.32238911641656	199.4228053856752	2.3069285678117835
133.5497120988417	198.08170130012184	2.274698043930676
133.76124390703504	196.73079754727542	2.2452910862621387
133.9567549814302	195.3706723717232	2.2193316937118093
134.13602946382477	194.0019421655169	2.1973094920383622
134.2988662445046	192.62525984626305	2.1795745434744416
134.44507996657927	191.24131289041563	2.166332733056382
134.57450197640154	189.8508210275788	2.1576469220417747
134.68698120911597	188.4545336074338	2.1534461752500347
134.78238499876502	187.0532266567986	2.1535344116941775
134.8605998029806	185.64769965015518	2.1576059757180226
134.92153183310086	184.2387720225645	2.165262361550963
134.96510758156856	182.82727945907357	2.17603528165938
134.99127423966527	181.4140699993285	2.189403968010194
135.0	180.0	2.20481939383985
134.99127423966527	178.58593000067157	2.2217233050442293
134.96510758156856	177.1727205409264	2.239572441947628
134.92153183310086	175.76122797743554	2.257850650187251
134.8605998029806	174.35230034984485	2.2760902189382626
134.78238499876502	172.94677334320141	2.2938782247104257
134.68698120911597	171.54546639256625	2.310869218941377
134.57450197640154	170.14917897242117	2.326789264958124
134.44507996657927	168.7586871095844	2.341435937977046
134.2988662445046	167.37474015373698	2.3546777483951056
134.13602946382477	165.9980578344831	2.3664466445756442
133.9567549814302	164.62932762827674	2.376732822469312
133.76124390703504	163.2692024527246	2.385572038020795
133.5497120988417	161.9182986998782	2.393034072993108
133.32238911641656	160.57719461432484	2.39921120079189
133.07951714187095	159.24642901631526	2.4042037687457745
132.82134988022057	157.92650036495783	2.4081086639306832
132.54815144940488	156.61786615176925	2.411008932411691
132.26019526990768	155.32094261067618	2.4129610916497524
131.95776296325596	154.03610472697838	2.413993400375345
131.6411432679098	152.76368652482927	2.414096054539119
131.31063098021812	151.50398161048975	2.413221764020684
130.96652592722884	150.25724394694163	2.4112880594637502
130.60913197722795	149.02368883439024	2.4081767155673424
130.23875609296496	147.80349407069139	2.4037452852615027
129.85570743161873	146.596801265758	2.397831713377579
129.46029649468403	145.403717284473	2.3902664475327065
129.05283433013096	144.22431579349072	2.3808828188879505
128.6336317884152	143.0586388884875	2.369528576324005
128.20299883320317	141.90669877984988	2.3560803041608267
127.76124390703505	140.76847951640775	2.3404503426630585
127.3086733515728	139.64393872856988	2.3226000523420893
126.84559088158062	138.53300937404575	2.302545581043905
126.37229711135495	137.4356014711942	2.2803647844545143
125.88908913195978	136.35160380688492	2.2561972260999474
125.39626013732794	135.28088560756106	2.2302487910165376
124.89409909705515	134.22329816391854	2.2027830351191424
124.38289047353632	133.17867640125502	2.174118878366004
123.86291398096766	132.14684038906586	2.144621377418183
123.33444438365856	131.12759678487194	2.1146867312111444
122.7977513310572	130.120740208543	2.084734207031764
122.25309922689087	129.12605454453248	2.0551865324196266
121.70074712984675	128.14331417046245	2.0264589377001103
121.14094868327061	127.17228511139534	1.9989383944681167
120.57395207143298	126.21272611990892	1.9729720814123641
120.00000000000001	125.26438968275468	1.9488518131781876
119.41932969844845	124.32702295544235	1.9268036596094043
118.83217294227461	123.40036862655414	1.9069741047374664
118.23875609296496	122.48416571396879	1.8894288933638925
117.63930015381712	121.57815029546921	1.8741443804284874
117.03402083982486	120.68205617643345	1.8610104145532689
116.42312865996352	119.79561549746859	1.8498326448776088
115.8068290103348	118.91855928495542	1.8403394415636556
115.18532227675053	118.05061794753063	1.832191699845684
114.55880394545002	117.19152172155302	1.8249949509145849
113.92746472075895	116.34100106858591	1.8183149330550672
113.29149064860304	115.49878702788452	1.8116960463267857
112.65106324489344	114.66461152681141	1.804675193575187
112.00635962789399	113.83820765201867	1.7968031186565636
111.35755265377455	113.01930988413625	1.7876605542840405
110.70481105463546	112.20765429859652	1.776876099999919
110.04829957836931	111.40297873510644	1.7641389097689506
109.38817912979906	110.60502293815665	1.7492136864067547
108.7246069125981	109.81352867082943	1.731947025376455
108.05773657156229	109.02823980404222	1.7122766421292455
107.38771833485946	108.2489023832344	1.6902319488131734
106.71469915593623	107.47526467438213	1.665934630981926
106.03882285480876	106.70707719110183	1.6395928805069775
105.36023025850909	105.94409270448648	1.6114944750721663
104.67905934049797	105.18606623720254	1.5819958207067748
103.99544535889142	104.43275504326738	1.5515086874834698
103.30952099338151	103.68391857482159	1.5204857917986703
102.62141648076056	102.93931843711185	1.4894034951089903
101.93125974898572	102.19871833280676	1.4587450793764667
101.23917654974393	101.4618839966795	1.4289822923874322
100.54529058949956	100.72858312160906	1.4005638135768088
99.84972365902513	99.99858527677442	1.37389449251184
99.15259576143428	99.27166181884544	1.3493278516778822
98.4540252387499	98.54758579690696	1.3271533988851296
97.75412889705464	97.82613185179234	1.3075897067631905
97.05302213028318	97.10707611044654	1.2907809525083773
96.35081904272556	96.39019607588716	1.276795764466134
95.64763257032062	95.67527051328666	1.2656301056749641
94.94357460082692	94.96207933265563	1.2572118875367118
94.23875609296496	94.25040346857071	1.2514073136131991
93.53328719463082	93.54002475735638	1.248035297345859
92.82727736028713	92.83072581210186	1.2468743825611566
92.12083546764086	92.12228989586791	1.2476788913165764
91.41406993372146	91.41450079341756	1.2501898813675425
90.70708883047607	90.70714268178726	1.2541495638870492
90.0	0.0	1.2762501979552903
90.0	1.0	1.2807473730626475
90.0	2.0	1.2875842557117523
90.0	3.0000000000000004	1.2967412378039067
90.0	4.0	1.308197557822841
90.0	5.0	1.3219289939995755
90.0	6.000000000000001	1.33790036709821
90.0	7.0	1.3560563130753605
90.0	8.0	1.3763201296625893
90.0	9.0	1.398580512064344
90.0	10.0	1.4226898228316007
90.0	11.0	1.4484565946476577
90.0	12.0	1.4756432234929935
90.0	13.0	1.5039636618101249
90.0	14.0	1.5330834185036086
90.0	14.999999999999998	1.5626212890663969
90.0	16.0	1.5921585829204001
90.0	17.000000000000004	1.621241430251628
90.0	18.0	1.6493940463122527
90.0	19.0	1.6761302655963104
90.0	20.0	1.7009668061417638
90.0	21.0	1.7234371105413482
90.0	22.0	1.743109800623699
90.0	23.0	1.7596013650466262
90.0	24.000000000000004	1.772591730434318
90.0	25.0	1.781839832514541
90.0	26.0	1.787194573585561
90.0	26.999999999999996	1.78860462656549
90.0	28.0	1.7861230486625717
90.0	29.000000000000004	1.7799153552981715
90.0	29.999999999999996	1.7702531763101408
90.0	31.0	1.757514832661602
90.0	32.0	1.7421755323915982
90.0	33.0	1.7247941063130348
90.0	34.00000000000001	1.7060008971281861
90.0	35.0	1.686476421203644
90.0	36.0	1.6669329138891888
90.0	37.0	1.648090107748809
90.0	38.0	1.630653894335647
90.0	39.0	1.6152897955878778
90.0	40.0	1.6026016256036553
90.0	41.0	1.5931113058336281
90.0	42.0	1.5872357967295303
90.0	43.0	1.5852738334421197
90.0	44.0	1.5873920848103324
90.0	45.0	1.5936176561470752
90.0	46.00000000000001	1.6038340522777284
90.0	47.0	1.6177811775401454
90.0	48.00000000000001	1.6350639864164316
90.0	49.00000000000001	1.6551599807471535
90.0	50.0	1.6774359342861098
90.0	51.0	1.7011686542166
90.0	52.0	1.7255640125413398
90.0	53.0	1.7497846281041491
90.0	54.0	1.7729758184852926
90.0	55.0	1.794292705314383
90.0	56.0	1.812928473000859
90.0	57.00000000000001	1.828140897338108
90.0	58.00000000000001	1.8392748371460894
90.0	59.00000000000001	1.845786456040315
90.0	59.99999999999999	1.8472599469866213
90.0	61.0	1.843420796603231
90.0	62.0	1.8341450125013161
90.0	63.0	1.8194631602464941
90.0	64.0	1.7995609400676154
90.0	65.0	1.7747705362249817
90.0	66.0	1.7455613896697844
90.0	67.0	1.7125252036156868
90.0	68.0	1.676355758731342
90.0	69.0	1.6378275749153361
90.0	70.0	1.5977716895272105
90.0	71.0	1.557050858909695
90.0	72.0	1.51653014624066
90.0	73.0	1.4770550065992785
90.0	74.0	1.4394224515267613
90.0	75.0	1.404363171054017
90.0	76.0	1.3725184653502402
90.0	77.0	1.344424673585711
90.0	78.0	1.320502216464874
90.0	79.0	1.3010457921769913
90.0	80.0	1.2862232229785693
90.0	81.0	1.276071994940649
90.0	82.0	1.2705084852893698
90.0	83.0	1.2693348829113917
90.0	84.0	1.2722495691120308
90.0	85.0	1.2788661490051714
90.0	86.0	1.2887261391065417
90.0	87.0	1.3013220356851247
90.0	88.0	1.3161128859003581
90.0	89.0	1.3325462027359753
90.0	90.0	1.3500752662635624
90.0	91.0	1.368177578323685
90.0	92.0	1.386367550119165
90.0	93.0	1.404213803478638
90.0	94.0	1.4213443612356191
90.0	95.0	1.4374576046954244
90.0	96.00000000000001	1.4523240037615253
90.0	97.0	1.4657866936443344
90.0	98.0	1.4777620515699912
90.0	99.0	1.4882327762749386
90.0	100.0	1.4972403907917138
90.0	101.0	1.5048806287786678
90.0	102.0	1.5112872866739784
90.0	103.0	1.516628186734152
90.0	104.0	1.5210890291880388
90.0	105.00000000000001	1.5248647416050518
90.0	106.0	1.5281502515546048
90.0	107.0	1.5311318359743324
90.0	108.0	1.5339767404119566
90.0	109.0	1.5368331790252858
90.0	110.0	1.5398222606592218
90.0	111.0	1.54303798884576
90.0	112.0	1.5465484152215592
90.0	113.0	1.550396216236728
90.0	114.00000000000001	1.5546033068251062
90.0	115.0	1.559174300656975
90.0	116.00000000000001	1.5641022772269115
90.0	117.0	1.5693757023592114
90.0	118.00000000000001	1.5749830418781696
90.0	119.0	1.5809173752783627
90.0	119.99999999999999	1.587183892938858
90.0	121.0	1.593798742705643
90.0	122.0	1.6007965271058318
90.0	123.00000000000001	1.608226843094956
90.0	124.0	1.6161554354745338
90.0	125.00000000000001	1.6246607366393584
90.0	126.0	1.6338298296160028
90.0	127.00000000000001	1.643754987810106
90.0	128.0	1.6545232942482409
90.0	129.0	1.6662131813252004
90.0	130.0	1.6788857801722212
90.0	131.0	1.692575693316418
90.0	132.0	1.707286957719287
90.0	133.0	1.7229843941449292
90.0	134.0	1.739588993489765
90.0	135.0	1.7569756099473957
90.0	136.0	1.7749700774646773
90.0	137.0	1.7933503631592889
90.0	138.0	1.8118488741548762
90.0	139.0	1.8301559178337616
90.0	140.0	1.8479277757599375
90.0	141.0	1.864793047475705
90.0	142.0	1.880364761386163
90.0	143.0	1.8942501788085586
90.0	144.0	1.9060629048567759
90.0	145.0	1.9154338459082565
90.0	146.0	1.9220256273236316
90.0	147.0	1.925541244078498
90.0	148.0	1.9257379017742675
90.0	149.0	1.92243105359966
90.0	150.0	1.9155059345064127
90.0	151.0	1.904920444753201
90.0	152.0	1.8907074567407853
90.0	153.0	1.8729771218471472
90.0	154.0	1.8519099499220693
90.0	155.0	1.827757962704704
90.0	156.0	1.8008337363566558
90.0	157.0	1.7715029042477712
90.0	158.0	1.740174929615576
90.0	159.0	1.7072909946807837
90.0	160.0	1.673311313054022
90.0	161.0	1.6387035955601263
90.0	162.0	1.6039326694800056
90.0	163.0	1.5694454841222265
90.0	164.0	1.5356659204439456
90.0	165.0	1.5029821034576343
90.0	166.0	1.4717417885607964
90.0	167.0	1.4422471711569018
90.0	168.0	1.4147514264026737
90.0	169.0	1.38945870920809
90.0	170.0	1.366525307653952
90.0	171.0	1.3460625265358128
90.0	172.0	1.3281407243254726
90.0	173.0	1.3127962336764019
90.0	174.0	1.3000353983852384
90.0	175.0	1.2898455308587065
90.0	176.0	1.2821966422399738
90.0	177.0	1.277051823166784
90.0	178.0	1.27437070402417
90.0	179.0	1.2741152220323053
90.0	180.0	1.2762501979552903
90.0	181.0	1.2807473730626475
90.0	181.99999999999997	1.2875842557117523
90.0	182.99999999999997	1.2967412378039067
90.0	183.99999999999997	1.308197557822841
90.0	184.99999999999997	1.3219289939995755
90.0	185.99999999999997	1.33790036709821
90.0	186.99999999999997	1.3560563130753605
90.0	188.0	1.3763201296625893
90.0	188.99999999999997	1.398580512064344
90.0	190.0	1.4226898228316007
90.0	190.99999999999997	1.4484565946476577
90.0	192.0	1.4756432234929935
90.0	192.99999999999997	1.5039636618101249
90.0	193.99999999999997	1.5330834185036086
90.0	194.99999999999997	1.5626212890663969
90.0	195.99999999999997	1.5921585829204001
90.0	197.0	1.621241430251628
90.0	197.99999999999997	1.6493940463122527
90.0	199.0	1.6761302655963104
90.0	199.99999999999997	1.7009668061417638
90.0	201.0	1.7234371105413482
90.0	201.99999999999997	1.743109800623699
90.0	203.0	1.7596013650466262
90.0	203.99999999999997	1.772591730434318
90.0	204.99999999999997	1.781839832514541
90.0	206.0	1.787194573585561
90.0	206.99999999999997	1.78860462656549
90.0	208.0	1.7861230486625717
90.0	208.99999999999997	1.7799153552981715
90.0	210.0	1.7702531763101408
90.0	210.99999999999997	1.757514832661602
90.0	212.0	1.7421755323915982
90.0	212.99999999999997	1.7247941063130348
90.0	214.0	1.7060008971281861
90.0	215.0	1.686476421203644
90.0	216.0	1.6669329138891888
90.0	217.0	1.648090107748809
90.0	217.99999999999997	1.630653894335647
90.0	219.00000000000003	1.6152897955878778
90.0	219.99999999999997	1.6026016256036553
90.0	220.99999999999997	1.5931113058336281
90.0	221.99999999999997	1.5872357967295303
90.0	223.0	1.5852738334421197
90.0	224.0	1.5873920848103324
90.0	224.99999999999997	1.5936176561470752
90.0	226.0	1.6038340522777284
90.0	227.0	1.6177811775401454
90.0	228.0	1.6350639864164316
90.0	229.0	1.6551599807471535
90.0	230.0	1.6774359342861098
90.0	230.99999999999997	1.7011686542166
90.0	232.00000000000003	1.7255640125413398
90.0	233.0	1.7497846281041491
90.0	233.99999999999997	1.7729758184852926
90.0	234.99999999999994	1.794292705314383
90.0	236.0	1.812928473000859
90.0	237.0	1.828140897338108
90.0	238.0	1.8392748371460894
90.0	239.0	1.845786456040315
90.0	239.99999999999994	1.8472599469866213
90.0	241.0	1.843420796603231
90.0	242.0	1.8341450125013161
90.0	242.99999999999997	1.8194631602464941
90.0	243.99999999999994	1.7995609400676154
90.0	245.0	1.7747705362249817
90.0	246.0	1.7455613896697844
90.0	247.0	1.7125252036156868
90.0	248.0	1.676355758731342
90.0	248.99999999999997	1.6378275749153361
90.0	250.0	1.5977716895272105
90.0	251.0	1.557050858909695
90.0	252.0	1.51653014624066
90.0	252.99999999999997	1.4770550065992785
90.0	254.0	1.4394224515267613
90.0	255.0	1.404363171054017
90.0	256.0	1.3725184653502402
90.0	257.0	1.344424673585711
90.0	258.0	1.320502216464874
90.0	259.0	1.3010457921769913
90.0	260.0	1.2862232229785693
90.0	261.0	1.276071994940649
90.0	262.0	1.2705084852893698
90.0	263.0	1.2693348829113917
90.0	264.0	1.2722495691120308
90.0	265.0	1.2788661490051714
90.0	266.0	1.2887261391065417
90.0	267.0	1.3013220356851247
90.0	268.0	1.3161128859003581
90.0	269.0	1.3325462027359753
90.0	270.0	1.3500752662635624
90.0	271.0	1.368177578323685
90.0	272.0	1.386367550119165
90.0	273.0	1.404213803478638
90.0	274.0	1.4213443612356191
90.0	275.0	1.4374576046954244
90.0	276.0	1.4523240037615253
90.0	277.0	1.4657866936443344
90.0	278.0	1.4777620515699912
90.0	279.0	1.4882327762749386
90.0	280.0	1.4972403907917138
90.0	281.0	1.5048806287786678
90.0	282.0	1.5112872866739784
90.0	283.0	1.516628186734152
90.0	284.0	1.5210890291880388
90.0	285.0	1.5248647416050518
90.0	286.0	1.5281502515546048
90.0	287.0	1.5311318359743324
90.0	288.0	1.5339767404119566
90.0	289.0	1.5368331790252858
90.0	290.0	1.5398222606592218
90.0	291.0	1.54303798884576
90.0	292.0	1.5465484152215592
90.0	293.0	1.550396216236728
90.0	294.0	1.5546033068251062
90.0	295.0	1.559174300656975
90.0	296.0	1.5641022772269115
90.0	297.0	1.5693757023592114
90.0	298.0	1.5749830418781696
90.0	299.0	1.5809173752783627
90.0	300.0	1.587183892938858
90.0	301.0	1.593798742705643
90.0	302.0	1.6007965271058318
90.0	303.0	1.608226843094956
90.0	304.0	1.6161554354745338
90.0	305.0	1.6246607366393584
90.0	306.0	1.6338298296160028
90.0	307.0	1.643754987810106
90.0	308.0	1.6545232942482409
90.0	309.0	1.6662131813252004
90.0	310.0	1.6788857801722212
90.0	311.0	1.692575693316418
90.0	311.99999999999994	1.707286957719287
90.0	313.0	1.7229843941449292
90.0	314.0	1.739588993489765
90.0	315.0	1.7569756099473957
90.0	316.0	1.7749700774646773
90.0	317.0	1.7933503631592889
90.0	318.0	1.8118488741548762
90.0	319.0	1.8301559178337616
90.0	320.0	1.8479277757599375
90.0	321.0	1.864793047475705
90.0	322.0	1.880364761386163
90.0	323.0	1.8942501788085586
90.0	324.0	1.9060629048567759
90.0	325.0	1.9154338459082565
90.0	326.0	1.9220256273236316
90.0	327.0	1.925541244078498
90.0	328.0	1.9257379017742675
90.0	329.0	1.92243105359966
90.0	330.0	1.9155059345064127
90.0	331.0	1.904920444753201
90.0	332.0	1.8907074567407853
90.0	333.0	1.8729771218471472
90.0	334.0	1.8519099499220693
90.0	335.0	1.827757962704704
90.0	336.0	1.8008337363566558
90.0	337.0	1.7715029042477712
90.0	338.0	1.740174929615576
90.0	338.99999999999994	1.7072909946807837
90.0	340.0	1.673311313054022
90.0	341.0	1.6387035955601263
90.0	342.0	1.6039326694800056
90.0	343.0	1.5694454841222265
90.0	344.0	1.5356659204439456
90.0	345.0	1.5029821034576343
90.0	346.0	1.4717417885607964
90.0	347.0	1.4422471711569018
90.0	347.99999999999994	1.4147514264026737
90.0	349.0	1.38945870920809
90.0	350.0	1.366525307653952
90.0	351.0	1.3460625265358128
90.0	352.0	1.3281407243254726
90.0	353.0	1.3127962336764019
90.0	354.0	1.3000353983852384
90.0	355.0	1.2898455308587065
90.0	356.0	1.2821966422399738
90.0	356.99999999999994	1.277051823166784
90.0	358.0	1.27437070402417
90.0	359.0	1.2741152220323053
90.0	0.0	1.3305750121080009
89.0	0.0	1.3373230816041777
88.0	0.0	1.3538036885601852
87.00000000000001	0.0	1.3795156730416438
86.0	0.0	1.4137185409682962
85.0	0.0	1.4554630296796254
84.0	0.0	1.5036182132477618
83.0	0.0	1.5569153323451619
82.0	0.0	1.6139875871507896
81.0	0.0	1.6734151206353667
80.0	0.0	1.7337723086817622
79.0	0.0	1.7936710132438864
78.00000000000001	0.0	1.851804988923154
77.0	0.0	1.9069862156219566
76.0	0.0	1.9581789243619896
75.0	0.0	2.004525549179591
74.0	0.0	2.045366335224438
73.0	0.0	2.0802502962264673
72.0	0.0	2.1089392514573717
71.0	0.0	2.131402058642748
70.0	0.0	2.1478053866215325
69.00000000000001	0.0	2.158492377120947
68.0	0.0	2.1639624599490164
67.0	0.0	2.1648402107201625
66.0	0.0	2.161845938707159
65.0	0.0	2.155761661022802
64.0	0.0	2.1473982302191477
63.0	0.0	2.1375636153043285
62.0	0.0	2.1270334895945004
61.0	0.0	2.116525855527298
60.00000000000001	0.0	2.1066756694752766
59.00000000000001	0.0	2.0980244609877845
58.00000000000001	0.0	2.091004761653756
57.00000000000001	0.0	2.0859360681402186
55.99999999999999	0.0	2.083025995609862
55.00000000000001	0.0	2.0823771982264585
54.0	0.0	2.083993136242721
53.00000000000001	0.0	2.0877976840989967
52.0	0.0	2.0936478180165436
51.00000000000001	0.0	2.1013543775138013
50.00000000000001	0.0	2.110701673505087
49.00000000000001	0.0	2.121464212855369
48.0	0.0	2.13342572977018
47.0	0.0	2.1463941802240325
46.00000000000001	0.0	2.160212122718554
45.0	0.0	2.1747653689142656
44.0	0.0	2.1899864438832934
43.0	0.0	2.2058534326917982
42.0	0.0	2.2223865201472637
41.0	0.0	2.2396364566227907
40.00000000000001	0.0	2.2576753307165363
39.0	0.0	2.276579267988152
37.99999999999999	0.0	2.2964151666567276
37.0	0.0	2.3172199360845185
36.0	0.0	2.338988385892457
35.0	0.0	2.36165419457024
34.0	0.0	2.38508125884455
33.0	0.0	2.4090504293769914
31.99999999999999	0.0	2.4332583573465256
31.0	0.0	2.457315187614325
30.000000000000004	0.0	2.480749172394057
29.00000000000001	0.0	2.5030176287188053
28.000000000000007	0.0	2.5235207794519114
27.00000000000001	0.0	2.541620207968108
25.999999999999996	0.0	2.55666365663128
25.000000000000004	0.0	2.5680092485634467
24.000000000000004	0.0	2.5750531696664556
22.999999999999993	0.0	2.577259657478811
21.999999999999996	0.0	2.5741852229446582
21.0	0.0	2.5655069091442595
20.00000000000001	0.0	2.551044782936617
19.000000000000014	0.0	2.530778082805462
18.00000000000001	0.0	2.5048596365788844
17.000000000000007	0.0	2.4736210518084025
15.999999999999995	0.0	2.437574445895315
14.999999999999996	0.0	2.3974037954589256
14.0	0.0	2.3539505186169087
12.999999999999996	0.0	2.3081944435954007
12.000000000000018	0.0	2.261224396580947
10.999999999999993	0.0	2.214209366281244
10.000000000000012	0.0	2.1683575576013845
8.999999999999984	0.0	2.124882365825529
7.999999999999981	0.0	2.08495912345801
7.000000000000025	0.0	2.0496853073171537
6.000000000000026	0.0	2.0200413223378804
4.999999999999992	0.0	1.9968587825885158
4.000000000000042	0.0	1.9807859087436777
3.0000000000000444	0.0	1.9722661898592215
1.9999999999999472	0.0	1.9715193519823266
0.9999999999999002	0.0	1.9785338609372876
0.0	0.0	1.9930628853640189
0.9999999999999002	180.0	2.014634677476188
1.9999999999999472	180.0	2.0425646839457077
3.0000000000000444	180.0	2.0759826512156385
4.000000000000042	180.0	2.1138580006867445
4.999999999999992	180.0	2.1550396216236725
6.000000000000026	180.0	2.198292780517208
6.9999999999999725	180.0	2.242344681078311
7.999999999999981	180.0	2.285927140688223
8.999999999999984	180.0	2.3278204202661463
10.000000000000012	180.0	2.366894747301781
10.999999999999993	180.0	2.402149532052724
11.999999999999988	180.0	2.4327427796925147
12.999999999999996	180.0	2.4580210791674677
14.0	180.0	2.4775345976250898
14.999999999999996	180.0	2.491050921424927
15.999999999999995	180.0	2.4985544794297776
16.99999999999999	180.0	2.500243082752981
17.999999999999986	180.0	2.4965106234948617
18.999999999999996	180.0	2.4879280433528135
19.999999999999993	180.0	2.4752144981820403
21.0	180.0	2.459203332177224
21.999999999999996	180.0	2.44080516851027
23.00000000000001	180.0	2.4209692698416942
24.000000000000004	180.0	2.4006448988320144
24.99999999999999	180.0	2.3807403718179945
26.000000000000007	180.0	2.3620884562855315
26.999999999999996	180.0	2.3454134984688952
28.000000000000007	180.0	2.33130720158175
28.999999999999996	180.0	2.3202072875920985
29.999999999999993	180.0	2.312384232920221
31.0	180.0	2.3079378081859656
31.99999999999999	180.0	2.3067982316263174
33.0	180.0	2.308736549853533
34.0	180.0	2.313380785701128
35.000000000000014	180.0	2.320241313410428
36.0	180.0	2.328735080399548
37.000000000000014	180.0	2.338219056372937
37.99999999999999	180.0	2.3480225290133534
38.99999999999999	180.0	2.3574805530914067
40.00000000000001	180.0	2.3659679762838888
40.999999999999986	180.0	2.372928851321822
42.0	180.0	2.3779023878857934
43.0	180.0	2.380543714122225
44.00000000000001	180.0	2.380641177906932
45.0	180.0	2.378120960515402
46.000000000000014	180.0	2.37305169029308
47.0	180.0	2.365636368732372
47.999999999999986	180.0	2.356200259588158
49.00000000000001	180.0	2.3451712807790916
49.99999999999999	180.0	2.3330575127449755
51.00000000000001	180.0	2.320415479463573
51.99999999999999	180.0	2.3078207363025607
53.000000000000014	180.0	2.295834997618769
53.99999999999999	180.0	2.284972687648639
55.000000000000014	180.0	2.2756697982338174
55.99999999999999	180.0	2.2682585136346063
56.999999999999986	180.0	2.262939528508272
58.00000000000001	180.0	2.2597693603157687
58.99999999999999	180.0	2.258647661728463
60.00000000000001	180.0	2.259313183666638
61.0	180.0	2.261350119096131
62.000000000000014	180.0	2.264197330368896
63.0	180.0	2.26717084086563
64.00000000000001	180.0	2.269486903347183
65.0	180.0	2.270294295646529
65.99999999999999	180.0	2.2687112300310255
67.0	180.0	2.2638622625646674
68.0	180.0	2.2549175093054843
69.00000000000001	180.0	2.241135899464433
70.0	180.0	2.2218968943885886
71.00000000000001	180.0	2.196740280467323
72.0	180.0	2.1653886607749326
73.00000000000001	180.0	2.1277751370923284
74.0	180.0	2.0840525372476018
74.99999999999999	180.0	2.0346026424565853
76.0	180.0	1.9800327270701448
77.0	180.0	1.9211628709809017
78.00000000000001	180.0	1.8590075049421055
79.0	180.0	1.7947477285459426
80.00000000000001	180.0	1.7296955542788501
81.0	180.0	1.665252961197764
82.00000000000001	180.0	1.60286921848001
83.0	180.0	1.543993018594129
83.99999999999999	180.0	1.4900234570531308
85.0	180.0	1.442266202546815
86.0	180.0	1.4018867835301658
87.00000000000001	180.0	1.3698731021523116
88.0	180.0	1.3470002550206246
89.00000000000001	180.0	1.3338068881405256
90.0	180.0	1.3305750121080009
91.00000000000001	180.0	1.3373230816041777
92.0	180.0	1.3538036885601852
92.99999999999999	180.0	1.3795156730416438
94.0	180.0	1.4137185409682962
95.0	180.0	1.4554630296796254
96.00000000000001	180.0	1.5036182132477618
97.0	180.0	1.5569153323451619
98.00000000000001	180.0	1.6139875871507896
99.0	180.0	1.6734151206353667
100.00000000000001	180.0	1.7337723086817622
101.0	180.0	1.7936710132438864
102.00000000000001	180.0	1.851804988923154
103.0	180.0	1.9069862156219566
104.0	180.0	1.9581789243619896
105.00000000000001	180.0	2.004525549179591
106.0	180.0	2.045366335224438
107.00000000000001	180.0	2.0802502962264673
108.0	180.0	2.1089392514573717
109.00000000000001	180.0	2.131402058642748
110.0	180.0	2.1478053866215325
111.00000000000001	180.0	2.158492377120947
112.0	180.0	2.1639624599490164
113.0	180.0	2.1648402107201625
114.00000000000001	180.0	2.161845938707159
115.0	180.0	2.155761661022802
116.00000000000001	180.0	2.1473982302191477
117.0	180.0	2.1375636153043285
118.00000000000001	180.0	2.1270334895945004
119.0	180.0	2.116525855527298
120.00000000000001	180.0	2.1066756694752766
121.0	180.0	2.0980244609877845
122.0	180.0	2.091004761653756
123.00000000000001	180.0	2.0859360681402186
124.0	180.0	2.083025995609862
125.00000000000001	180.0	2.0823771982264585
126.0	180.0	2.083993136242721
127.00000000000001	180.0	2.0877976840989967
128.0	180.0	2.0936478180165436
129.00000000000003	180.0	2.1013543775138013
130.0	180.0	2.110701673505087
131.0	180.0	2.121464212855369
132.0	180.0	2.13342572977018
133.0	180.0	2.1463941802240325
134.0	180.0	2.160212122718554
135.0	180.0	2.1747653689142656
136.0	180.0	2.1899864438832934
137.0	180.0	2.2058534326917982
138.00000000000003	180.0	2.2223865201472637
139.0	180.0	2.2396364566227907
140.0	180.0	2.2576753307165363
140.99999999999997	180.0	2.276579267988152
142.00000000000003	180.0	2.2964151666567276
143.0	180.0	2.3172199360845185
144.0	180.0	2.338988385892457
145.0	180.0	2.36165419457024
146.00000000000003	180.0	2.38508125884455
147.00000000000003	180.0	2.4090504293769914
148.0	180.0	2.4332583573465256
149.0	180.0	2.457315187614325
149.99999999999997	180.0	2.480749172394057
151.00000000000003	180.0	2.5030176287188053
152.0	180.0	2.5235207794519114
153.0	180.0	2.541620207968108
154.0	180.0	2.55666365663128
155.00000000000003	180.0	2.5680092485634467
156.00000000000003	180.0	2.5750531696664556
157.0	180.0	2.577259657478811
158.0	180.0	2.5741852229446582
158.99999999999997	180.0	2.5655069091442595
160.00000000000003	180.0	2.551044782936617
161.0	180.0	2.530778082805462
162.0	180.0	2.5048596365788844
163.0	180.0	2.4736210518084025
164.00000000000003	180.0	2.437574445895315
165.00000000000003	180.0	2.3974037954589256
166.0	180.0	2.3539505186169087
167.0	180.0	2.3081944435954007
167.99999999999997	180.0	2.261224396580947
169.00000000000003	180.0	2.214209366281244
169.99999999999997	180.0	2.1683575576013845
170.99999999999997	180.0	2.124882365825529
172.0	180.0	2.08495912345801
173.00000000000003	180.0	2.0496853073171537
174.00000000000003	180.0	2.0200413223378804
175.0	180.0	1.9968587825885158
175.99999999999997	180.0	1.9807859087436777
176.99999999999994	180.0	1.9722661898592215
178.00000000000006	180.0	1.9715193519823266
179.0000000000001	180.0	1.9785338609372876
180.0	180.0	1.9930628853640189
179.0000000000001	0.0	2.014634677476188
178.00000000000006	0.0	2.0425646839457077
176.99999999999994	0.0	2.0759826512156385
176.00000000000006	0.0	2.1138580006867445
175.0	0.0	2.1550396216236725
174.00000000000003	0.0	2.198292780517208
172.99999999999997	0.0	2.242344681078311
172.0	0.0	2.285927140688223
171.00000000000003	0.0	2.3278204202661463
170.00000000000003	0.0	2.366894747301781
168.99999999999997	0.0	2.402149532052724
167.99999999999997	0.0	2.4327427796925147
167.00000000000003	0.0	2.4580210791674677
166.00000000000003	0.0	2.4775345976250898
165.00000000000003	0.0	2.491050921424927
163.99999999999997	0.0	2.4985544794297776
163.0	0.0	2.500243082752981
162.00000000000003	0.0	2.4965106234948617
161.00000000000003	0.0	2.4879280433528135
160.0	0.0	2.4752144981820403
159.0	0.0	2.459203332177224
158.00000000000003	0.0	2.44080516851027
157.00000000000003	0.0	2.4209692698416942
156.00000000000003	0.0	2.4006448988320144
154.99999999999997	0.0	2.3807403718179945
154.0	0.0	2.3620884562855315
153.00000000000003	0.0	2.3454134984688952
152.0	0.0	2.33130720158175
150.99999999999997	0.0	2.3202072875920985
150.0	0.0	2.312384232920221
149.0	0.0	2.3079378081859656
148.0	0.0	2.3067982316263174
147.00000000000003	0.0	2.308736549853533
146.0	0.0	2.313380785701128
145.0	0.0	2.320241313410428
144.00000000000003	0.0	2.328735080399548
143.0	0.0	2.338219056372937
142.0	0.0	2.3480225290133534
140.99999999999997	0.0	2.3574805530914067
140.00000000000003	0.0	2.3659679762838888
139.00000000000003	0.0	2.372928851321822
138.00000000000003	0.0	2.3779023878857934
137.0	0.0	2.380543714122225
136.0	0.0	2.380641177906932
135.00000000000003	0.0	2.378120960515402
134.00000000000003	0.0	2.37305169029308
132.99999999999997	0.0	2.365636368732372
131.99999999999997	0.0	2.356200259588158
131.00000000000003	0.0	2.3451712807790916
130.00000000000003	0.0	2.3330575127449755
129.00000000000003	0.0	2.320415479463573
128.0	0.0	2.3078207363025607
126.99999999999999	0.0	2.295834997618769
126.00000000000003	0.0	2.284972687648639
125.00000000000004	0.0	2.2756697982338174
123.99999999999997	0.0	2.2682585136346063
122.99999999999999	0.0	2.262939528508272
122.0	0.0	2.2597693603157687
121.0	0.0	2.258647661728463
120.00000000000001	0.0	2.259313183666638
119.0	0.0	2.261350119096131
118.00000000000001	0.0	2.264197330368896
117.00000000000003	0.0	2.26717084086563
116.00000000000004	0.0	2.269486903347183
115.0	0.0	2.270294295646529
114.00000000000001	0.0	2.2687112300310255
113.00000000000001	0.0	2.2638622625646674
112.00000000000003	0.0	2.2549175093054843
111.00000000000004	0.0	2.241135899464433
110.0	0.0	2.2218968943885886
109.00000000000001	0.0	2.196740280467323
108.00000000000003	0.0	2.1653886607749326
107.00000000000004	0.0	2.1277751370923284
106.0	0.0	2.0840525372476018
105.0	0.0	2.0346026424565853
104.00000000000001	0.0	1.9800327270701448
103.00000000000001	0.0	1.9211628709809017
102.00000000000003	0.0	1.8590075049421055
100.99999999999999	0.0	1.7947477285459426
100.0	0.0	1.7296955542788501
99.00000000000001	0.0	1.665252961197764
98.00000000000003	0.0	1.60286921848001
96.99999999999999	0.0	1.543993018594129
96.0	0.0	1.4900234570531308
95.0	0.0	1.442266202546815
94.00000000000001	0.0	1.4018867835301658
93.00000000000003	0.0	1.3698731021523116
91.99999999999999	0.0	1.3470002550206246
91.0	0.0	1.3338068881405256
90.0	90.0	1.2897394164422211
89.0	90.0	1.2930358838586937
88.0	90.0	1.2965301623885062
87.00000000000001	90.0	1.3001392059665828
86.0	90.0	1.3038272586482382
85.0	90.0	1.3076058546091773
84.0	90.0	1.3115286277664286
83.0	90.0	1.3156890049432015
82.0	90.0	1.3202063648580424
81.0	90.0	1.325222577872122
80.0	90.0	1.3308841280168933
79.0	90.0	1.337335769197453
78.00000000000001	90.0	1.3447055307641262
77.0	90.0	1.3530960668806868
76.0	90.0	1.362572545639868
75.0	90.0	1.3731563052667237
74.0	90.0	1.384820240448347
73.0	90.0	1.3974841886635891
72.0	90.0	1.411018967144554
71.0	90.0	1.4252463728766014
70.0	90.0	1.439948986647692
69.00000000000001	90.0	1.4548782469713848
68.0	90.0	1.4697682910976808
67.0	90.0	1.484349219315084
66.0	90.0	1.4983649729229458
65.0	90.0	1.5115860218247363
64.0	90.0	1.523831279461889
63.0	90.0	1.5349790602807163
62.0	90.0	1.544984380995969
61.0	90.0	1.553887034513829
60.00000000000001	90.0	1.5618248542339705
59.00000000000001	90.0	1.5690319839232043
58.00000000000001	90.0	1.5758457982208993
57.00000000000001	90.0	1.5826970985896354
55.99999999999999	90.0	1.5901049229361348
55.00000000000001	90.0	1.5986627046004172
54.0	90.0	1.6090209710922414
53.00000000000001	90.0	1.6218636990309099
52.0	90.0	1.6378892827553575
51.00000000000001	90.0	1.6577799687585315
50.00000000000001	90.0	1.6821753270832709
49.00000000000001	90.0	1.7116457227181852
48.0	90.0	1.7466634801583916
47.0	90.0	1.7875769315101797
46.00000000000001	90.0	1.834590231683527
45.0	90.0	1.8877443270021856
44.0	90.0	1.9469002306489112
43.0	90.0	2.0117338322863954
42.0	90.0	2.0817330145133375
41.0	90.0	2.156198806282019
40.00000000000001	90.0	2.2342574937827906
39.0	90.0	2.3148773449988442
37.99999999999999	90.0	2.3968887945137
37.0	90.0	2.479012125532893
36.0	90.0	2.5598903422847377
35.0	90.0	2.6381226191298683
34.0	90.0	2.7123023633410672
33.0	90.0	2.7810558545918758
31.99999999999999	90.0	2.843080307736421
31.0	90.0	2.897181358880456
30.000000000000004	90.0	2.9423070911996887
29.00000000000001	90.0	2.9775797539229747
28.000000000000007	90.0	3.002318830683721
27.00000000000001	90.0	3.016065261288872
25.999999999999996	90.0	3.0185929758946104
25.000000000000004	90.0	3.0099163922205667
24.000000000000004	90.0	2.9902909922586067
22.999999999999993	90.0	2.9602069784761893
21.999999999999996	90.0	2.92037485609674
21.0	90.0	2.8717087085448743
20.00000000000001	90.0	2.81529736200714
19.000000000000014	90.0	2.7523772801191058
18.00000000000001	90.0	2.6843002682733923
17.000000000000007	90.0	2.6124936807134853
15.999999999999995	90.0	2.538429854968121
14.999999999999996	90.0	2.4635822819836055
14.0	90.0	2.3893950405581985
12.999999999999996	90.0	2.317245311271069
12.000000000000018	90.0	2.248415694460608
10.999999999999993	90.0	2.1840659514939467
10.000000000000012	90.0	2.1252105131243346
8.999999999999984	90.0	2.072703485062723
7.999999999999981	90.0	2.0272265370932745
7.000000000000025	90.0	1.9892825592767238
6.000000000000026	90.0	1.9591968153679509
4.999999999999992	90.0	1.9371209797774755
4.000000000000042	90.0	1.9230429416208075
3.0000000000000444	90.0	1.9167983388941512
1.9999999999999472	90.0	1.9180913199906753
0.9999999999999002	90.0	1.926509538128928
0.0	90.0	1.9415466429954622
0.9999999999999002	270.0	1.9626236189698893
1.9999999999999472	270.0	1.9891083932235791
3.0000000000000444	270.0	2.0203383273622824
4.000000000000042	270.0	2.055635788563334
4.999999999999992	270.0	2.0943260275479942
6.000000000000026	270.0	2.1357510195922966
6.9999999999999725	270.0	2.1792781151588247
7.999999999999981	270.0	2.2243092672372775
8.999999999999984	270.0	2.2702850683059648
10.000000000000012	270.0	2.3166853270405943
10.999999999999993	270.0	2.363030798440625
11.999999999999988	270.0	2.4088774167414173
12.999999999999996	270.0	2.4538134118703043
14.0	270.0	2.4974535423587407
14.999999999999996	270.0	2.539433328254451
15.999999999999995	270.0	2.57940386074236
16.99999999999999	270.0	2.6170243049303865
17.999999999999986	270.0	2.651961899849444
18.999999999999996	270.0	2.683885037948014
19.999999999999993	270.0	2.7124678787624332
21.0	270.0	2.7373874653729624
21.999999999999996	270.0	2.758329491491642
23.00000000000001	270.0	2.774992915132573
24.000000000000004	270.0	2.787099185952481
24.99999999999999	270.0	2.7943974356297834
26.000000000000007	270.0	2.7966748586227244
26.999999999999996	270.0	2.793768823053864
28.000000000000007	270.0	2.7855743679242875
28.999999999999996	270.0	2.772054007162953
29.999999999999993	270.0	2.7532440734233323
31.0	270.0	2.729263368715186
31.99999999999999	270.0	2.70031489453092
33.0	270.0	2.6666870052631593
34.0	270.0	2.628752831495958
35.000000000000014	270.0	2.58696451291695
36.0	270.0	2.541846277811925
37.000000000000014	270.0	2.4939823321803383
37.99999999999999	270.0	2.4440064789771765
38.99999999999999	270.0	2.392584240140615
40.00000000000001	270.0	2.3403972854548156
40.999999999999986	270.0	2.2881238244512296
42.0	270.0	2.236423611980179
43.0	270.0	2.185915456568234
44.00000000000001	270.0	2.137163956116152
45.0	270.0	2.090659889800178
46.000000000000014	270.0	2.0468121441490528
47.0	270.0	2.0059321419068086
47.999999999999986	270.0	1.9682309584888475
49.00000000000001	270.0	1.9338118247677274
49.99999999999999	270.0	1.9026741640346636
51.00000000000001	270.0	1.8747135919995264
51.99999999999999	270.0	1.8497334509665464
53.000000000000014	270.0	1.8274505769221674
53.99999999999999	270.0	1.8075137542161732
55.000000000000014	270.0	1.7895164031549657
55.99999999999999	270.0	1.7730156113914746
56.999999999999986	270.0	1.7575494351887169
58.00000000000001	270.0	1.7426570842272797
58.99999999999999	270.0	1.7278985297040201
60.00000000000001	270.0	1.7128677686341238
61.0	270.0	1.6972124319498048
62.000000000000014	270.0	1.6806435885496545
63.0	270.0	1.6629472794743456
64.00000000000001	270.0	1.6439908617032724
65.0	270.0	1.6237270451160433
65.99999999999999	270.0	1.602190432239774
67.0	270.0	1.5794975182490842
68.0	270.0	1.5558368869167496
69.00000000000001	270.0	1.5314605599819235
70.0	270.0	1.5066701561392897
71.00000000000001	270.0	1.4818047801545737
72.0	270.0	1.4572231448921997
73.00000000000001	270.0	1.433291460430799
74.0	270.0	1.410362672546943
74.99999999999999	270.0	1.3887672353745786
76.0	270.0	1.3687963868502553
77.0	270.0	1.3506917679549915
78.00000000000001	270.0	1.3346396556264226
79.0	270.0	1.32076115870945
80.00000000000001	270.0	1.3091127946650283
81.0	270.0	1.2996859128613785
82.00000000000001	270.0	1.2924107315354858
83.0	270.0	1.2871621048809516
83.99999999999999	270.0	1.2837681736797721
85.0	270.0	1.2820207460604731
86.0	270.0	1.2816891385089562
87.00000000000001	270.0	1.2825294032090613
88.0	270.0	1.2842993224709847
89.00000000000001	270.0	1.2867705196157686
90.0	270.0	1.2897394164422211
91.00000000000001	270.0	1.2930358838586937
92.0	270.0	1.2965301623885062
92.99999999999999	270.0	1.3001392059665828
94.0	270.0	1.3038272586482382
95.0	270.0	1.3076058546091773
96.00000000000001	270.0	1.3115286277664286
97.0	270.0	1.3156890049432015
98.00000000000001	270.0	1.3202063648580424
99.0	270.0	1.325222577872122
100.00000000000001	270.0	1.3308841280168933
101.0	270.0	1.337335769197453
102.00000000000001	270.0	1.3447055307641262
103.0	270.0	1.3530960668806868
104.0	270.0	1.362572545639868
105.00000000000001	270.0	1.3731563052667237
106.0	270.0	1.384820240448347
107.00000000000001	270.0	1.3974841886635891
108.0	270.0	1.411018967144554
109.00000000000001	270.0	1.4252463728766014
110.0	270.0	1.439948986647692
111.00000000000001	270.0	1.4548782469713848
112.0	270.0	1.4697682910976808
113.0	270.0	1.484349219315084
114.00000000000001	270.0	1.4983649729229458
115.0	270.0	1.5115860218247363
116.00000000000001	270.0	1.523831279461889
117.0	270.0	1.5349790602807163
118.00000000000001	270.0	1.544984380995969
119.0	270.0	1.553887034513829
120.00000000000001	270.0	1.5618248542339705
121.0	270.0	1.5690319839232043
122.0	270.0	1.5758457982208993
123.00000000000001	270.0	1.5826970985896354
124.0	270.0	1.5901049229361348
125.00000000000001	270.0	1.5986627046004172
126.0	270.0	1.6090209710922414
127.00000000000001	270.0	1.6218636990309099
128.0	270.0	1.6378892827553575
129.00000000000003	270.0	1.6577799687585315
130.0	270.0	1.6821753270832709
131.0	270.0	1.7116457227181852
132.0	270.0	1.7466634801583916
133.0	270.0	1.7875769315101797
134.0	270.0	1.834590231683527
135.0	270.0	1.8877443270021856
136.0	270.0	1.9469002306489112
137.0	270.0	2.0117338322863954
138.00000000000003	270.0	2.0817330145133375
139.0	270.0	2.156198806282019
140.0	270.0	2.2342574937827906
140.99999999999997	270.0	2.3148773449988442
142.00000000000003	270.0	2.3968887945137
143.0	270.0	2.479012125532893
144.0	270.0	2.5598903422847377
145.0	270.0	2.6381226191298683
146.00000000000003	270.0	2.7123023633410672
147.00000000000003	270.0	2.7810558545918758
148.0	270.0	2.843080307736421
149.0	270.0	2.897181358880456
149.99999999999997	270.0	2.9423070911996887
151.00000000000003	270.0	2.9775797539229747
152.0	270.0	3.002318830683721
153.0	270.0	3.016065261288872
154.0	270.0	3.0185929758946104
155.00000000000003	270.0	3.0099163922205667
156.00000000000003	270.0	2.9902909922586067
157.0	270.0	2.9602069784761893
158.0	270.0	2.92037485609674
158.99999999999997	270.0	2.8717087085448743
160.00000000000003	270.0	2.81529736200714
161.0	270.0	2.7523772801191058
162.0	270.0	2.6843002682733923
163.0	270.0	2.6124936807134853
164.00000000000003	270.0	2.538429854968121
165.00000000000003	270.0	2.4635822819836055
166.0	270.0	2.3893950405581985
167.0	270.0	2.317245311271069
167.99999999999997	270.0	2.248415694460608
169.00000000000003	270.0	2.1840659514939467
169.99999999999997	270.0	2.1252105131243346
170.99999999999997	270.0	2.072703485062723
172.0	270.0	2.0272265370932745
173.00000000000003	270.0	1.9892825592767238
174.00000000000003	270.0	1.9591968153679509
175.0	270.0	1.9371209797774755
175.99999999999997	270.0	1.9230429416208075
176.99999999999994	270.0	1.9167983388941512
178.00000000000006	270.0	1.9180913199906753
179.0000000000001	270.0	1.926509538128928
180.0	270.0	1.9415466429954622
179.0000000000001	90.0	1.9626236189698893
178.00000000000006	90.0	1.9891083932235791
176.99999999999994	90.0	2.0203383273622824
176.00000000000006	90.0	2.055635788563334
175.0	90.0	2.0943260275479942
174.00000000000003	90.0	2.1357510195922966
172.99999999999997	90.0	2.1792781151588247
172.0	90.0	2.2243092672372775
171.00000000000003	90.0	2.2702850683059648
170.00000000000003	90.0	2.3166853270405943
168.99999999999997	90.0	2.363030798440625
167.99999999999997	90.0	2.4088774167414173
167.00000000000003	90.0	2.4538134118703043
166.00000000000003	90.0	2.4974535423587407
165.00000000000003	90.0	2.539433328254451
163.99999999999997	90.0	2.57940386074236
163.0	90.0	2.6170243049303865
162.00000000000003	90.0	2.651961899849444
161.00000000000003	90.0	2.683885037948014
160.0	90.0	2.7124678787624332
159.0	90.0	2.7373874653729624
158.00000000000003	90.0	2.758329491491642
157.00000000000003	90.0	2.774992915132573
156.00000000000003	90.0	2.787099185952481
154.99999999999997	90.0	2.7943974356297834
154.0	90.0	2.7966748586227244
153.00000000000003	90.0	2.793768823053864
152.0	90.0	2.7855743679242875
150.99999999999997	90.0	2.772054007162953
150.0	90.0	2.7532440734233323
149.0	90.0	2.729263368715186
148.0	90.0	2.70031489453092
147.00000000000003	90.0	2.6666870052631593
146.0	90.0	2.628752831495958
145.0	90.0	2.58696451291695
144.00000000000003	90.0	2.541846277811925
143.0	90.0	2.4939823321803383
142.0	90.0	2.4440064789771765
140.99999999999997	90.0	2.392584240140615
140.00000000000003	90.0	2.3403972854548156
139.00000000000003	90.0	2.2881238244512296
138.00000000000003	90.0	2.236423611980179
137.0	90.0	2.185915456568234
136.0	90.0	2.137163956116152
135.00000000000003	90.0	2.090659889800178
134.00000000000003	90.0	2.0468121441490528
132.99999999999997	90.0	2.0059321419068086
131.99999999999997	90.0	1.9682309584888475
131.00000000000003	90.0	1.9338118247677274
130.00000000000003	90.0	1.9026741640346636
129.00000000000003	90.0	1.8747135919995264
128.0	90.0	1.8497334509665464
126.99999999999999	90.0	1.8274505769221674
126.00000000000003	90.0	1.8075137542161732
125.00000000000004	90.0	1.7895164031549657
123.99999999999997	90.0	1.7730156113914746
122.99999999999999	90.0	1.7575494351887169
122.0	90.0	1.7426570842272797
121.0	90.0	1.7278985297040201
120.00000000000001	90.0	1.7128677686341238
119.0	90.0	1.6972124319498048
118.00000000000001	90.0	1.6806435885496545
117.00000000000003	90.0	1.6629472794743456
116.00000000000004	90.0	1.6439908617032724
115.0	90.0	1.6237270451160433
114.00000000000001	90.0	1.602190432239774
113.00000000000001	90.0	1.5794975182490842
112.00000000000003	90.0	1.5558368869167496
111.00000000000004	90.0	1.5314605599819235
110.0	90.0	1.5066701561392897
109.00000000000001	90.0	1.4818047801545737
108.00000000000003	90.0	1.4572231448921997
107.00000000000004	90.0	1.433291460430799
106.0	90.0	1.410362672546943
105.0	90.0	1.3887672353745786
104.00000000000001	90.0	1.3687963868502553
103.00000000000001	90.0	1.3506917679549915
102.00000000000003	90.0	1.3346396556264226
100.99999999999999	90.0	1.32076115870945
100.0	90.0	1.3091127946650283
99.00000000000001	90.0	1.2996859128613785
98.00000000000003	90.0	1.2924107315354858
96.99999999999999	90.0	1.2871621048809516
96.0	90.0	1.2837681736797721
95.0	90.0	1.2820207460604731
94.00000000000001	90.0	1.2816891385089562
93.00000000000003	90.0	1.2825294032090613
91.99999999999999	90.0	1.2842993224709847
91.0	90.0	1.2867705196157686
