Polar Angle 	 Azimuth Angle 	 Intensity 
90.0	0.0	387.5324
89.0	0.0	387.717
88.0	0.0	389.1221
87.00000000000001	0.0	391.7179
86.0	0.0	395.4555
85.0	0.0	400.2673
84.0	0.0	406.0671
83.0	0.0	412.7507
82.0	0.0	420.1968
81.0	0.0	428.2679
80.0	0.0	436.8123
79.0	0.0	445.6653
78.00000000000001	0.0	454.6522
77.0	0.0	463.5905
76.0	0.0	472.2929
75.0	0.0	480.571
74.0	0.0	488.2388
73.0	0.0	495.1161
72.0	0.0	501.0334
71.0	0.0	505.8347
70.0	0.0	509.3823
69.00000000000001	0.0	511.5598
68.0	0.0	512.2756
67.0	0.0	511.4655
66.0	0.0	509.0953
65.0	0.0	505.1616
64.0	0.0	499.6933
63.0	0.0	492.7509
62.0	0.0	484.4259
61.0	0.0	474.839
60.00000000000001	0.0	464.1372
59.00000000000001	0.0	452.4907
58.00000000000001	0.0	440.0885
57.00000000000001	0.0	427.1339
55.99999999999999	0.0	413.8391
55.00000000000001	0.0	400.42
54.0	0.0	387.0903
53.00000000000001	0.0	374.0563
52.0	0.0	361.5109
51.00000000000001	0.0	349.6296
50.00000000000001	0.0	338.5652
49.00000000000001	0.0	328.4447
48.0	0.0	319.366
47.0	0.0	311.3965
46.00000000000001	0.0	304.5715
45.0	0.0	298.8949
44.0	0.0	294.3399
43.0	0.0	290.851
42.0	0.0	288.3473
41.0	0.0	286.7259
40.00000000000001	0.0	285.8662
39.0	0.0	285.6352
37.99999999999999	0.0	285.8921
37.0	0.0	286.4937
36.0	0.0	287.2998
35.0	0.0	288.1778
34.0	0.0	289.0075
33.0	0.0	289.6846
31.99999999999999	0.0	290.1239
31.0	0.0	290.2618
30.000000000000004	0.0	290.0576
29.00000000000001	0.0	289.4938
28.000000000000007	0.0	288.5758
27.00000000000001	0.0	287.3303
25.999999999999996	0.0	285.8033
25.000000000000004	0.0	284.0572
24.000000000000004	0.0	282.1668
22.999999999999993	0.0	280.2162
21.999999999999996	0.0	278.2938
21.0	0.0	276.4886
20.00000000000001	0.0	274.8854
19.000000000000014	0.0	273.5618
18.00000000000001	0.0	272.5838
17.000000000000007	0.0	272.0036
15.999999999999995	0.0	271.8571
14.999999999999996	0.0	272.1622
14.0	0.0	272.9188
12.999999999999996	0.0	274.1085
12.000000000000018	0.0	275.6957
10.999999999999993	0.0	277.6297
10.000000000000012	0.0	279.8465
8.999999999999984	0.0	282.2725
7.999999999999981	0.0	284.8274
7.000000000000025	0.0	287.4283
6.000000000000026	0.0	289.9928
4.999999999999992	0.0	292.4435
4.000000000000042	0.0	294.7106
3.0000000000000444	0.0	296.7356
1.9999999999999472	0.0	298.4737
0.9999999999999002	0.0	299.8954
0.0	0.0	300.9878
0.9999999999999002	180.0	301.7553
1.9999999999999472	180.0	302.2187
3.0000000000000444	180.0	302.4146
4.000000000000042	180.0	302.393
4.999999999999992	180.0	302.2151
6.000000000000026	180.0	301.9505
6.9999999999999725	180.0	301.6732
7.999999999999981	180.0	301.4585
8.999999999999984	180.0	301.379
10.000000000000012	180.0	301.5011
10.999999999999993	180.0	301.8818
11.999999999999988	180.0	302.5655
12.999999999999996	180.0	303.5818
14.0	180.0	304.9436
14.999999999999996	180.0	306.6466
15.999999999999995	180.0	308.6686
16.99999999999999	180.0	310.9705
17.999999999999986	180.0	313.4977
18.999999999999996	180.0	316.1823
19.999999999999993	180.0	318.9461
21.0	180.0	321.7041
21.999999999999996	180.0	324.368
23.00000000000001	180.0	326.851
24.000000000000004	180.0	329.0715
24.99999999999999	180.0	330.9574
26.000000000000007	180.0	332.45
26.999999999999996	180.0	333.5078
28.000000000000007	180.0	334.1086
28.999999999999996	180.0	334.2523
29.999999999999993	180.0	333.962
31.0	180.0	333.2845
31.99999999999999	180.0	332.2897
33.0	180.0	331.0692
34.0	180.0	329.7339
35.000000000000014	180.0	328.4113
36.0	180.0	327.241
37.000000000000014	180.0	326.3707
37.99999999999999	180.0	325.9508
38.99999999999999	180.0	326.13
40.00000000000001	180.0	327.0493
40.999999999999986	180.0	328.8373
42.0	180.0	331.6053
43.0	180.0	335.4428
44.00000000000001	180.0	340.4138
45.0	180.0	346.5539
46.000000000000014	180.0	353.868
47.0	180.0	362.3295
47.999999999999986	180.0	371.8796
49.00000000000001	180.0	382.4284
49.99999999999999	180.0	393.8568
51.00000000000001	180.0	406.0188
51.99999999999999	180.0	418.7453
53.000000000000014	180.0	431.8481
53.99999999999999	180.0	445.1246
55.000000000000014	180.0	458.3632
55.99999999999999	180.0	471.3484
56.999999999999986	180.0	483.8662
58.00000000000001	180.0	495.7097
58.99999999999999	180.0	506.6838
60.00000000000001	180.0	516.6099
61.0	180.0	525.3304
62.000000000000014	180.0	532.7114
63.0	180.0	538.6463
64.00000000000001	180.0	543.0569
65.0	180.0	545.8953
65.99999999999999	180.0	547.1438
67.0	180.0	546.8146
68.0	180.0	544.949
69.00000000000001	180.0	541.6151
70.0	180.0	536.906
71.00000000000001	180.0	530.9371
72.0	180.0	523.8426
73.00000000000001	180.0	515.7726
74.0	180.0	506.8895
74.99999999999999	180.0	497.3645
76.0	180.0	487.3744
77.0	180.0	477.0983
78.00000000000001	180.0	466.7144
79.0	180.0	456.3974
80.00000000000001	180.0	446.3158
81.0	180.0	436.63
82.00000000000001	180.0	427.4899
83.0	180.0	419.0337
83.99999999999999	180.0	411.386
85.0	180.0	404.6573
86.0	180.0	398.9423
87.00000000000001	180.0	394.3195
88.0	180.0	390.8505
89.00000000000001	180.0	388.5795
90.0	180.0	387.5324
91.00000000000001	180.0	387.717
92.0	180.0	389.1221
92.99999999999999	180.0	391.7179
94.0	180.0	395.4555
95.0	180.0	400.2673
96.00000000000001	180.0	406.0671
97.0	180.0	412.7507
98.00000000000001	180.0	420.1968
99.0	180.0	428.2679
100.00000000000001	180.0	436.8123
101.0	180.0	445.6653
102.00000000000001	180.0	454.6522
103.0	180.0	463.5905
104.0	180.0	472.2929
105.00000000000001	180.0	480.571
106.0	180.0	488.2388
107.00000000000001	180.0	495.1161
108.0	180.0	501.0334
109.00000000000001	180.0	505.8347
110.0	180.0	509.3823
111.00000000000001	180.0	511.5598
112.0	180.0	512.2756
113.0	180.0	511.4655
114.00000000000001	180.0	509.0953
115.0	180.0	505.1616
116.00000000000001	180.0	499.6933
117.0	180.0	492.7509
118.00000000000001	180.0	484.4259
119.0	180.0	474.839
120.00000000000001	180.0	464.1372
121.0	180.0	452.4907
122.0	180.0	440.0885
123.00000000000001	180.0	427.1339
124.0	180.0	413.8391
125.00000000000001	180.0	400.42
126.0	180.0	387.0903
127.00000000000001	180.0	374.0563
128.0	180.0	361.5109
129.00000000000003	180.0	349.6296
130.0	180.0	338.5652
131.0	180.0	328.4447
132.0	180.0	319.366
133.0	180.0	311.3965
134.0	180.0	304.5715
135.0	180.0	298.8949
136.0	180.0	294.3399
137.0	180.0	290.851
138.00000000000003	180.0	288.3473
139.0	180.0	286.7259
140.0	180.0	285.8662
140.99999999999997	180.0	285.6352
142.00000000000003	180.0	285.8921
143.0	180.0	286.4937
144.0	180.0	287.2998
145.0	180.0	288.1778
146.00000000000003	180.0	289.0075
147.00000000000003	180.0	289.6846
148.0	180.0	290.1239
149.0	180.0	290.2618
149.99999999999997	180.0	290.0576
151.00000000000003	180.0	289.4938
152.0	180.0	288.5758
153.0	180.0	287.3303
154.0	180.0	285.8033
155.00000000000003	180.0	284.0572
156.00000000000003	180.0	282.1668
157.0	180.0	280.2162
158.0	180.0	278.2938
158.99999999999997	180.0	276.4886
160.00000000000003	180.0	274.8854
161.0	180.0	273.5618
162.0	180.0	272.5838
163.0	180.0	272.0036
164.00000000000003	180.0	271.8571
165.00000000000003	180.0	272.1622
166.0	180.0	272.9188
167.0	180.0	274.1085
167.99999999999997	180.0	275.6957
169.00000000000003	180.0	277.6297
169.99999999999997	180.0	279.8465
170.99999999999997	180.0	282.2725
172.0	180.0	284.8274
173.00000000000003	180.0	287.4283
174.00000000000003	180.0	289.9928
175.0	180.0	292.4435
175.99999999999997	180.0	294.7106
176.99999999999994	180.0	296.7356
178.00000000000006	180.0	298.4737
179.0000000000001	180.0	299.8954
180.0	180.0	300.9878
179.0000000000001	0.0	301.7553
178.00000000000006	0.0	302.2187
176.99999999999994	0.0	302.4146
176.00000000000006	0.0	302.393
175.0	0.0	302.2151
174.00000000000003	0.0	301.9505
172.99999999999997	0.0	301.6732
172.0	0.0	301.4585
171.00000000000003	0.0	301.379
170.00000000000003	0.0	301.5011
168.99999999999997	0.0	301.8818
167.99999999999997	0.0	302.5655
167.00000000000003	0.0	303.5818
166.00000000000003	0.0	304.9436
165.00000000000003	0.0	306.6466
163.99999999999997	0.0	308.6686
163.0	0.0	310.9705
162.00000000000003	0.0	313.4977
161.00000000000003	0.0	316.1823
160.0	0.0	318.9461
159.0	0.0	321.7041
158.00000000000003	0.0	324.368
157.00000000000003	0.0	326.851
156.00000000000003	0.0	329.0715
154.99999999999997	0.0	330.9574
154.0	0.0	332.45
153.00000000000003	0.0	333.5078
152.0	0.0	334.1086
150.99999999999997	0.0	334.2523
150.0	0.0	333.962
149.0	0.0	333.2845
148.0	0.0	332.2897
147.00000000000003	0.0	331.0692
146.0	0.0	329.7339
145.0	0.0	328.4113
144.00000000000003	0.0	327.241
143.0	0.0	326.3707
142.0	0.0	325.9508
140.99999999999997	0.0	326.13
140.00000000000003	0.0	327.0493
139.00000000000003	0.0	328.8373
138.00000000000003	0.0	331.6053
137.0	0.0	335.4428
136.0	0.0	340.4138
135.00000000000003	0.0	346.5539
134.00000000000003	0.0	353.868
132.99999999999997	0.0	362.3295
131.99999999999997	0.0	371.8796
131.00000000000003	0.0	382.4284
130.00000000000003	0.0	393.8568
129.00000000000003	0.0	406.0188
128.0	0.0	418.7453
126.99999999999999	0.0	431.8481
126.00000000000003	0.0	445.1246
125.00000000000004	0.0	458.3632
123.99999999999997	0.0	471.3484
122.99999999999999	0.0	483.8662
122.0	0.0	495.7097
121.0	0.0	506.6838
120.00000000000001	0.0	516.6099
119.0	0.0	525.3304
118.00000000000001	0.0	532.7114
117.00000000000003	0.0	538.6463
116.00000000000004	0.0	543.0569
115.0	0.0	545.8953
114.00000000000001	0.0	547.1438
113.00000000000001	0.0	546.8146
112.00000000000003	0.0	544.949
111.00000000000004	0.0	541.6151
110.0	0.0	536.906
109.00000000000001	0.0	530.9371
108.00000000000003	0.0	523.8426
107.00000000000004	0.0	515.7726
106.0	0.0	506.8895
105.0	0.0	497.3645
104.00000000000001	0.0	487.3744
103.00000000000001	0.0	477.0983
102.00000000000003	0.0	466.7144
100.99999999999999	0.0	456.3974
100.0	0.0	446.3158
99.00000000000001	0.0	436.63
98.00000000000003	0.0	427.4899
96.99999999999999	0.0	419.0337
96.0	0.0	411.386
95.0	0.0	404.6573
94.00000000000001	0.0	398.9423
93.00000000000003	0.0	394.3195
91.99999999999999	0.0	390.8505
91.0	0.0	388.5795
90.0	90.0	780.9054
89.0	90.0	780.2708
88.0	90.0	779.3766
87.00000000000001	90.0	778.2478
86.0	90.0	776.9113
85.0	90.0	775.3937
84.0	90.0	773.7191
83.0	90.0	771.9066
82.0	90.0	769.968
81.0	90.0	767.9057
80.0	90.0	765.711
79.0	90.0	763.3622
78.00000000000001	90.0	760.8244
77.0	90.0	758.0491
76.0	90.0	754.9745
75.0	90.0	751.5269
74.0	90.0	747.6228
73.0	90.0	743.1711
72.0	90.0	738.0766
71.0	90.0	732.2435
70.0	90.0	725.5797
69.00000000000001	90.0	718.0005
68.0	90.0	709.4331
67.0	90.0	699.8209
66.0	90.0	689.1265
65.0	90.0	677.3357
64.0	90.0	664.4595
63.0	90.0	650.5358
62.0	90.0	635.6306
61.0	90.0	619.8374
60.00000000000001	90.0	603.2763
59.00000000000001	90.0	586.0916
58.00000000000001	90.0	568.4489
57.00000000000001	90.0	550.5309
55.99999999999999	90.0	532.5326
55.00000000000001	90.0	514.6563
54.0	90.0	497.1055
53.00000000000001	90.0	480.0792
52.0	90.0	463.7657
51.00000000000001	90.0	448.3375
50.00000000000001	90.0	433.9456
49.00000000000001	90.0	420.7152
48.0	90.0	408.7418
47.0	90.0	398.0886
46.00000000000001	90.0	388.7849
45.0	90.0	380.8254
44.0	90.0	374.1709
43.0	90.0	368.7502
42.0	90.0	364.4631
41.0	90.0	361.184
40.00000000000001	90.0	358.7669
39.0	90.0	357.0505
37.99999999999999	90.0	355.8644
37.0	90.0	355.0347
36.0	90.0	354.3905
35.0	90.0	353.7694
34.0	90.0	353.0233
33.0	90.0	352.0224
31.99999999999999	90.0	350.6601
31.0	90.0	348.8553
30.000000000000004	90.0	346.5545
29.00000000000001	90.0	343.7326
28.000000000000007	90.0	340.3927
27.00000000000001	90.0	336.5649
25.999999999999996	90.0	332.3031
25.000000000000004	90.0	327.6829
24.000000000000004	90.0	322.7965
22.999999999999993	90.0	317.7488
21.999999999999996	90.0	312.652
21.0	90.0	307.6209
20.00000000000001	90.0	302.7676
19.000000000000014	90.0	298.1969
18.00000000000001	90.0	294.002
17.000000000000007	90.0	290.2608
15.999999999999995	90.0	287.0331
14.999999999999996	90.0	284.3586
14.0	90.0	282.256
12.999999999999996	90.0	280.7231
12.000000000000018	90.0	279.7372
10.999999999999993	90.0	279.2575
10.000000000000012	90.0	279.2277
8.999999999999984	90.0	279.5789
7.999999999999981	90.0	280.2337
7.000000000000025	90.0	281.1102
6.000000000000026	90.0	282.1265
4.999999999999992	90.0	283.2044
4.000000000000042	90.0	284.2739
3.0000000000000444	90.0	285.276
1.9999999999999472	90.0	286.1664
0.9999999999999002	90.0	286.9166
0.0	90.0	287.5162
0.9999999999999002	270.0	287.9728
1.9999999999999472	270.0	288.3114
3.0000000000000444	270.0	288.5735
4.000000000000042	270.0	288.8145
4.999999999999992	270.0	289.1013
6.000000000000026	270.0	289.5084
6.9999999999999725	270.0	290.114
7.999999999999981	270.0	290.9966
8.999999999999984	270.0	292.2298
10.000000000000012	270.0	293.8793
10.999999999999993	270.0	295.9984
11.999999999999988	270.0	298.6255
12.999999999999996	270.0	301.7812
14.0	270.0	305.4668
14.999999999999996	270.0	309.6633
15.999999999999995	270.0	314.3318
16.99999999999999	270.0	319.4141
17.999999999999986	270.0	324.8352
18.999999999999996	270.0	330.5053
19.999999999999993	270.0	336.3243
21.0	270.0	342.1851
21.999999999999996	270.0	347.9783
23.00000000000001	270.0	353.5972
24.000000000000004	270.0	358.9422
24.99999999999999	270.0	363.9259
26.000000000000007	270.0	368.4765
26.999999999999996	270.0	372.5423
28.000000000000007	270.0	376.0942
28.999999999999996	270.0	379.1277
29.999999999999993	270.0	381.6644
31.0	270.0	383.7517
31.99999999999999	270.0	385.4622
33.0	270.0	386.8916
34.0	270.0	388.1559
35.000000000000014	270.0	389.3875
36.0	270.0	390.7313
37.000000000000014	270.0	392.3391
37.99999999999999	270.0	394.3648
38.99999999999999	270.0	396.9585
40.00000000000001	270.0	400.2616
40.999999999999986	270.0	404.4017
42.0	270.0	409.4873
43.0	270.0	415.6047
44.00000000000001	270.0	422.8143
45.0	270.0	431.1483
46.000000000000014	270.0	440.6098
47.0	270.0	451.1721
47.999999999999986	270.0	462.7799
49.00000000000001	270.0	475.3505
49.99999999999999	270.0	488.7773
51.00000000000001	270.0	502.9325
51.99999999999999	270.0	517.6716
53.000000000000014	270.0	532.8381
53.99999999999999	270.0	548.2683
55.000000000000014	270.0	563.796
55.99999999999999	270.0	579.2582
56.999999999999986	270.0	594.499
58.00000000000001	270.0	609.3743
58.99999999999999	270.0	623.7553
60.00000000000001	270.0	637.5312
61.0	270.0	650.6119
62.000000000000014	270.0	662.9288
63.0	270.0	674.4353
64.00000000000001	270.0	685.1068
65.0	270.0	694.9388
65.99999999999999	270.0	703.9458
67.0	270.0	712.1581
68.0	270.0	719.6195
69.00000000000001	270.0	726.3836
70.0	270.0	732.5105
71.00000000000001	270.0	738.0639
72.0	270.0	743.1072
73.00000000000001	270.0	747.7011
74.0	270.0	751.9011
74.99999999999999	270.0	755.7553
76.0	270.0	759.3031
77.0	270.0	762.5746
78.00000000000001	270.0	765.59
79.0	270.0	768.3606
80.00000000000001	270.0	770.8892
81.0	270.0	773.1717
82.00000000000001	270.0	775.1989
83.0	270.0	776.9582
83.99999999999999	270.0	778.4359
85.0	270.0	779.6187
86.0	270.0	780.4963
87.00000000000001	270.0	781.062
88.0	270.0	781.3146
89.00000000000001	270.0	781.2588
90.0	270.0	780.9054
91.00000000000001	270.0	780.2708
92.0	270.0	779.3766
92.99999999999999	270.0	778.2478
94.0	270.0	776.9113
95.0	270.0	775.3937
96.00000000000001	270.0	773.7191
97.0	270.0	771.9066
98.00000000000001	270.0	769.968
99.0	270.0	767.9057
100.00000000000001	270.0	765.711
101.0	270.0	763.3622
102.00000000000001	270.0	760.8244
103.0	270.0	758.0491
104.0	270.0	754.9745
105.00000000000001	270.0	751.5269
106.0	270.0	747.6228
107.00000000000001	270.0	743.1711
108.0	270.0	738.0766
109.00000000000001	270.0	732.2435
110.0	270.0	725.5797
111.00000000000001	270.0	718.0005
112.0	270.0	709.4331
113.0	270.0	699.8209
114.00000000000001	270.0	689.1265
115.0	270.0	677.3357
116.00000000000001	270.0	664.4595
117.0	270.0	650.5358
118.00000000000001	270.0	635.6306
119.0	270.0	619.8374
120.00000000000001	270.0	603.2763
121.0	270.0	586.0916
122.0	270.0	568.4489
123.00000000000001	270.0	550.5309
124.0	270.0	532.5326
125.00000000000001	270.0	514.6563
126.0	270.0	497.1055
127.00000000000001	270.0	480.0792
128.0	270.0	463.7657
129.00000000000003	270.0	448.3375
130.0	270.0	433.9456
131.0	270.0	420.7152
132.0	270.0	408.7418
133.0	270.0	398.0886
134.0	270.0	388.7849
135.0	270.0	380.8254
136.0	270.0	374.1709
137.0	270.0	368.7502
138.00000000000003	270.0	364.4631
139.0	270.0	361.184
140.0	270.0	358.7669
140.99999999999997	270.0	357.0505
142.00000000000003	270.0	355.8644
143.0	270.0	355.0347
144.0	270.0	354.3905
145.0	270.0	353.7694
146.00000000000003	270.0	353.0233
147.00000000000003	270.0	352.0224
148.0	270.0	350.6601
149.0	270.0	348.8553
149.99999999999997	270.0	346.5545
151.00000000000003	270.0	343.7326
152.0	270.0	340.3927
153.0	270.0	336.5649
154.0	270.0	332.3031
155.00000000000003	270.0	327.6829
156.00000000000003	270.0	322.7965
157.0	270.0	317.7488
158.0	270.0	312.652
158.99999999999997	270.0	307.6209
160.00000000000003	270.0	302.7676
161.0	270.0	298.1969
162.0	270.0	294.002
163.0	270.0	290.2608
164.00000000000003	270.0	287.0331
165.00000000000003	270.0	284.3586
166.0	270.0	282.256
167.0	270.0	280.7231
167.99999999999997	270.0	279.7372
169.00000000000003	270.0	279.2575
169.99999999999997	270.0	279.2277
170.99999999999997	270.0	279.5789
172.0	270.0	280.2337
173.00000000000003	270.0	281.1102
174.00000000000003	270.0	282.1265
175.0	270.0	283.2044
175.99999999999997	270.0	284.2739
176.99999999999994	270.0	285.276
178.00000000000006	270.0	286.1664
179.0000000000001	270.0	286.9166
180.0	270.0	287.5162
179.0000000000001	90.0	287.9728
178.00000000000006	90.0	288.3114
176.99999999999994	90.0	288.5735
176.00000000000006	90.0	288.8145
175.0	90.0	289.1013
174.00000000000003	90.0	289.5084
172.99999999999997	90.0	290.114
172.0	90.0	290.9966
171.00000000000003	90.0	292.2298
170.00000000000003	90.0	293.8793
168.99999999999997	90.0	295.9984
167.99999999999997	90.0	298.6255
167.00000000000003	90.0	301.7812
166.00000000000003	90.0	305.4668
165.00000000000003	90.0	309.6633
163.99999999999997	90.0	314.3318
163.0	90.0	319.4141
162.00000000000003	90.0	324.8352
161.00000000000003	90.0	330.5053
160.0	90.0	336.3243
159.0	90.0	342.1851
158.00000000000003	90.0	347.9783
157.00000000000003	90.0	353.5972
156.00000000000003	90.0	358.9422
154.99999999999997	90.0	363.9259
154.0	90.0	368.4765
153.00000000000003	90.0	372.5423
152.0	90.0	376.0942
150.99999999999997	90.0	379.1277
150.0	90.0	381.6644
149.0	90.0	383.7517
148.0	90.0	385.4622
147.00000000000003	90.0	386.8916
146.0	90.0	388.1559
145.0	90.0	389.3875
144.00000000000003	90.0	390.7313
143.0	90.0	392.3391
142.0	90.0	394.3648
140.99999999999997	90.0	396.9585
140.00000000000003	90.0	400.2616
139.00000000000003	90.0	404.4017
138.00000000000003	90.0	409.4873
137.0	90.0	415.6047
136.0	90.0	422.8143
135.00000000000003	90.0	431.1483
134.00000000000003	90.0	440.6098
132.99999999999997	90.0	451.1721
131.99999999999997	90.0	462.7799
131.00000000000003	90.0	475.3505
130.00000000000003	90.0	488.7773
129.00000000000003	90.0	502.9325
128.0	90.0	517.6716
126.99999999999999	90.0	532.8381
126.00000000000003	90.0	548.2683
125.00000000000004	90.0	563.796
123.99999999999997	90.0	579.2582
122.99999999999999	90.0	594.499
122.0	90.0	609.3743
121.0	90.0	623.7553
120.00000000000001	90.0	637.5312
119.0	90.0	650.6119
118.00000000000001	90.0	662.9288
117.00000000000003	90.0	674.4353
116.00000000000004	90.0	685.1068
115.0	90.0	694.9388
114.00000000000001	90.0	703.9458
113.00000000000001	90.0	712.1581
112.00000000000003	90.0	719.6195
111.00000000000004	90.0	726.3836
110.0	90.0	732.5105
109.00000000000001	90.0	738.0639
108.00000000000003	90.0	743.1072
107.00000000000004	90.0	747.7011
106.0	90.0	751.9011
105.0	90.0	755.7553
104.00000000000001	90.0	759.3031
103.00000000000001	90.0	762.5746
102.00000000000003	90.0	765.59
100.99999999999999	90.0	768.3606
100.0	90.0	770.8892
99.00000000000001	90.0	773.1717
98.00000000000003	90.0	775.1989
96.99999999999999	90.0	776.9582
96.0	90.0	778.4359
95.0	90.0	779.6187
94.00000000000001	90.0	780.4963
93.00000000000003	90.0	781.062
91.99999999999999	90.0	781.3146
91.0	90.0	781.2588
90.0	45.0	540.6575
89.0	45.0	538.764
88.0	45.0	536.7476
87.00000000000001	45.0	534.6477
86.0	45.0	532.5087
85.0	45.0	530.3776
84.0	45.0	528.3016
83.0	45.0	526.3252
82.0	45.0	524.4876
81.0	45.0	522.8198
80.0	45.0	521.3425
79.0	45.0	520.0638
78.00000000000001	45.0	518.9776
77.0	45.0	518.0632
76.0	45.0	517.2842
75.0	45.0	516.5896
74.0	45.0	515.9144
73.0	45.0	515.1817
72.0	45.0	514.305
71.0	45.0	513.191
70.0	45.0	511.7434
69.00000000000001	45.0	509.8662
68.0	45.0	507.4678
67.0	45.0	504.4647
66.0	45.0	500.7856
65.0	45.0	496.3742
64.0	45.0	491.1928
63.0	45.0	485.2242
62.0	45.0	478.4735
61.0	45.0	470.9687
60.00000000000001	45.0	462.7613
59.00000000000001	45.0	453.925
58.00000000000001	45.0	444.5537
57.00000000000001	45.0	434.76
55.99999999999999	45.0	424.6708
55.00000000000001	45.0	414.4245
54.0	45.0	404.1661
53.00000000000001	45.0	394.0429
52.0	45.0	384.1996
51.00000000000001	45.0	374.7741
50.00000000000001	45.0	365.8923
49.00000000000001	45.0	357.6648
48.0	45.0	350.183
47.0	45.0	343.5163
46.00000000000001	45.0	337.7101
45.0	45.0	332.7848
44.0	45.0	328.7352
43.0	45.0	325.5315
42.0	45.0	323.1205
41.0	45.0	321.4281
40.00000000000001	45.0	320.3624
39.0	45.0	319.8173
37.99999999999999	45.0	319.6766
37.0	45.0	319.8186
36.0	45.0	320.1203
35.0	45.0	320.462
34.0	45.0	320.7315
33.0	45.0	320.8283
31.99999999999999	45.0	320.6661
31.0	45.0	320.1764
30.000000000000004	45.0	319.3095
29.00000000000001	45.0	318.0364
28.000000000000007	45.0	316.3483
27.00000000000001	45.0	314.2569
25.999999999999996	45.0	311.7922
25.000000000000004	45.0	309.0011
24.000000000000004	45.0	305.9446
22.999999999999993	45.0	302.6945
21.999999999999996	45.0	299.3301
21.0	45.0	295.9348
20.00000000000001	45.0	292.5919
19.000000000000014	45.0	289.3816
18.00000000000001	45.0	286.3777
17.000000000000007	45.0	283.6444
15.999999999999995	45.0	281.2344
14.999999999999996	45.0	279.187
14.0	45.0	277.5273
12.999999999999996	45.0	276.2656
12.000000000000018	45.0	275.3978
10.999999999999993	45.0	274.9066
10.000000000000012	45.0	274.7628
8.999999999999984	45.0	274.9276
7.999999999999981	45.0	275.3551
7.000000000000025	45.0	275.995
6.000000000000026	45.0	276.7952
4.999999999999992	45.0	277.705
4.000000000000042	45.0	278.6777
3.0000000000000444	45.0	279.6729
1.9999999999999472	45.0	280.6585
0.9999999999999002	45.0	281.6125
0.0	45.0	282.5237
0.9999999999999002	225.0	283.3919
1.9999999999999472	225.0	284.2283
3.0000000000000444	225.0	285.054
4.000000000000042	225.0	285.899
4.999999999999992	225.0	286.8001
6.000000000000026	225.0	287.799
6.9999999999999725	225.0	288.9393
7.999999999999981	225.0	290.2642
8.999999999999984	225.0	291.8137
10.000000000000012	225.0	293.6219
10.999999999999993	225.0	295.7152
11.999999999999988	225.0	298.1096
12.999999999999996	225.0	300.8098
14.0	225.0	303.8083
14.999999999999996	225.0	307.0846
15.999999999999995	225.0	310.6061
16.99999999999999	225.0	314.3289
17.999999999999986	225.0	318.1989
18.999999999999996	225.0	322.1548
19.999999999999993	225.0	326.1299
21.0	225.0	330.0553
21.999999999999996	225.0	333.8632
23.00000000000001	225.0	337.4895
24.000000000000004	225.0	340.8778
24.99999999999999	225.0	343.9816
26.000000000000007	225.0	346.7675
26.999999999999996	225.0	349.2166
28.000000000000007	225.0	351.3268
28.999999999999996	225.0	353.1131
29.999999999999993	225.0	354.6084
31.0	225.0	355.8621
31.99999999999999	225.0	356.9397
33.0	225.0	357.9202
34.0	225.0	358.8938
35.000000000000014	225.0	359.9587
36.0	225.0	361.2174
37.000000000000014	225.0	362.7733
37.99999999999999	225.0	364.7262
38.99999999999999	225.0	367.169
40.00000000000001	225.0	370.1835
40.999999999999986	225.0	373.8373
42.0	225.0	378.1809
43.0	225.0	383.2451
44.00000000000001	225.0	389.0401
45.0	225.0	395.554
46.000000000000014	225.0	402.7529
47.0	225.0	410.5821
47.999999999999986	225.0	418.9672
49.00000000000001	225.0	427.8163
49.99999999999999	225.0	437.0234
51.00000000000001	225.0	446.4714
51.99999999999999	225.0	456.0358
53.000000000000014	225.0	465.5889
53.99999999999999	225.0	475.004
55.000000000000014	225.0	484.1591
55.99999999999999	225.0	492.9406
56.999999999999986	225.0	501.2472
58.00000000000001	225.0	508.9919
58.99999999999999	225.0	516.1052
60.00000000000001	225.0	522.5358
61.0	225.0	528.2519
62.000000000000014	225.0	533.2412
63.0	225.0	537.5102
64.00000000000001	225.0	541.0827
65.0	225.0	543.9981
65.99999999999999	225.0	546.3086
67.0	225.0	548.0767
68.0	225.0	549.3715
69.00000000000001	225.0	550.2662
70.0	225.0	550.8339
71.00000000000001	225.0	551.1456
72.0	225.0	551.2663
73.00000000000001	225.0	551.2536
74.0	225.0	551.1553
74.99999999999999	225.0	551.008
76.0	225.0	550.837
77.0	225.0	550.6555
78.00000000000001	225.0	550.4659
79.0	225.0	550.2602
80.00000000000001	225.0	550.0222
81.0	225.0	549.7291
82.00000000000001	225.0	549.354
83.0	225.0	548.8682
83.99999999999999	225.0	548.2439
85.0	225.0	547.4563
86.0	225.0	546.4858
87.00000000000001	225.0	545.32
88.0	225.0	543.955
89.00000000000001	225.0	542.3959
90.0	225.0	540.6575
91.00000000000001	225.0	538.764
92.0	225.0	536.7476
92.99999999999999	225.0	534.6477
94.0	225.0	532.5087
95.0	225.0	530.3776
96.00000000000001	225.0	528.3016
97.0	225.0	526.3252
98.00000000000001	225.0	524.4876
99.0	225.0	522.8198
100.00000000000001	225.0	521.3425
101.0	225.0	520.0638
102.00000000000001	225.0	518.9776
103.0	225.0	518.0632
104.0	225.0	517.2842
105.00000000000001	225.0	516.5896
106.0	225.0	515.9144
107.00000000000001	225.0	515.1817
108.0	225.0	514.305
109.00000000000001	225.0	513.191
110.0	225.0	511.7434
111.00000000000001	225.0	509.8662
112.0	225.0	507.4678
113.0	225.0	504.4647
114.00000000000001	225.0	500.7856
115.0	225.0	496.3742
116.00000000000001	225.0	491.1928
117.0	225.0	485.2242
118.00000000000001	225.0	478.4735
119.0	225.0	470.9687
120.00000000000001	225.0	462.7613
121.0	225.0	453.925
122.0	225.0	444.5537
123.00000000000001	225.0	434.76
124.0	225.0	424.6708
125.00000000000001	225.0	414.4245
126.0	225.0	404.1661
127.00000000000001	225.0	394.0429
128.0	225.0	384.1996
129.00000000000003	225.0	374.7741
130.0	225.0	365.8923
131.0	225.0	357.6648
132.0	225.0	350.183
133.0	225.0	343.5163
134.0	225.0	337.7101
135.0	225.0	332.7848
136.0	225.0	328.7352
137.0	225.0	325.5315
138.00000000000003	225.0	323.1205
139.0	225.0	321.4281
140.0	225.0	320.3624
140.99999999999997	225.0	319.8173
142.00000000000003	225.0	319.6766
143.0	225.0	319.8186
144.0	225.0	320.1203
145.0	225.0	320.462
146.00000000000003	225.0	320.7315
147.00000000000003	225.0	320.8283
148.0	225.0	320.6661
149.0	225.0	320.1764
149.99999999999997	225.0	319.3095
151.00000000000003	225.0	318.0364
152.0	225.0	316.3483
153.0	225.0	314.2569
154.0	225.0	311.7922
155.00000000000003	225.0	309.0011
156.00000000000003	225.0	305.9446
157.0	225.0	302.6945
158.0	225.0	299.3301
158.99999999999997	225.0	295.9348
160.00000000000003	225.0	292.5919
161.0	225.0	289.3816
162.0	225.0	286.3777
163.0	225.0	283.6444
164.00000000000003	225.0	281.2344
165.00000000000003	225.0	279.187
166.0	225.0	277.5273
167.0	225.0	276.2656
167.99999999999997	225.0	275.3978
169.00000000000003	225.0	274.9066
169.99999999999997	225.0	274.7628
170.99999999999997	225.0	274.9276
172.0	225.0	275.3551
173.00000000000003	225.0	275.995
174.00000000000003	225.0	276.7952
175.0	225.0	277.705
175.99999999999997	225.0	278.6777
176.99999999999994	225.0	279.6729
178.00000000000006	225.0	280.6585
179.0000000000001	225.0	281.6125
180.0	225.0	282.5237
179.0000000000001	45.0	283.3919
178.00000000000006	45.0	284.2283
176.99999999999994	45.0	285.054
176.00000000000006	45.0	285.899
175.0	45.0	286.8001
174.00000000000003	45.0	287.799
172.99999999999997	45.0	288.9393
172.0	45.0	290.2642
171.00000000000003	45.0	291.8137
170.00000000000003	45.0	293.6219
168.99999999999997	45.0	295.7152
167.99999999999997	45.0	298.1096
167.00000000000003	45.0	300.8098
166.00000000000003	45.0	303.8083
165.00000000000003	45.0	307.0846
163.99999999999997	45.0	310.6061
163.0	45.0	314.3289
162.00000000000003	45.0	318.1989
161.00000000000003	45.0	322.1548
160.0	45.0	326.1299
159.0	45.0	330.0553
158.00000000000003	45.0	333.8632
157.00000000000003	45.0	337.4895
156.00000000000003	45.0	340.8778
154.99999999999997	45.0	343.9816
154.0	45.0	346.7675
153.00000000000003	45.0	349.2166
152.0	45.0	351.3268
150.99999999999997	45.0	353.1131
150.0	45.0	354.6084
149.0	45.0	355.8621
148.0	45.0	356.9397
147.00000000000003	45.0	357.9202
146.0	45.0	358.8938
145.0	45.0	359.9587
144.00000000000003	45.0	361.2174
143.0	45.0	362.7733
142.0	45.0	364.7262
140.99999999999997	45.0	367.169
140.00000000000003	45.0	370.1835
139.00000000000003	45.0	373.8373
138.00000000000003	45.0	378.1809
137.0	45.0	383.2451
136.0	45.0	389.0401
135.00000000000003	45.0	395.554
134.00000000000003	45.0	402.7529
132.99999999999997	45.0	410.5821
131.99999999999997	45.0	418.9672
131.00000000000003	45.0	427.8163
130.00000000000003	45.0	437.0234
129.00000000000003	45.0	446.4714
128.0	45.0	456.0358
126.99999999999999	45.0	465.5889
126.00000000000003	45.0	475.004
125.00000000000004	45.0	484.1591
123.99999999999997	45.0	492.9406
122.99999999999999	45.0	501.2472
122.0	45.0	508.9919
121.0	45.0	516.1052
120.00000000000001	45.0	522.5358
119.0	45.0	528.2519
118.00000000000001	45.0	533.2412
117.00000000000003	45.0	537.5102
116.00000000000004	45.0	541.0827
115.0	45.0	543.9981
114.00000000000001	45.0	546.3086
113.00000000000001	45.0	548.0767
112.00000000000003	45.0	549.3715
111.00000000000004	45.0	550.2662
110.0	45.0	550.8339
109.00000000000001	45.0	551.1456
108.00000000000003	45.0	551.2663
107.00000000000004	45.0	551.2536
106.0	45.0	551.1553
105.0	45.0	551.008
104.00000000000001	45.0	550.837
103.00000000000001	45.0	550.6555
102.00000000000003	45.0	550.4659
100.99999999999999	45.0	550.2602
100.0	45.0	550.0222
99.00000000000001	45.0	549.7291
98.00000000000003	45.0	549.354
96.99999999999999	45.0	548.8682
96.0	45.0	548.2439
95.0	45.0	547.4563
94.00000000000001	45.0	546.4858
93.00000000000003	45.0	545.32
91.99999999999999	45.0	543.955
91.0	45.0	542.3959
90.0	0.0	368.4573
89.29291116952395	0.7071426817872533	368.9234
88.58593006627854	1.4145007934175506	368.9397
87.87916453235917	2.122289895867879	368.5078
87.1727226397129	2.8307258121018455	367.6553
86.4667128053692	3.540024757356371	366.4342
85.76124390703504	4.250403468570711	364.9188
85.05642539917308	4.962079332655645	363.2016
84.3523674296794	5.675270513286652	361.3893
83.64918095727445	6.390196075887154	359.598
82.94697786971682	7.107076110446535	357.9471
82.24587110294536	7.826131851792348	356.5544
81.54597476125012	8.547585796906942	355.5304
80.84740423856572	9.271661818845425	354.9729
80.15027634097487	9.998585276774412	354.9628
79.45470941050044	10.728583121609057	355.56
78.76082345025607	11.461883996679509	356.8002
78.0687402510143	12.198718332806749	358.6939
77.37858351923944	12.939318437111838	361.2247
76.69047900661849	13.683918574821595	364.3506
76.00455464110858	14.432755043267381	368.0053
75.32094065950206	15.186066237202516	372.101
74.63976974149092	15.944092704486447	376.5324
73.96117714519126	16.707077191101824	381.181
73.28530084406378	17.47526467438212	385.9203
72.61228166514054	18.2489023832344	390.6218
71.94226342843773	19.028239804042187	395.1605
71.27539308740191	19.813528670829413	399.4204
70.61182087020094	20.605022938156644	403.3005
69.95170042163069	21.402978735106455	406.7188
69.29518894536457	22.207654298596484	409.617
68.64244734622547	23.019309884136224	411.9629
67.99364037210603	23.838207652018653	413.7529
67.34893675510656	24.664611526811417	415.0124
66.70850935139694	25.498787027884514	415.7954
66.07253527924108	26.34100106858589	416.1828
65.44119605454999	27.191521721553002	416.2795
64.81467772324949	28.05061794753063	416.2107
64.19317098966519	28.918559284955432	416.1166
63.57687134003648	29.79561549746857	416.1475
62.965979160175145	30.68205617643342	416.4572
62.36069984618289	31.5781502954692	417.1973
61.761243907035045	32.484165713968785	418.5104
61.16782705772538	33.400368626554155	420.5249
60.58067030155157	34.32702295544232	423.3486
59.99999999999999	35.264389682754654	427.0648
59.42604792856702	36.212726119908915	431.7278
58.8590513167294	37.17228511139536	437.3605
58.29925287015328	38.143314170462425	443.9528
57.74690077310915	39.12605454453247	451.4608
57.20224866894282	40.12074020854298	459.8082
56.66555561634145	41.12759678487194	468.8877
56.13708601903233	42.14684038906587	478.5648
55.61710952646371	43.178676401255004	488.6814
55.10590090294487	44.223298163918535	499.061
54.60373986267208	45.28088560756104	509.5141
54.11091086804023	46.3516038068849	519.8443
53.62770288864506	47.435601471194154	529.8543
53.154409118419395	48.53300937404573	539.3519
52.691326648427214	49.643938728569864	548.156
52.23875609296496	50.76847951640774	556.1014
51.79700116679687	51.90669877984987	563.0441
51.36636821158484	53.05863888848747	568.8642
50.94716566986906	54.22431579349069	573.4692
50.539703505316	55.40371728447302	576.7959
50.14429256838126	56.59680126575802	578.8107
49.76124390703504	57.80349407069134	579.5099
49.390868022772075	59.02368883439022	578.9178
49.03347407277117	60.25724394694163	577.0852
48.68936901978189	61.503981610489745	574.0862
48.35885673209022	62.76368652482927	570.015
48.04223703674405	64.03610472697835	564.982
47.73980473009234	65.32094261067617	559.1095
47.45184855059514	66.61786615176922	552.5282
47.178650119779434	67.92650036495783	545.3726
46.920482858129056	69.2464290163152	537.778
46.677610883583455	70.57719461432482	529.8766
46.450287901158305	71.91829869987819	521.7956
46.23875609296496	73.2692024527246	513.6545
46.043245018569806	74.62932762827676	505.564
45.86397053617525	75.99805783448308	497.6257
45.701133755495384	77.37474015373697	489.9311
45.554920033420714	78.7586871095844	482.5632
45.42549802359849	80.14917897242118	475.5965
45.31301879088406	81.5454663925662	469.0989
45.21761500123496	82.94677334320139	463.1333
45.1394001970194	84.35230034984485	457.7586
45.07846816689916	85.76122797743554	453.0317
45.03489241843145	87.17272054092642	449.0088
45.00872576033472	88.58593000067151	445.7461
45.0	90.0	443.3
45.00872576033472	91.41406999932849	441.7279
45.03489241843145	92.82727945907358	441.0864
45.07846816689916	94.23877202256445	441.431
45.1394001970194	95.64769965015516	442.8136
45.21761500123496	97.05322665679864	445.2804
45.31301879088406	98.45453360743382	448.8692
45.42549802359848	99.85082102757882	453.6064
45.554920033420714	101.2413128904156	459.5034
45.701133755495384	102.62525984626303	466.554
45.86397053617525	104.00194216551692	474.7312
46.043245018569806	105.37067237172324	483.9847
46.238756092964955	106.73079754727539	494.239
46.450287901158305	108.08170130012182	505.3923
46.677610883583455	109.42280538567519	517.3157
46.920482858129056	110.7535709836848	529.8543
47.178650119779434	112.07349963504215	542.8285
47.45184855059512	113.38213384823077	556.0368
47.73980473009234	114.67905738932384	569.2593
48.04223703674405	115.96389527302166	582.2624
48.3588567320902	117.23631347517073	594.8039
48.68936901978189	118.49601838951025	606.6395
49.03347407277117	119.74275605305839	617.529
49.39086802277208	120.9763111656098	627.243
49.76124390703504	122.19650592930867	635.57
50.14429256838125	123.40319873424197	642.3224
50.539703505316005	124.59628271552698	647.343
50.94716566986905	125.77568420650928	650.5101
51.36636821158484	126.94136111151253	651.7415
51.79700116679685	128.09330122015012	650.9982
52.23875609296496	129.23152048359225	648.2861
52.691326648427214	130.35606127143015	643.6561
53.154409118419395	131.46699062595425	637.2037
53.62770288864506	132.56439852880584	629.0664
54.11091086804023	133.64839619311508	619.4197
54.60373986267208	134.71911439243897	608.4722
55.10590090294487	135.7767018360815	596.4594
55.617109526463715	136.821323598745	583.6368
56.13708601903233	137.8531596109341	570.2716
56.66555561634144	138.87240321512806	556.6351
57.20224866894282	139.879259791457	542.9943
57.74690077310915	140.87394545546752	529.6036
58.29925287015328	141.85668582953758	516.6975
58.8590513167294	142.82771488860465	504.484
59.42604792856702	143.7872738800911	493.1379
59.99999999999999	144.73561031724535	482.7975
60.58067030155157	145.6729770445577	473.5601
61.16782705772538	146.59963137344585	465.4813
61.76124390703503	147.5158342860312	458.574
62.36069984618289	148.4218497045308	452.8103
62.96597916017513	149.31794382356657	448.1241
63.57687134003648	150.20438450253144	444.4151
64.19317098966519	151.08144071504458	441.5541
64.81467772324949	151.9493820524694	439.3894
65.44119605454999	152.808478278447	437.7536
66.0725352792411	153.65899893141415	436.4711
66.70850935139694	154.5012129721155	435.3652
67.34893675510656	155.3353884731886	434.2658
67.99364037210603	156.16179234798136	433.0159
68.64244734622547	156.98069011586378	431.478
69.29518894536457	157.79234570140352	429.5388
69.95170042163069	158.59702126489356	427.1137
70.61182087020094	159.39497706184335	424.1492
71.2753930874019	160.1864713291706	420.6242
71.94226342843773	160.9717601959578	416.5501
72.61228166514054	161.7510976167656	411.9695
73.28530084406377	162.52473532561788	406.953
73.96117714519126	163.29292280889817	401.5957
74.63976974149092	164.05590729551355	396.0123
75.32094065950206	164.8139337627975	390.3315
76.00455464110858	165.56724495673262	384.6898
76.6904790066185	166.31608142517842	379.2253
77.37858351923944	167.06068156288816	374.0713
78.0687402510143	167.80128166719328	369.3506
78.76082345025605	168.5381160033205	365.1701
79.45470941050044	169.27141687839094	361.6157
80.15027634097487	170.0014147232256	358.7495
80.84740423856572	170.72833818115458	356.6066
81.54597476125012	171.45241420309307	355.1946
82.24587110294536	172.17386814820765	354.4927
82.94697786971682	172.8929238895535	354.4538
83.64918095727445	173.60980392411287	355.0064
84.3523674296794	174.32472948671335	356.0583
85.05642539917308	175.03792066734437	357.501
85.76124390703502	175.7495965314293	359.2146
86.4667128053692	176.45997524264365	361.0735
87.17272263971289	177.16927418789817	362.9521
87.87916453235917	177.87771010413212	364.7303
88.58593006627854	178.58549920658245	366.2993
89.29291116952395	179.29285731821275	367.5659
90.0	180.0	368.4573
90.70708883047607	180.70714268178725	368.9234
91.41406993372146	181.41450079341755	368.9397
92.12083546764083	182.12228989586788	368.5078
92.82727736028711	182.83072581210183	367.6553
93.5332871946308	183.54002475735635	366.4342
94.23875609296496	184.2504034685707	364.9188
94.94357460082692	184.96207933265563	363.2016
95.64763257032061	185.67527051328665	361.3893
96.35081904272555	186.39019607588713	359.598
97.05302213028318	187.1070761104465	357.9471
97.75412889705464	187.82613185179233	356.5544
98.45402523874989	188.54758579690696	355.5304
99.15259576143428	189.27166181884542	354.9729
99.84972365902512	189.9985852767744	354.9628
100.54529058949956	190.72858312160906	355.56
101.23917654974393	191.4618839966795	356.8002
101.93125974898571	192.19871833280675	358.6939
102.62141648076054	192.93931843711184	361.2247
103.30952099338153	193.68391857482158	364.3506
103.99544535889142	194.43275504326738	368.0053
104.67905934049796	195.18606623720254	372.101
105.36023025850908	195.94409270448645	376.5324
106.03882285480874	196.7070771911018	381.181
106.71469915593623	197.4752646743821	385.9203
107.38771833485946	198.2489023832344	390.6218
108.05773657156229	199.0282398040422	395.1605
108.7246069125981	199.8135286708294	399.4204
109.38817912979906	200.60502293815665	403.3005
110.04829957836931	201.40297873510644	406.7188
110.70481105463544	202.20765429859648	409.617
111.35755265377453	203.01930988413622	411.9629
112.00635962789397	203.83820765201864	413.7529
112.65106324489344	204.6646115268114	415.0124
113.29149064860306	205.49878702788448	415.7954
113.92746472075892	206.34100106858588	416.1828
114.55880394545001	207.191521721553	416.2795
115.18532227675053	208.05061794753064	416.2107
115.8068290103348	208.91855928495542	416.1166
116.42312865996352	209.79561549746856	416.1475
117.03402083982486	210.68205617643343	416.4572
117.63930015381712	211.5781502954692	417.1973
118.23875609296496	212.48416571396876	418.5104
118.83217294227461	213.40036862655413	420.5249
119.41932969844842	214.32702295544232	423.3486
120.00000000000001	215.26438968275463	427.0648
120.573952071433	216.2127261199089	431.7278
121.14094868327061	217.17228511139535	437.3605
121.70074712984672	218.14331417046245	443.9528
122.25309922689084	219.12605454453248	451.4608
122.79775133105717	220.12074020854297	459.8082
123.33444438365854	221.1275967848719	468.8877
123.86291398096766	222.1468403890659	478.5648
124.38289047353629	223.17867640125502	488.6814
124.89409909705513	224.2232981639185	499.061
125.39626013732791	225.28088560756103	509.5141
125.88908913195978	226.35160380688492	519.8443
126.37229711135494	227.43560147119416	529.8543
126.84559088158062	228.53300937404572	539.3519
127.30867335157278	229.64393872856982	548.156
127.76124390703504	230.7684795164077	556.1014
128.20299883320317	231.90669877984988	563.0441
128.6336317884152	233.05863888848748	568.8642
129.05283433013093	234.2243157934907	573.4692
129.460296494684	235.40371728447298	576.7959
129.85570743161875	236.59680126575802	578.8107
130.23875609296496	237.80349407069136	579.5099
130.60913197722795	239.0236888343902	578.9178
130.96652592722884	240.25724394694157	577.0852
131.31063098021812	241.50398161048972	574.0862
131.6411432679098	242.7636865248293	570.015
131.95776296325596	244.03610472697835	564.982
132.26019526990768	245.32094261067616	559.1095
132.54815144940486	246.6178661517692	552.5282
132.8213498802206	247.92650036495786	545.3726
133.07951714187095	249.2464290163152	537.778
133.32238911641656	250.5771946143248	529.8766
133.5497120988417	251.91829869987816	521.7956
133.76124390703504	253.26920245272458	513.6545
133.9567549814302	254.62932762827677	505.564
134.13602946382477	255.99805783448306	497.6257
134.2988662445046	257.374740153737	489.9311
134.44507996657927	258.75868710958434	482.5632
134.57450197640154	260.14917897242117	475.5965
134.68698120911597	261.5454663925662	469.0989
134.78238499876502	262.94677334320136	463.1333
134.8605998029806	264.3523003498448	457.7586
134.92153183310086	265.7612279774355	453.0317
134.96510758156856	267.17272054092643	449.0088
134.99127423966527	268.5859300006715	445.7461
135.0	270.0	443.3
134.99127423966527	271.4140699993285	441.7279
134.96510758156856	272.82727945907357	441.0864
134.92153183310086	274.2387720225645	441.431
134.8605998029806	275.6476996501551	442.8136
134.78238499876502	277.0532266567986	445.2804
134.68698120911597	278.45453360743375	448.8692
134.57450197640154	279.85082102757883	453.6064
134.44507996657927	281.2413128904156	459.5034
134.2988662445046	282.625259846263	466.554
134.13602946382477	284.0019421655169	474.7312
133.9567549814302	285.37067237172323	483.9847
133.76124390703504	286.7307975472754	494.239
133.5497120988417	288.08170130012184	505.3923
133.32238911641656	289.42280538567513	517.3157
133.07951714187095	290.75357098368477	529.8543
132.82134988022057	292.0734996350422	542.8285
132.54815144940488	293.38213384823075	556.0368
132.26019526990768	294.6790573893238	569.2593
131.95776296325596	295.9638952730216	582.2624
131.6411432679098	297.23631347517073	594.8039
131.31063098021812	298.49601838951025	606.6395
130.96652592722884	299.7427560530584	617.529
130.60913197722795	300.9763111656098	627.243
130.23875609296496	302.1965059293086	635.57
129.85570743161873	303.403198734242	642.3224
129.46029649468403	304.59628271552697	647.343
129.05283433013096	305.7756842065093	650.5101
128.6336317884152	306.9413611115125	651.7415
128.20299883320317	308.0933012201501	650.9982
127.76124390703505	309.23152048359225	648.2861
127.3086733515728	310.3560612714301	643.6561
126.84559088158062	311.4669906259543	637.2037
126.37229711135495	312.5643985288058	629.0664
125.88908913195978	313.6483961931151	619.4197
125.39626013732794	314.71911439243894	608.4722
124.89409909705515	315.77670183608143	596.4594
124.38289047353632	316.821323598745	583.6368
123.86291398096766	317.85315961093414	570.2716
123.33444438365856	318.8724032151281	556.6351
122.7977513310572	319.879259791457	542.9943
122.25309922689087	320.8739454554675	529.6036
121.70074712984675	321.8566858295375	516.6975
121.14094868327061	322.82771488860465	504.484
120.57395207143298	323.7872738800911	493.1379
120.00000000000001	324.73561031724535	482.7975
119.41932969844845	325.6729770445577	473.5601
118.83217294227461	326.59963137344585	465.4813
118.23875609296496	327.51583428603124	458.574
117.63930015381712	328.4218497045308	452.8103
117.03402083982486	329.31794382356657	448.1241
116.42312865996352	330.2043845025314	444.4151
115.8068290103348	331.08144071504455	441.5541
115.18532227675053	331.9493820524694	439.3894
114.55880394545002	332.808478278447	437.7536
113.92746472075895	333.6589989314141	436.4711
113.29149064860304	334.5012129721155	435.3652
112.65106324489344	335.3353884731886	434.2658
112.00635962789399	336.16179234798136	433.0159
111.35755265377455	336.98069011586375	431.478
110.70481105463546	337.79234570140346	429.5388
110.04829957836931	338.59702126489356	427.1137
109.38817912979906	339.39497706184335	424.1492
108.7246069125981	340.18647132917056	420.6242
108.05773657156229	340.9717601959578	416.5501
107.38771833485946	341.7510976167656	411.9695
106.71469915593623	342.5247353256179	406.953
106.03882285480876	343.2929228088982	401.5957
105.36023025850909	344.0559072955135	396.0123
104.67905934049797	344.8139337627975	390.3315
103.99544535889142	345.5672449567326	384.6898
103.30952099338151	346.3160814251784	379.2253
102.62141648076056	347.06068156288813	374.0713
101.93125974898572	347.8012816671932	369.3506
101.23917654974393	348.5381160033205	365.1701
100.54529058949956	349.27141687839094	361.6157
99.84972365902513	350.0014147232256	358.7495
99.15259576143428	350.7283381811546	356.6066
98.4540252387499	351.45241420309304	355.1946
97.75412889705464	352.17386814820765	354.4927
97.05302213028318	352.89292388955346	354.4538
96.35081904272556	353.60980392411284	355.0064
95.64763257032062	354.32472948671335	356.0583
94.94357460082692	355.03792066734434	357.501
94.23875609296496	355.7495965314293	359.2146
93.53328719463082	356.4599752426436	361.0735
92.82727736028713	357.16927418789817	362.9521
92.12083546764086	357.8777101041321	364.7303
91.41406993372146	358.5854992065825	366.2993
90.70708883047607	359.2928573182127	367.5659
90.0	90.0	782.5351
89.29291116952395	89.29285731821274	786.7887
88.58593006627854	88.58549920658245	789.5228
87.87916453235917	87.87771010413212	790.7147
87.1727226397129	87.16927418789815	790.3739
86.4667128053692	86.45997524264364	788.5411
85.76124390703504	85.74959653142929	785.2861
85.05642539917308	85.03792066734437	780.7053
84.3523674296794	84.32472948671335	774.9183
83.64918095727445	83.60980392411285	768.0636
82.94697786971682	82.89292388955346	760.2948
82.24587110294536	82.17386814820766	751.7758
81.54597476125012	81.45241420309306	742.6762
80.84740423856572	80.72833818115458	733.1671
80.15027634097487	80.0014147232256	723.4163
79.45470941050044	79.27141687839094	713.585
78.76082345025607	78.5381160033205	703.8241
78.0687402510143	77.80128166719327	694.2711
77.37858351923944	77.06068156288816	685.0479
76.69047900661849	76.31608142517841	676.2591
76.00455464110858	75.56724495673262	667.9909
75.32094065950206	74.81393376279749	660.3107
74.63976974149092	74.05590729551355	653.2669
73.96117714519126	73.29292280889818	646.8897
73.28530084406378	72.52473532561788	641.1921
72.61228166514054	71.7510976167656	636.1711
71.94226342843773	70.97176019595781	631.8097
71.27539308740191	70.18647132917059	628.078
70.61182087020094	69.39497706184336	624.9357
69.95170042163069	68.59702126489356	622.3337
69.29518894536457	67.79234570140352	620.2155
68.64244734622547	66.98069011586378	618.5195
67.99364037210603	66.16179234798135	617.1798
67.34893675510656	65.33538847318859	616.1277
66.70850935139694	64.50121297211548	615.2928
66.07253527924108	63.65899893141411	614.6034
65.44119605454999	62.808478278447	613.9874
64.81467772324949	61.94938205246937	613.3729
64.19317098966519	61.081440715044565	612.6879
63.57687134003648	60.20438450253143	611.8612
62.965979160175145	59.31794382356658	610.8224
62.36069984618289	58.4218497045308	609.5022
61.761243907035045	57.515834286031215	607.8328
61.16782705772538	56.59963137344585	605.7486
60.58067030155157	55.67297704455769	603.1864
59.99999999999999	54.735610317245346	600.0869
59.42604792856702	53.787273880091085	596.3954
58.8590513167294	52.827714888604646	592.0629
58.29925287015328	51.85668582953758	587.0478
57.74690077310915	50.87394545546753	581.3169
57.20224866894282	49.87925979145702	574.8472
56.66555561634145	48.87240321512806	567.627
56.13708601903233	47.85315961093413	559.6576
55.61710952646371	46.821323598745	550.9539
55.10590090294487	45.776701836081465	541.5459
54.60373986267208	44.71911439243896	531.4785
54.11091086804023	43.6483961931151	520.8122
53.62770288864506	42.564398528805846	509.6227
53.154409118419395	41.46699062595427	497.9999
52.691326648427214	40.356061271430136	486.0467
52.23875609296496	39.23152048359226	473.8776
51.79700116679687	38.09330122015014	461.616
51.36636821158484	36.941361111512535	449.3918
50.94716566986906	35.77568420650932	437.3387
50.539703505316	34.59628271552699	425.5904
50.14429256838126	33.40319873424199	414.2778
49.76124390703504	32.19650592930866	403.5256
49.390868022772075	30.976311165609783	393.4482
49.03347407277117	29.742756053058372	384.1476
48.68936901978189	28.496018389510258	375.7096
48.35885673209022	27.236313475170732	368.2022
48.04223703674405	25.963895273021652	361.673
47.73980473009234	24.679057389323834	356.1482
47.45184855059514	23.382133848230776	351.6321
47.178650119779434	22.07349963504216	348.1066
46.920482858129056	20.753570983684796	345.5324
46.677610883583455	19.422805385675183	343.8502
46.450287901158305	18.08170130012181	342.9828
46.23875609296496	16.730797547275397	342.8377
46.043245018569806	15.370672371723243	343.3102
45.86397053617525	14.001942165516926	344.287
45.701133755495384	12.625259846263035	345.6499
45.554920033420714	11.241312890415616	347.2797
45.42549802359849	9.850821027578828	349.06
45.31301879088406	8.454533607433808	350.8808
45.21761500123496	7.053226656798624	352.6425
45.1394001970194	5.647699650155149	354.258
45.07846816689916	4.238772022564465	355.656
45.03489241843145	2.8272794590735852	356.7823
45.00872576033472	1.414069999328503	357.6013
45.0	4.961562726608714e-15	358.0966
45.00872576033472	358.5859300006715	358.2703
45.03489241843145	357.17272054092643	358.1427
45.07846816689916	355.76122797743557	357.7503
45.1394001970194	354.3523003498448	357.1439
45.21761500123496	352.94677334320136	356.3858
45.31301879088406	351.5454663925662	355.5472
45.42549802359848	350.14917897242117	354.7046
45.554920033420714	348.7586871095844	353.9369
45.701133755495384	347.374740153737	353.3216
45.86397053617525	345.99805783448306	352.9325
46.043245018569806	344.62932762827677	352.836
46.238756092964955	343.26920245272464	353.0895
46.450287901158305	341.91829869987816	353.7391
46.677610883583455	340.5771946143248	354.8182
46.920482858129056	339.2464290163152	356.3472
47.178650119779434	337.92650036495786	358.3329
47.45184855059512	336.61786615176925	360.7693
47.73980473009234	335.3209426106762	363.6387
48.04223703674405	334.03610472697835	366.9132
48.3588567320902	332.76368652482927	370.5565
48.68936901978189	331.50398161048975	374.5265
49.03347407277117	330.2572439469416	378.7778
49.39086802277208	329.0236888343902	383.2641
49.76124390703504	327.80349407069133	387.9409
50.14429256838125	326.596801265758	392.7674
50.539703505316005	325.40371728447303	397.7093
50.94716566986905	324.2243157934907	402.7396
51.36636821158484	323.05863888848745	407.8404
51.79700116679685	321.9066987798499	413.003
52.23875609296496	320.76847951640775	418.2285
52.691326648427214	319.6439387285699	423.5267
53.154409118419395	318.5330093740457	428.9154
53.62770288864506	317.43560147119416	434.4185
54.11091086804023	316.3516038068849	440.0645
54.60373986267208	315.28088560756106	445.8836
55.10590090294487	314.2232981639185	451.9053
55.617109526463715	313.17867640125496	458.1561
56.13708601903233	312.14684038906586	464.6564
56.66555561634144	311.12759678487197	471.4183
57.20224866894282	310.120740208543	478.4437
57.74690077310915	309.1260545445325	485.7222
58.29925287015328	308.1433141704624	493.2302
58.8590513167294	307.17228511139535	500.9305
59.42604792856702	306.2127261199089	508.7721
59.99999999999999	305.26438968275465	516.6911
60.58067030155157	304.3270229554423	524.6124
61.16782705772538	303.40036862655415	532.4514
61.76124390703503	302.4841657139688	540.1173
62.36069984618289	301.5781502954692	547.5157
62.96597916017513	300.68205617643343	554.5526
63.57687134003648	299.7956154974686	561.1381
64.19317098966519	298.91855928495545	567.1899
64.81467772324949	298.0506179475306	572.6377
65.44119605454999	297.191521721553	577.4264
66.0725352792411	296.3410010685859	581.5189
66.70850935139694	295.49878702788453	584.8995
67.34893675510656	294.6646115268114	587.575
67.99364037210603	293.83820765201864	589.5765
68.64244734622547	293.0193098841362	590.959
69.29518894536457	292.2076542985965	591.8013
69.95170042163069	291.40297873510644	592.2045
70.61182087020094	290.60502293815665	592.289
71.2753930874019	289.81352867082944	592.1921
71.94226342843773	289.0282398040422	592.0632
72.61228166514054	288.2489023832344	592.06
73.28530084406377	287.4752646743821	592.3431
73.96117714519126	286.7070771911018	593.0708
74.63976974149092	285.9440927044865	594.3937
75.32094065950206	285.1860662372025	596.4494
76.00455464110858	284.4327550432674	599.3578
76.6904790066185	283.6839185748216	603.2163
77.37858351923944	282.93931843711187	608.0957
78.0687402510143	282.1987183328067	614.0376
78.76082345025605	281.4618839966795	621.0519
79.45470941050044	280.72858312160906	629.1154
80.15027634097487	279.9985852767744	638.1722
80.84740423856572	279.2716618188454	648.1337
81.54597476125012	278.54758579690696	658.8814
82.24587110294536	277.82613185179235	670.269
82.94697786971682	277.10707611044654	682.1268
83.64918095727445	276.39019607588716	694.2658
84.3523674296794	275.67527051328665	706.4829
85.05642539917308	274.96207933265566	718.5666
85.76124390703502	274.2504034685707	730.303
86.4667128053692	273.5400247573564	741.4809
87.17272263971289	272.83072581210183	751.8986
87.87916453235917	272.1222898958679	761.3687
88.58593006627854	271.4145007934176	769.7232
89.29291116952395	270.7071426817872	776.8176
90.0	270.0	782.5351
90.70708883047607	269.2928573182127	786.7887
91.41406993372146	268.5854992065824	789.5228
92.12083546764083	267.8777101041321	790.7147
92.82727736028711	267.16927418789817	790.3739
93.5332871946308	266.4599752426436	788.5411
94.23875609296496	265.7495965314293	785.2861
94.94357460082692	265.03792066734434	780.7053
95.64763257032061	264.32472948671335	774.9183
96.35081904272555	263.60980392411284	768.0636
97.05302213028318	262.89292388955346	760.2948
97.75412889705464	262.17386814820765	751.7758
98.45402523874989	261.45241420309304	742.6762
99.15259576143428	260.7283381811546	733.1671
99.84972365902512	260.0014147232256	723.4163
100.54529058949956	259.27141687839094	713.585
101.23917654974393	258.5381160033205	703.8241
101.93125974898571	257.8012816671933	694.2711
102.62141648076054	257.06068156288813	685.0479
103.30952099338153	256.31608142517837	676.2591
103.99544535889142	255.56724495673262	667.9909
104.67905934049796	254.8139337627975	660.3107
105.36023025850908	254.05590729551355	653.2669
106.03882285480874	253.2929228088982	646.8897
106.71469915593623	252.52473532561788	641.1921
107.38771833485946	251.7510976167656	636.1711
108.05773657156229	250.9717601959578	631.8097
108.7246069125981	250.18647132917056	628.078
109.38817912979906	249.39497706184335	624.9357
110.04829957836931	248.59702126489356	622.3337
110.70481105463544	247.79234570140352	620.2155
111.35755265377453	246.98069011586378	618.5195
112.00635962789397	246.16179234798136	617.1798
112.65106324489344	245.33538847318857	616.1277
113.29149064860306	244.50121297211547	615.2928
113.92746472075892	243.6589989314141	614.6034
114.55880394545001	242.808478278447	613.9874
115.18532227675053	241.9493820524694	613.3729
115.8068290103348	241.08144071504458	612.6879
116.42312865996352	240.2043845025314	611.8612
117.03402083982486	239.31794382356657	610.8224
117.63930015381712	238.4218497045308	609.5022
118.23875609296496	237.5158342860312	607.8328
118.83217294227461	236.59963137344585	605.7486
119.41932969844842	235.67297704455768	603.1864
120.00000000000001	234.73561031724535	600.0869
120.573952071433	233.78727388009108	596.3954
121.14094868327061	232.82771488860465	592.0629
121.70074712984672	231.85668582953755	587.0478
122.25309922689084	230.87394545546752	581.3169
122.79775133105717	229.879259791457	574.8472
123.33444438365854	228.8724032151281	567.627
123.86291398096766	227.8531596109341	559.6576
124.38289047353629	226.82132359874498	550.9539
124.89409909705513	225.7767018360815	541.5459
125.39626013732791	224.71911439243897	531.4785
125.88908913195978	223.64839619311508	520.8122
126.37229711135494	222.56439852880584	509.6227
126.84559088158062	221.46699062595428	497.9999
127.30867335157278	220.35606127143015	486.0467
127.76124390703504	219.23152048359228	473.8776
128.20299883320317	218.0933012201501	461.616
128.6336317884152	216.94136111151252	449.3918
129.05283433013093	215.7756842065093	437.3387
129.460296494684	214.59628271552702	425.5904
129.85570743161875	213.40319873424195	414.2778
130.23875609296496	212.19650592930864	403.5256
130.60913197722795	210.9763111656098	393.4482
130.96652592722884	209.74275605305837	384.1476
131.31063098021812	208.49601838951028	375.7096
131.6411432679098	207.2363134751707	368.2022
131.95776296325596	205.96389527302162	361.673
132.26019526990768	204.67905738932384	356.1482
132.54815144940486	203.38213384823078	351.6321
132.8213498802206	202.07349963504214	348.1066
133.07951714187095	200.75357098368477	345.5324
133.32238911641656	199.4228053856752	343.8502
133.5497120988417	198.08170130012184	342.9828
133.76124390703504	196.73079754727542	342.8377
133.9567549814302	195.3706723717232	343.3102
134.13602946382477	194.0019421655169	344.287
134.2988662445046	192.62525984626305	345.6499
134.44507996657927	191.24131289041563	347.2797
134.57450197640154	189.8508210275788	349.06
134.68698120911597	188.4545336074338	350.8808
134.78238499876502	187.0532266567986	352.6425
134.8605998029806	185.64769965015518	354.258
134.92153183310086	184.2387720225645	355.656
134.96510758156856	182.82727945907357	356.7823
134.99127423966527	181.4140699993285	357.6013
135.0	180.0	358.0966
134.99127423966527	178.58593000067157	358.2703
134.96510758156856	177.1727205409264	358.1427
134.92153183310086	175.76122797743554	357.7503
134.8605998029806	174.35230034984485	357.1439
134.78238499876502	172.94677334320141	356.3858
134.68698120911597	171.54546639256625	355.5472
134.57450197640154	170.14917897242117	354.7046
134.44507996657927	168.7586871095844	353.9369
134.2988662445046	167.37474015373698	353.3216
134.13602946382477	165.9980578344831	352.9325
133.9567549814302	164.62932762827674	352.836
133.76124390703504	163.2692024527246	353.0895
133.5497120988417	161.9182986998782	353.7391
133.32238911641656	160.57719461432484	354.8182
133.07951714187095	159.24642901631526	356.3472
132.82134988022057	157.92650036495783	358.3329
132.54815144940488	156.61786615176925	360.7693
132.26019526990768	155.32094261067618	363.6387
131.95776296325596	154.03610472697838	366.9132
131.6411432679098	152.76368652482927	370.5565
131.31063098021812	151.50398161048975	374.5265
130.96652592722884	150.25724394694163	378.7778
130.60913197722795	149.02368883439024	383.2641
130.23875609296496	147.80349407069139	387.9409
129.85570743161873	146.596801265758	392.7674
129.46029649468403	145.403717284473	397.7093
129.05283433013096	144.22431579349072	402.7396
128.6336317884152	143.0586388884875	407.8404
128.20299883320317	141.90669877984988	413.003
127.76124390703505	140.76847951640775	418.2285
127.3086733515728	139.64393872856988	423.5267
126.84559088158062	138.53300937404575	428.9154
126.37229711135495	137.4356014711942	434.4185
125.88908913195978	136.35160380688492	440.0645
125.39626013732794	135.28088560756106	445.8836
124.89409909705515	134.22329816391854	451.9053
124.38289047353632	133.17867640125502	458.1561
123.86291398096766	132.14684038906586	464.6564
123.33444438365856	131.12759678487194	471.4183
122.7977513310572	130.120740208543	478.4437
122.25309922689087	129.12605454453248	485.7222
121.70074712984675	128.14331417046245	493.2302
121.14094868327061	127.17228511139534	500.9305
120.57395207143298	126.21272611990892	508.7721
120.00000000000001	125.26438968275468	516.6911
119.41932969844845	124.32702295544235	524.6124
118.83217294227461	123.40036862655414	532.4514
118.23875609296496	122.48416571396879	540.1173
117.63930015381712	121.57815029546921	547.5157
117.03402083982486	120.68205617643345	554.5526
116.42312865996352	119.79561549746859	561.1381
115.8068290103348	118.91855928495542	567.1899
115.18532227675053	118.05061794753063	572.6377
114.55880394545002	117.19152172155302	577.4264
113.92746472075895	116.34100106858591	581.5189
113.29149064860304	115.49878702788452	584.8995
112.65106324489344	114.66461152681141	587.575
112.00635962789399	113.83820765201867	589.5765
111.35755265377455	113.01930988413625	590.959
110.70481105463546	112.20765429859652	591.8013
110.04829957836931	111.40297873510644	592.2045
109.38817912979906	110.60502293815665	592.289
108.7246069125981	109.81352867082943	592.1921
108.05773657156229	109.02823980404222	592.0632
107.38771833485946	108.2489023832344	592.06
106.71469915593623	107.47526467438213	592.3431
106.03882285480876	106.70707719110183	593.0708
105.36023025850909	105.94409270448648	594.3937
104.67905934049797	105.18606623720254	596.4494
103.99544535889142	104.43275504326738	599.3578
103.30952099338151	103.68391857482159	603.2163
102.62141648076056	102.93931843711185	608.0957
101.93125974898572	102.19871833280676	614.0376
101.23917654974393	101.4618839966795	621.0519
100.54529058949956	100.72858312160906	629.1154
99.84972365902513	99.99858527677442	638.1722
99.15259576143428	99.27166181884544	648.1337
98.4540252387499	98.54758579690696	658.8814
97.75412889705464	97.82613185179234	670.269
97.05302213028318	97.10707611044654	682.1268
96.35081904272556	96.39019607588716	694.2658
95.64763257032062	95.67527051328666	706.4829
94.94357460082692	94.96207933265563	718.5666
94.23875609296496	94.25040346857071	730.303
93.53328719463082	93.54002475735638	741.4809
92.82727736028713	92.83072581210186	751.8986
92.12083546764086	92.12228989586791	761.3687
91.41406993372146	91.41450079341756	769.7232
90.70708883047607	90.70714268178726	776.8176
90.0	0.0	746.7666
90.0	1.0	750.2923
90.0	2.0	752.2378
90.0	3.0000000000000004	752.5716
90.0	4.0	751.2994
90.0	5.0	748.4639
90.0	6.000000000000001	744.1431
90.0	7.0	738.4472
90.0	8.0	731.5151
90.0	9.0	723.5092
90.0	10.0	714.6105
90.0	11.0	705.012
90.0	12.0	694.913
90.0	13.0	684.5127
90.0	14.0	674.0043
90.0	14.999999999999998	663.569
90.0	16.0	653.3716
90.0	17.000000000000004	643.5562
90.0	18.0	634.243
90.0	19.0	625.5258
90.0	20.0	617.4717
90.0	21.0	610.1206
90.0	22.0	603.4863
90.0	23.0	597.5587
90.0	24.000000000000004	592.3069
90.0	25.0	587.6825
90.0	26.0	583.6235
90.0	26.999999999999996	580.0594
90.0	28.0	576.9152
90.0	29.000000000000004	574.1158
90.0	29.999999999999996	571.5904
90.0	31.0	569.2758
90.0	32.0	567.1198
90.0	33.0	565.083
90.0	34.00000000000001	563.1405
90.0	35.0	561.2823
90.0	36.0	559.5129
90.0	37.0	557.8503
90.0	38.0	556.3236
90.0	39.0	554.9709
90.0	40.0	553.8356
90.0	41.0	552.9632
90.0	42.0	552.3978
90.0	43.0	552.1777
90.0	44.0	552.333
90.0	45.0	552.8816
90.0	46.00000000000001	553.8271
90.0	47.0	555.1567
90.0	48.00000000000001	556.8403
90.0	49.00000000000001	558.83
90.0	50.0	561.0607
90.0	51.0	563.4513
90.0	52.0	565.9073
90.0	53.0	568.3232
90.0	54.0	570.5862
90.0	55.0	572.5799
90.0	56.0	574.1888
90.0	57.00000000000001	575.3019
90.0	58.00000000000001	575.8175
90.0	59.00000000000001	575.6464
90.0	59.99999999999999	574.7158
90.0	61.0	572.9718
90.0	62.0	570.3819
90.0	63.0	566.9356
90.0	64.0	562.6455
90.0	65.0	557.5465
90.0	66.0	551.6947
90.0	67.0	545.1652
90.0	68.0	538.0492
90.0	69.0	530.4511
90.0	70.0	522.4842
90.0	71.0	514.2672
90.0	72.0	505.9194
90.0	73.0	497.5575
90.0	74.0	489.2913
90.0	75.0	481.2208
90.0	76.0	473.4329
90.0	77.0	466.0003
90.0	78.0	458.9792
90.0	79.0	452.4097
90.0	80.0	446.3156
90.0	81.0	440.7058
90.0	82.0	435.5759
90.0	83.0	430.9112
90.0	84.0	426.6887
90.0	85.0	422.8814
90.0	86.0	419.461
90.0	87.0	416.4013
90.0	88.0	413.6817
90.0	89.0	411.2899
90.0	90.0	409.2239
90.0	91.0	407.4943
90.0	92.0	406.1242
90.0	93.0	405.1502
90.0	94.0	404.6212
90.0	95.0	404.597
90.0	96.00000000000001	405.1458
90.0	97.0	406.3415
90.0	98.0	408.2596
90.0	99.0	410.974
90.0	100.0	414.5522
90.0	101.0	419.0515
90.0	102.0	424.5148
90.0	103.0	430.9668
90.0	104.0	438.4111
90.0	105.00000000000001	446.8276
90.0	106.0	456.1711
90.0	107.0	466.3702
90.0	108.0	477.3278
90.0	109.0	488.9227
90.0	110.0	501.0115
90.0	111.0	513.4318
90.0	112.0	526.0066
90.0	113.0	538.5489
90.0	114.00000000000001	550.8667
90.0	115.0	562.7689
90.0	116.00000000000001	574.0706
90.0	117.0	584.5991
90.0	118.00000000000001	594.1988
90.0	119.0	602.7357
90.0	119.99999999999999	610.102
90.0	121.0	616.2185
90.0	122.0	621.0373
90.0	123.00000000000001	624.5424
90.0	124.0	626.7499
90.0	125.00000000000001	627.7065
90.0	126.0	627.4879
90.0	127.00000000000001	626.1946
90.0	128.0	623.949
90.0	129.0	620.8899
90.0	130.0	617.1678
90.0	131.0	612.9392
90.0	132.0	608.3614
90.0	133.0	603.5873
90.0	134.0	598.7602
90.0	135.0	594.01
90.0	136.0	589.4492
90.0	137.0	585.1708
90.0	138.0	581.246
90.0	139.0	577.7242
90.0	140.0	574.6329
90.0	141.0	571.9794
90.0	142.0	569.7527
90.0	143.0	567.927
90.0	144.0	566.4648
90.0	145.0	565.3214
90.0	146.0	564.4492
90.0	147.0	563.8017
90.0	148.0	563.3381
90.0	149.0	563.0265
90.0	150.0	562.8475
90.0	151.0	562.7964
90.0	152.0	562.8847
90.0	153.0	563.1409
90.0	154.0	563.6098
90.0	155.0	564.3513
90.0	156.0	565.4381
90.0	157.0	566.9523
90.0	158.0	568.9817
90.0	159.0	571.6153
90.0	160.0	574.9383
90.0	161.0	579.0275
90.0	162.0	583.9462
90.0	163.0	589.7398
90.0	164.0	596.4314
90.0	165.0	604.0192
90.0	166.0	612.4732
90.0	167.0	621.7344
90.0	168.0	631.7143
90.0	169.0	642.2955
90.0	170.0	653.3342
90.0	171.0	664.6629
90.0	172.0	676.0943
90.0	173.0	687.427
90.0	174.0	698.4505
90.0	175.0	708.9516
90.0	176.0	718.7206
90.0	177.0	727.5582
90.0	178.0	735.2813
90.0	179.0	741.7287
90.0	180.0	746.7666
90.0	181.0	750.2923
90.0	181.99999999999997	752.2378
90.0	182.99999999999997	752.5716
90.0	183.99999999999997	751.2994
90.0	184.99999999999997	748.4639
90.0	185.99999999999997	744.1431
90.0	186.99999999999997	738.4472
90.0	188.0	731.5151
90.0	188.99999999999997	723.5092
90.0	190.0	714.6105
90.0	190.99999999999997	705.012
90.0	192.0	694.913
90.0	192.99999999999997	684.5127
90.0	193.99999999999997	674.0043
90.0	194.99999999999997	663.569
90.0	195.99999999999997	653.3716
90.0	197.0	643.5562
90.0	197.99999999999997	634.243
90.0	199.0	625.5258
90.0	199.99999999999997	617.4717
90.0	201.0	610.1206
90.0	201.99999999999997	603.4863
90.0	203.0	597.5587
90.0	203.99999999999997	592.3069
90.0	204.99999999999997	587.6825
90.0	206.0	583.6235
90.0	206.99999999999997	580.0594
90.0	208.0	576.9152
90.0	208.99999999999997	574.1158
90.0	210.0	571.5904
90.0	210.99999999999997	569.2758
90.0	212.0	567.1198
90.0	212.99999999999997	565.083
90.0	214.0	563.1405
90.0	215.0	561.2823
90.0	216.0	559.5129
90.0	217.0	557.8503
90.0	217.99999999999997	556.3236
90.0	219.00000000000003	554.9709
90.0	219.99999999999997	553.8356
90.0	220.99999999999997	552.9632
90.0	221.99999999999997	552.3978
90.0	223.0	552.1777
90.0	224.0	552.333
90.0	224.99999999999997	552.8816
90.0	226.0	553.8271
90.0	227.0	555.1567
90.0	228.0	556.8403
90.0	229.0	558.83
90.0	230.0	561.0607
90.0	230.99999999999997	563.4513
90.0	232.00000000000003	565.9073
90.0	233.0	568.3232
90.0	233.99999999999997	570.5862
90.0	234.99999999999994	572.5799
90.0	236.0	574.1888
90.0	237.0	575.3019
90.0	238.0	575.8175
90.0	239.0	575.6464
90.0	239.99999999999994	574.7158
90.0	241.0	572.9718
90.0	242.0	570.3819
90.0	242.99999999999997	566.9356
90.0	243.99999999999994	562.6455
90.0	245.0	557.5465
90.0	246.0	551.6947
90.0	247.0	545.1652
90.0	248.0	538.0492
90.0	248.99999999999997	530.4511
90.0	250.0	522.4842
90.0	251.0	514.2672
90.0	252.0	505.9194
90.0	252.99999999999997	497.5575
90.0	254.0	489.2913
90.0	255.0	481.2208
90.0	256.0	473.4329
90.0	257.0	466.0003
90.0	258.0	458.9792
90.0	259.0	452.4097
90.0	260.0	446.3156
90.0	261.0	440.7058
90.0	262.0	435.5759
90.0	263.0	430.9112
90.0	264.0	426.6887
90.0	265.0	422.8814
90.0	266.0	419.461
90.0	267.0	416.4013
90.0	268.0	413.6817
90.0	269.0	411.2899
90.0	270.0	409.2239
90.0	271.0	407.4943
90.0	272.0	406.1242
90.0	273.0	405.1502
90.0	274.0	404.6212
90.0	275.0	404.597
90.0	276.0	405.1458
90.0	277.0	406.3415
90.0	278.0	408.2596
90.0	279.0	410.974
90.0	280.0	414.5522
90.0	281.0	419.0515
90.0	282.0	424.5148
90.0	283.0	430.9668
90.0	284.0	438.4111
90.0	285.0	446.8276
90.0	286.0	456.1711
90.0	287.0	466.3702
90.0	288.0	477.3278
90.0	289.0	488.9227
90.0	290.0	501.0115
90.0	291.0	513.4318
90.0	292.0	526.0066
90.0	293.0	538.5489
90.0	294.0	550.8667
90.0	295.0	562.7689
90.0	296.0	574.0706
90.0	297.0	584.5991
90.0	298.0	594.1988
90.0	299.0	602.7357
90.0	300.0	610.102
90.0	301.0	616.2185
90.0	302.0	621.0373
90.0	303.0	624.5424
90.0	304.0	626.7499
90.0	305.0	627.7065
90.0	306.0	627.4879
90.0	307.0	626.1946
90.0	308.0	623.949
90.0	309.0	620.8899
90.0	310.0	617.1678
90.0	311.0	612.9392
90.0	311.99999999999994	608.3614
90.0	313.0	603.5873
90.0	314.0	598.7602
90.0	315.0	594.01
90.0	316.0	589.4492
90.0	317.0	585.1708
90.0	318.0	581.246
90.0	319.0	577.7242
90.0	320.0	574.6329
90.0	321.0	571.9794
90.0	322.0	569.7527
90.0	323.0	567.927
90.0	324.0	566.4648
90.0	325.0	565.3214
90.0	326.0	564.4492
90.0	327.0	563.8017
90.0	328.0	563.3381
90.0	329.0	563.0265
90.0	330.0	562.8475
90.0	331.0	562.7964
90.0	332.0	562.8847
90.0	333.0	563.1409
90.0	334.0	563.6098
90.0	335.0	564.3513
90.0	336.0	565.4381
90.0	337.0	566.9523
90.0	338.0	568.9817
90.0	338.99999999999994	571.6153
90.0	340.0	574.9383
90.0	341.0	579.0275
90.0	342.0	583.9462
90.0	343.0	589.7398
90.0	344.0	596.4314
90.0	345.0	604.0192
90.0	346.0	612.4732
90.0	347.0	621.7344
90.0	347.99999999999994	631.7143
90.0	349.0	642.2955
90.0	350.0	653.3342
90.0	351.0	664.6629
90.0	352.0	676.0943
90.0	353.0	687.427
90.0	354.0	698.4505
90.0	355.0	708.9516
90.0	356.0	718.7206
90.0	356.99999999999994	727.5582
90.0	358.0	735.2813
90.0	359.0	741.7287
