Polar Angle 	 Azimuth Angle 	 Intensity 
90.0	0.0	396.1488
89.0	0.0	392.2044
88.0	0.0	383.2173
87.00000000000001	0.0	369.4236
86.0	0.0	351.2032
85.0	0.0	329.0669
84.0	0.0	303.6374
83.0	0.0	275.627
82.0	0.0	245.8118
81.0	0.0	215.0036
80.0	0.0	184.0212
79.0	0.0	153.6616
78.00000000000001	0.0	124.6723
77.0	0.0	97.7262
76.0	0.0	73.3999
75.0	0.0	52.1564
74.0	0.0	34.3318
73.0	0.0	20.1285
72.0	0.0	9.613
71.0	0.0	2.7199
70.0	0.0	-0.7395
69.00000000000001	0.0	-1.0632
68.0	0.0	1.3594
67.0	0.0	6.0685
66.0	0.0	12.558
65.0	0.0	20.2997
64.0	0.0	28.7687
63.0	0.0	37.4674
62.0	0.0	45.9478
61.0	0.0	53.8305
60.00000000000001	0.0	60.8203
59.00000000000001	0.0	66.7171
58.00000000000001	0.0	71.4228
57.00000000000001	0.0	74.9417
55.99999999999999	0.0	77.3775
55.00000000000001	0.0	78.9244
54.0	0.0	79.8542
53.00000000000001	0.0	80.4996
52.0	0.0	81.2347
51.00000000000001	0.0	82.4536
50.00000000000001	0.0	84.5472
49.00000000000001	0.0	87.8814
48.0	0.0	92.7753
47.0	0.0	99.4819
46.00000000000001	0.0	108.172
45.0	0.0	118.9216
44.0	0.0	131.7038
43.0	0.0	146.3851
42.0	0.0	162.7275
41.0	0.0	180.3948
40.00000000000001	0.0	198.9634
39.0	0.0	217.938
37.99999999999999	0.0	236.7704
37.0	0.0	254.881
36.0	0.0	271.6823
35.0	0.0	286.6028
34.0	0.0	299.1111
33.0	0.0	308.7382
31.99999999999999	0.0	315.0977
31.0	0.0	317.9031
30.000000000000004	0.0	316.9803
29.00000000000001	0.0	312.2761
28.000000000000007	0.0	303.8622
27.00000000000001	0.0	291.933
25.999999999999996	0.0	276.7991
25.000000000000004	0.0	258.8761
24.000000000000004	0.0	238.6685
22.999999999999993	0.0	216.7505
21.999999999999996	0.0	193.7439
21.0	0.0	170.2936
20.00000000000001	0.0	147.0433
19.000000000000014	0.0	124.6103
18.00000000000001	0.0	103.5625
17.000000000000007	0.0	84.3971
15.999999999999995	0.0	67.5226
14.999999999999996	0.0	53.2449
14.0	0.0	41.7579
12.999999999999996	0.0	33.1385
12.000000000000018	0.0	27.3477
10.999999999999993	0.0	24.2355
10.000000000000012	0.0	23.5515
8.999999999999984	0.0	24.9591
7.999999999999981	0.0	28.0542
7.000000000000025	0.0	32.3854
6.000000000000026	0.0	37.4773
4.999999999999992	0.0	42.854
4.000000000000042	0.0	48.062
3.0000000000000444	0.0	52.6932
1.9999999999999472	0.0	56.4037
0.9999999999999002	0.0	58.9314
0.0	0.0	60.108
0.9999999999999002	180.0	59.868
1.9999999999999472	180.0	58.2516
3.0000000000000444	180.0	55.4038
4.000000000000042	180.0	51.5674
4.999999999999992	180.0	47.0719
6.000000000000026	180.0	42.3187
6.9999999999999725	180.0	37.7618
7.999999999999981	180.0	33.8865
8.999999999999984	180.0	31.1862
10.000000000000012	180.0	30.1386
10.999999999999993	180.0	31.182
11.999999999999988	180.0	34.693
12.999999999999996	180.0	40.9673
14.0	180.0	50.2027
14.999999999999996	180.0	62.4868
15.999999999999995	180.0	77.7896
16.99999999999999	180.0	95.9598
17.999999999999986	180.0	116.728
18.999999999999996	180.0	139.7132
19.999999999999993	180.0	164.4354
21.0	180.0	190.3319
21.999999999999996	180.0	216.7773
23.00000000000001	180.0	243.106
24.000000000000004	180.0	268.6371
24.99999999999999	180.0	292.6999
26.000000000000007	180.0	314.6584
26.999999999999996	180.0	333.9357
28.000000000000007	180.0	350.035
28.999999999999996	180.0	362.558
29.999999999999993	180.0	371.219
31.0	180.0	375.8546
31.99999999999999	180.0	376.4284
33.0	180.0	373.0305
34.0	180.0	365.8721
35.000000000000014	180.0	355.2753
36.0	180.0	341.6582
37.000000000000014	180.0	325.517
37.99999999999999	180.0	307.4047
38.99999999999999	180.0	287.9081
40.00000000000001	180.0	267.6239
40.999999999999986	180.0	247.135
42.0	180.0	226.9878
43.0	180.0	207.6718
44.00000000000001	180.0	189.6023
45.0	180.0	173.1068
46.000000000000014	180.0	158.4151
47.0	180.0	145.6556
47.999999999999986	180.0	134.8545
49.00000000000001	180.0	125.9412
49.99999999999999	180.0	118.758
51.00000000000001	180.0	113.0727
51.99999999999999	180.0	108.5962
53.000000000000014	180.0	105.001
53.99999999999999	180.0	101.9426
55.000000000000014	180.0	99.0809
55.99999999999999	180.0	96.1007
56.999999999999986	180.0	92.7319
58.00000000000001	180.0	88.7665
58.99999999999999	180.0	84.0723
60.00000000000001	180.0	78.6034
61.0	180.0	72.4056
62.000000000000014	180.0	65.6173
63.0	180.0	58.4658
64.00000000000001	180.0	51.2588
65.0	180.0	44.3708
65.99999999999999	180.0	38.2272
67.0	180.0	33.2838
68.0	180.0	30.0051
69.00000000000001	180.0	28.8406
70.0	180.0	30.2015
71.00000000000001	180.0	34.4383
72.0	180.0	41.8195
73.00000000000001	180.0	52.5144
74.0	180.0	66.5784
74.99999999999999	180.0	83.9443
76.0	180.0	104.4167
77.0	180.0	127.6735
78.00000000000001	180.0	153.2715
79.0	180.0	180.658
80.00000000000001	180.0	209.1866
81.0	180.0	238.138
82.00000000000001	180.0	266.7435
83.0	180.0	294.2121
83.99999999999999	180.0	319.7576
85.0	180.0	342.6276
86.0	180.0	362.1311
87.00000000000001	180.0	377.6638
88.0	180.0	388.7312
89.00000000000001	180.0	394.9673
90.0	180.0	396.1488
91.00000000000001	180.0	392.2044
92.0	180.0	383.2173
92.99999999999999	180.0	369.4236
94.0	180.0	351.2032
95.0	180.0	329.0669
96.00000000000001	180.0	303.6374
97.0	180.0	275.627
98.00000000000001	180.0	245.8118
99.0	180.0	215.0036
100.00000000000001	180.0	184.0212
101.0	180.0	153.6616
102.00000000000001	180.0	124.6723
103.0	180.0	97.7262
104.0	180.0	73.3999
105.00000000000001	180.0	52.1564
106.0	180.0	34.3318
107.00000000000001	180.0	20.1285
108.0	180.0	9.613
109.00000000000001	180.0	2.7199
110.0	180.0	-0.7395
111.00000000000001	180.0	-1.0632
112.0	180.0	1.3594
113.0	180.0	6.0685
114.00000000000001	180.0	12.558
115.0	180.0	20.2997
116.00000000000001	180.0	28.7687
117.0	180.0	37.4674
118.00000000000001	180.0	45.9478
119.0	180.0	53.8305
120.00000000000001	180.0	60.8203
121.0	180.0	66.7171
122.0	180.0	71.4228
123.00000000000001	180.0	74.9417
124.0	180.0	77.3775
125.00000000000001	180.0	78.9244
126.0	180.0	79.8542
127.00000000000001	180.0	80.4996
128.0	180.0	81.2347
129.00000000000003	180.0	82.4536
130.0	180.0	84.5472
131.0	180.0	87.8814
132.0	180.0	92.7753
133.0	180.0	99.4819
134.0	180.0	108.172
135.0	180.0	118.9216
136.0	180.0	131.7038
137.0	180.0	146.3851
138.00000000000003	180.0	162.7275
139.0	180.0	180.3948
140.0	180.0	198.9634
140.99999999999997	180.0	217.938
142.00000000000003	180.0	236.7704
143.0	180.0	254.881
144.0	180.0	271.6823
145.0	180.0	286.6028
146.00000000000003	180.0	299.1111
147.00000000000003	180.0	308.7382
148.0	180.0	315.0977
149.0	180.0	317.9031
149.99999999999997	180.0	316.9803
151.00000000000003	180.0	312.2761
152.0	180.0	303.8622
153.0	180.0	291.933
154.0	180.0	276.7991
155.00000000000003	180.0	258.8761
156.00000000000003	180.0	238.6685
157.0	180.0	216.7505
158.0	180.0	193.7439
158.99999999999997	180.0	170.2936
160.00000000000003	180.0	147.0433
161.0	180.0	124.6103
162.0	180.0	103.5625
163.0	180.0	84.3971
164.00000000000003	180.0	67.5226
165.00000000000003	180.0	53.2449
166.0	180.0	41.7579
167.0	180.0	33.1385
167.99999999999997	180.0	27.3477
169.00000000000003	180.0	24.2355
169.99999999999997	180.0	23.5515
170.99999999999997	180.0	24.9591
172.0	180.0	28.0542
173.00000000000003	180.0	32.3854
174.00000000000003	180.0	37.4773
175.0	180.0	42.854
175.99999999999997	180.0	48.062
176.99999999999994	180.0	52.6932
178.00000000000006	180.0	56.4037
179.0000000000001	180.0	58.9314
180.0	180.0	60.108
179.0000000000001	0.0	59.868
178.00000000000006	0.0	58.2516
176.99999999999994	0.0	55.4038
176.00000000000006	0.0	51.5674
175.0	0.0	47.0719
174.00000000000003	0.0	42.3187
172.99999999999997	0.0	37.7618
172.0	0.0	33.8865
171.00000000000003	0.0	31.1862
170.00000000000003	0.0	30.1386
168.99999999999997	0.0	31.182
167.99999999999997	0.0	34.693
167.00000000000003	0.0	40.9673
166.00000000000003	0.0	50.2027
165.00000000000003	0.0	62.4868
163.99999999999997	0.0	77.7896
163.0	0.0	95.9598
162.00000000000003	0.0	116.728
161.00000000000003	0.0	139.7132
160.0	0.0	164.4354
159.0	0.0	190.3319
158.00000000000003	0.0	216.7773
157.00000000000003	0.0	243.106
156.00000000000003	0.0	268.6371
154.99999999999997	0.0	292.6999
154.0	0.0	314.6584
153.00000000000003	0.0	333.9357
152.0	0.0	350.035
150.99999999999997	0.0	362.558
150.0	0.0	371.219
149.0	0.0	375.8546
148.0	0.0	376.4284
147.00000000000003	0.0	373.0305
146.0	0.0	365.8721
145.0	0.0	355.2753
144.00000000000003	0.0	341.6582
143.0	0.0	325.517
142.0	0.0	307.4047
140.99999999999997	0.0	287.9081
140.00000000000003	0.0	267.6239
139.00000000000003	0.0	247.135
138.00000000000003	0.0	226.9878
137.0	0.0	207.6718
136.0	0.0	189.6023
135.00000000000003	0.0	173.1068
134.00000000000003	0.0	158.4151
132.99999999999997	0.0	145.6556
131.99999999999997	0.0	134.8545
131.00000000000003	0.0	125.9412
130.00000000000003	0.0	118.758
129.00000000000003	0.0	113.0727
128.0	0.0	108.5962
126.99999999999999	0.0	105.001
126.00000000000003	0.0	101.9426
125.00000000000004	0.0	99.0809
123.99999999999997	0.0	96.1007
122.99999999999999	0.0	92.7319
122.0	0.0	88.7665
121.0	0.0	84.0723
120.00000000000001	0.0	78.6034
119.0	0.0	72.4056
118.00000000000001	0.0	65.6173
117.00000000000003	0.0	58.4658
116.00000000000004	0.0	51.2588
115.0	0.0	44.3708
114.00000000000001	0.0	38.2272
113.00000000000001	0.0	33.2838
112.00000000000003	0.0	30.0051
111.00000000000004	0.0	28.8406
110.0	0.0	30.2015
109.00000000000001	0.0	34.4383
108.00000000000003	0.0	41.8195
107.00000000000004	0.0	52.5144
106.0	0.0	66.5784
105.0	0.0	83.9443
104.00000000000001	0.0	104.4167
103.00000000000001	0.0	127.6735
102.00000000000003	0.0	153.2715
100.99999999999999	0.0	180.658
100.0	0.0	209.1866
99.00000000000001	0.0	238.138
98.00000000000003	0.0	266.7435
96.99999999999999	0.0	294.2121
96.0	0.0	319.7576
95.0	0.0	342.6276
94.00000000000001	0.0	362.1311
93.00000000000003	0.0	377.6638
91.99999999999999	0.0	388.7312
91.0	0.0	394.9673
90.0	90.0	90.9968
89.0	90.0	87.9504
88.0	90.0	84.5014
87.00000000000001	90.0	80.7095
86.0	90.0	76.6416
85.0	90.0	72.3704
84.0	90.0	67.9723
83.0	90.0	63.5253
82.0	90.0	59.107
81.0	90.0	54.7935
80.0	90.0	50.6575
79.0	90.0	46.7669
78.00000000000001	90.0	43.1842
77.0	90.0	39.9656
76.0	90.0	37.1603
75.0	90.0	34.8106
74.0	90.0	32.952
73.0	90.0	31.6129
72.0	90.0	30.8153
71.0	90.0	30.5755
70.0	90.0	30.9041
69.00000000000001	90.0	31.807
68.0	90.0	33.2856
67.0	90.0	35.3376
66.0	90.0	37.957
65.0	90.0	41.1346
64.0	90.0	44.8576
63.0	90.0	49.1104
62.0	90.0	53.8732
61.0	90.0	59.1227
60.00000000000001	90.0	64.8309
59.00000000000001	90.0	70.9651
58.00000000000001	90.0	77.4868
57.00000000000001	90.0	84.3519
55.99999999999999	90.0	91.5094
55.00000000000001	90.0	98.9016
54.0	90.0	106.4641
53.00000000000001	90.0	114.1252
52.0	90.0	121.8069
51.00000000000001	90.0	129.4249
50.00000000000001	90.0	136.8899
49.00000000000001	90.0	144.1085
48.0	90.0	150.9847
47.0	90.0	157.4217
46.00000000000001	90.0	163.3234
45.0	90.0	168.5971
44.0	90.0	173.155
43.0	90.0	176.9169
42.0	90.0	179.812
41.0	90.0	181.7814
40.00000000000001	90.0	182.7795
39.0	90.0	182.7758
37.99999999999999	90.0	181.7563
37.0	90.0	179.7241
36.0	90.0	176.7002
35.0	90.0	172.7234
34.0	90.0	167.8495
33.0	90.0	162.1509
31.99999999999999	90.0	155.7148
31.0	90.0	148.6412
30.000000000000004	90.0	141.0412
29.00000000000001	90.0	133.0341
28.000000000000007	90.0	124.7445
27.00000000000001	90.0	116.2996
25.999999999999996	90.0	107.826
25.000000000000004	90.0	99.4469
24.000000000000004	90.0	91.2787
22.999999999999993	90.0	83.4291
21.999999999999996	90.0	75.9939
21.0	90.0	69.0557
20.00000000000001	90.0	62.6816
19.000000000000014	90.0	56.9228
18.00000000000001	90.0	51.8133
17.000000000000007	90.0	47.3702
15.999999999999995	90.0	43.594
14.999999999999996	90.0	40.4697
14.0	90.0	37.9678
12.999999999999996	90.0	36.0461
12.000000000000018	90.0	34.6522
10.999999999999993	90.0	33.7255
10.000000000000012	90.0	33.1997
8.999999999999984	90.0	33.0055
7.999999999999981	90.0	33.0734
7.000000000000025	90.0	33.3358
6.000000000000026	90.0	33.7296
4.999999999999992	90.0	34.1984
4.000000000000042	90.0	34.6941
3.0000000000000444	90.0	35.1783
1.9999999999999472	90.0	35.6234
0.9999999999999002	90.0	36.0133
0.0	90.0	36.3432
0.9999999999999002	270.0	36.6201
1.9999999999999472	270.0	36.8613
3.0000000000000444	270.0	37.0942
4.000000000000042	270.0	37.3543
4.999999999999992	270.0	37.6842
6.000000000000026	270.0	38.1318
6.9999999999999725	270.0	38.7481
7.999999999999981	270.0	39.5856
8.999999999999984	270.0	40.6964
10.000000000000012	270.0	42.1301
10.999999999999993	270.0	43.9327
11.999999999999988	270.0	46.1442
12.999999999999996	270.0	48.7983
14.0	270.0	51.9205
14.999999999999996	270.0	55.5279
15.999999999999995	270.0	59.6285
16.99999999999999	270.0	64.2208
17.999999999999986	270.0	69.2941
18.999999999999996	270.0	74.8286
19.999999999999993	270.0	80.7957
21.0	270.0	87.1592
21.999999999999996	270.0	93.8753
23.00000000000001	270.0	100.8939
24.000000000000004	270.0	108.1596
24.99999999999999	270.0	115.6125
26.000000000000007	270.0	123.1891
26.999999999999996	270.0	130.8233
28.000000000000007	270.0	138.4474
28.999999999999996	270.0	145.9926
29.999999999999993	270.0	153.3901
31.0	270.0	160.5717
31.99999999999999	270.0	167.4702
33.0	270.0	174.0202
34.0	270.0	180.1587
35.000000000000014	270.0	185.8255
36.0	270.0	190.9636
37.000000000000014	270.0	195.52
37.99999999999999	270.0	199.446
38.99999999999999	270.0	202.6979
40.00000000000001	270.0	205.2376
40.999999999999986	270.0	207.0334
42.0	270.0	208.0603
43.0	270.0	208.301
44.00000000000001	270.0	207.7465
45.0	270.0	206.3966
46.000000000000014	270.0	204.2607
47.0	270.0	201.3581
47.999999999999986	270.0	197.7183
49.00000000000001	270.0	193.3815
49.99999999999999	270.0	188.3981
51.00000000000001	270.0	182.8288
51.99999999999999	270.0	176.7439
53.000000000000014	270.0	170.2228
53.99999999999999	270.0	163.3527
55.000000000000014	270.0	156.2274
55.99999999999999	270.0	148.9459
56.999999999999986	270.0	141.6104
58.00000000000001	270.0	134.3244
58.99999999999999	270.0	127.191
60.00000000000001	270.0	120.3101
61.0	270.0	113.7766
62.000000000000014	270.0	107.6781
63.0	270.0	102.0928
64.00000000000001	270.0	97.0876
65.0	270.0	92.7165
65.99999999999999	270.0	89.0192
67.0	270.0	86.0197
68.0	270.0	83.7262
69.00000000000001	270.0	82.1305
70.0	270.0	81.2084
71.00000000000001	270.0	80.9198
72.0	270.0	81.2105
73.00000000000001	270.0	82.013
74.0	270.0	83.2488
74.99999999999999	270.0	84.8302
76.0	270.0	86.6626
77.0	270.0	88.6473
78.00000000000001	270.0	90.6843
79.0	270.0	92.6743
80.00000000000001	270.0	94.5221
81.0	270.0	96.1385
82.00000000000001	270.0	97.4428
83.0	270.0	98.3648
83.99999999999999	270.0	98.8465
85.0	270.0	98.8431
86.0	270.0	98.3242
87.00000000000001	270.0	97.274
88.0	270.0	95.6916
89.00000000000001	270.0	93.5902
90.0	270.0	90.9968
91.00000000000001	270.0	87.9504
92.0	270.0	84.5014
92.99999999999999	270.0	80.7095
94.0	270.0	76.6416
95.0	270.0	72.3704
96.00000000000001	270.0	67.9723
97.0	270.0	63.5253
98.00000000000001	270.0	59.107
99.0	270.0	54.7935
100.00000000000001	270.0	50.6575
101.0	270.0	46.7669
102.00000000000001	270.0	43.1842
103.0	270.0	39.9656
104.0	270.0	37.1603
105.00000000000001	270.0	34.8106
106.0	270.0	32.952
107.00000000000001	270.0	31.6129
108.0	270.0	30.8153
109.00000000000001	270.0	30.5755
110.0	270.0	30.9041
111.00000000000001	270.0	31.807
112.0	270.0	33.2856
113.0	270.0	35.3376
114.00000000000001	270.0	37.957
115.0	270.0	41.1346
116.00000000000001	270.0	44.8576
117.0	270.0	49.1104
118.00000000000001	270.0	53.8732
119.0	270.0	59.1227
120.00000000000001	270.0	64.8309
121.0	270.0	70.9651
122.0	270.0	77.4868
123.00000000000001	270.0	84.3519
124.0	270.0	91.5094
125.00000000000001	270.0	98.9016
126.0	270.0	106.4641
127.00000000000001	270.0	114.1252
128.0	270.0	121.8069
129.00000000000003	270.0	129.4249
130.0	270.0	136.8899
131.0	270.0	144.1085
132.0	270.0	150.9847
133.0	270.0	157.4217
134.0	270.0	163.3234
135.0	270.0	168.5971
136.0	270.0	173.155
137.0	270.0	176.9169
138.00000000000003	270.0	179.812
139.0	270.0	181.7814
140.0	270.0	182.7795
140.99999999999997	270.0	182.7758
142.00000000000003	270.0	181.7563
143.0	270.0	179.7241
144.0	270.0	176.7002
145.0	270.0	172.7234
146.00000000000003	270.0	167.8495
147.00000000000003	270.0	162.1509
148.0	270.0	155.7148
149.0	270.0	148.6412
149.99999999999997	270.0	141.0412
151.00000000000003	270.0	133.0341
152.0	270.0	124.7445
153.0	270.0	116.2996
154.0	270.0	107.826
155.00000000000003	270.0	99.4469
156.00000000000003	270.0	91.2787
157.0	270.0	83.4291
158.0	270.0	75.9939
158.99999999999997	270.0	69.0557
160.00000000000003	270.0	62.6816
161.0	270.0	56.9228
162.0	270.0	51.8133
163.0	270.0	47.3702
164.00000000000003	270.0	43.594
165.00000000000003	270.0	40.4697
166.0	270.0	37.9678
167.0	270.0	36.0461
167.99999999999997	270.0	34.6522
169.00000000000003	270.0	33.7255
169.99999999999997	270.0	33.1997
170.99999999999997	270.0	33.0055
172.0	270.0	33.0734
173.00000000000003	270.0	33.3358
174.00000000000003	270.0	33.7296
175.0	270.0	34.1984
175.99999999999997	270.0	34.6941
176.99999999999994	270.0	35.1783
178.00000000000006	270.0	35.6234
179.0000000000001	270.0	36.0133
180.0	270.0	36.3432
179.0000000000001	90.0	36.6201
178.00000000000006	90.0	36.8613
176.99999999999994	90.0	37.0942
176.00000000000006	90.0	37.3543
175.0	90.0	37.6842
174.00000000000003	90.0	38.1318
172.99999999999997	90.0	38.7481
172.0	90.0	39.5856
171.00000000000003	90.0	40.6964
170.00000000000003	90.0	42.1301
168.99999999999997	90.0	43.9327
167.99999999999997	90.0	46.1442
167.00000000000003	90.0	48.7983
166.00000000000003	90.0	51.9205
165.00000000000003	90.0	55.5279
163.99999999999997	90.0	59.6285
163.0	90.0	64.2208
162.00000000000003	90.0	69.2941
161.00000000000003	90.0	74.8286
160.0	90.0	80.7957
159.0	90.0	87.1592
158.00000000000003	90.0	93.8753
157.00000000000003	90.0	100.8939
156.00000000000003	90.0	108.1596
154.99999999999997	90.0	115.6125
154.0	90.0	123.1891
153.00000000000003	90.0	130.8233
152.0	90.0	138.4474
150.99999999999997	90.0	145.9926
150.0	90.0	153.3901
149.0	90.0	160.5717
148.0	90.0	167.4702
147.00000000000003	90.0	174.0202
146.0	90.0	180.1587
145.0	90.0	185.8255
144.00000000000003	90.0	190.9636
143.0	90.0	195.52
142.0	90.0	199.446
140.99999999999997	90.0	202.6979
140.00000000000003	90.0	205.2376
139.00000000000003	90.0	207.0334
138.00000000000003	90.0	208.0603
137.0	90.0	208.301
136.0	90.0	207.7465
135.00000000000003	90.0	206.3966
134.00000000000003	90.0	204.2607
132.99999999999997	90.0	201.3581
131.99999999999997	90.0	197.7183
131.00000000000003	90.0	193.3815
130.00000000000003	90.0	188.3981
129.00000000000003	90.0	182.8288
128.0	90.0	176.7439
126.99999999999999	90.0	170.2228
126.00000000000003	90.0	163.3527
125.00000000000004	90.0	156.2274
123.99999999999997	90.0	148.9459
122.99999999999999	90.0	141.6104
122.0	90.0	134.3244
121.0	90.0	127.191
120.00000000000001	90.0	120.3101
119.0	90.0	113.7766
118.00000000000001	90.0	107.6781
117.00000000000003	90.0	102.0928
116.00000000000004	90.0	97.0876
115.0	90.0	92.7165
114.00000000000001	90.0	89.0192
113.00000000000001	90.0	86.0197
112.00000000000003	90.0	83.7262
111.00000000000004	90.0	82.1305
110.0	90.0	81.2084
109.00000000000001	90.0	80.9198
108.00000000000003	90.0	81.2105
107.00000000000004	90.0	82.013
106.0	90.0	83.2488
105.0	90.0	84.8302
104.00000000000001	90.0	86.6626
103.00000000000001	90.0	88.6473
102.00000000000003	90.0	90.6843
100.99999999999999	90.0	92.6743
100.0	90.0	94.5221
99.00000000000001	90.0	96.1385
98.00000000000003	90.0	97.4428
96.99999999999999	90.0	98.3648
96.0	90.0	98.8465
95.0	90.0	98.8431
94.00000000000001	90.0	98.3242
93.00000000000003	90.0	97.274
91.99999999999999	90.0	95.6916
91.0	90.0	93.5902
90.0	45.0	195.3431
89.0	45.0	192.4064
88.0	45.0	187.9271
87.00000000000001	45.0	182.0194
86.0	45.0	174.8365
85.0	45.0	166.5665
84.0	45.0	157.4259
83.0	45.0	147.6528
82.0	45.0	137.499
81.0	45.0	127.2222
80.0	45.0	117.0774
79.0	45.0	107.3093
78.00000000000001	45.0	98.1445
77.0	45.0	89.7849
76.0	45.0	82.4024
75.0	45.0	76.1339
74.0	45.0	71.0791
73.0	45.0	67.2984
72.0	45.0	64.8132
71.0	45.0	63.6075
70.0	45.0	63.6308
69.00000000000001	45.0	64.802
68.0	45.0	67.0149
67.0	45.0	70.1438
66.0	45.0	74.05
65.0	45.0	78.5887
64.0	45.0	83.615
63.0	45.0	88.9905
62.0	45.0	94.5885
61.0	45.0	100.2986
60.00000000000001	45.0	106.0303
59.00000000000001	45.0	111.7154
58.00000000000001	45.0	117.3086
57.00000000000001	45.0	122.7875
55.99999999999999	45.0	128.1508
55.00000000000001	45.0	133.4158
54.0	45.0	138.6141
53.00000000000001	45.0	143.7877
52.0	45.0	148.9831
51.00000000000001	45.0	154.2464
50.00000000000001	45.0	159.6175
49.00000000000001	45.0	165.125
48.0	45.0	170.7816
47.0	45.0	176.5802
46.00000000000001	45.0	182.4908
45.0	45.0	188.4595
44.0	45.0	194.4074
43.0	45.0	200.232
42.0	45.0	205.8095
41.0	45.0	210.9983
40.00000000000001	45.0	215.6437
39.0	45.0	219.5836
37.99999999999999	45.0	222.6548
37.0	45.0	224.7001
36.0	45.0	225.5749
35.0	45.0	225.1541
34.0	45.0	223.3386
33.0	45.0	220.0604
31.99999999999999	45.0	215.2877
31.0	45.0	209.0276
30.000000000000004	45.0	201.3279
29.00000000000001	45.0	192.2777
28.000000000000007	45.0	182.006
27.00000000000001	45.0	170.6782
25.999999999999996	45.0	158.4923
25.000000000000004	45.0	145.6727
24.000000000000004	45.0	132.4634
22.999999999999993	45.0	119.1204
21.999999999999996	45.0	105.9026
21.0	45.0	93.064
20.00000000000001	45.0	80.8447
19.000000000000014	45.0	69.4629
18.00000000000001	45.0	59.1074
17.000000000000007	45.0	49.9318
15.999999999999995	45.0	42.0493
14.999999999999996	45.0	35.5293
14.0	45.0	30.3959
12.999999999999996	45.0	26.628
12.000000000000018	45.0	24.161
10.999999999999993	45.0	22.8906
10.000000000000012	45.0	22.678
8.999999999999984	45.0	23.3559
7.999999999999981	45.0	24.7369
7.000000000000025	45.0	26.6213
6.000000000000026	45.0	28.8061
4.999999999999992	45.0	31.0941
4.000000000000042	45.0	33.3023
3.0000000000000444	45.0	35.2701
1.9999999999999472	45.0	36.8664
0.9999999999999002	45.0	37.9951
0.0	45.0	38.6
0.9999999999999002	225.0	38.6665
1.9999999999999472	225.0	38.2234
3.0000000000000444	225.0	37.3412
4.000000000000042	225.0	36.1297
4.999999999999992	225.0	34.733
6.000000000000026	225.0	33.3243
6.9999999999999725	225.0	32.0979
7.999999999999981	225.0	31.2613
8.999999999999984	225.0	31.0263
10.000000000000012	225.0	31.5998
10.999999999999993	225.0	33.1747
11.999999999999988	225.0	35.9214
12.999999999999996	225.0	39.9798
14.0	225.0	45.4527
14.999999999999996	225.0	52.4004
15.999999999999995	225.0	60.8369
16.99999999999999	225.0	70.728
17.999999999999986	225.0	81.991
18.999999999999996	225.0	94.4965
19.999999999999993	225.0	108.0714
21.0	225.0	122.5044
21.999999999999996	225.0	137.5517
23.00000000000001	225.0	152.9452
24.000000000000004	225.0	168.4005
24.99999999999999	225.0	183.6259
26.000000000000007	225.0	198.3317
26.999999999999996	225.0	212.2387
28.000000000000007	225.0	225.0871
28.999999999999996	225.0	236.644
29.999999999999993	225.0	246.7095
31.0	225.0	255.1226
31.99999999999999	225.0	261.7646
33.0	225.0	266.5612
34.0	225.0	269.4834
35.000000000000014	225.0	270.5461
36.0	225.0	269.8058
37.000000000000014	225.0	267.3568
37.99999999999999	225.0	263.3259
38.99999999999999	225.0	257.867
40.00000000000001	225.0	251.1543
40.999999999999986	225.0	243.3754
42.0	225.0	234.7248
43.0	225.0	225.3969
44.00000000000001	225.0	215.5804
45.0	225.0	205.4525
46.000000000000014	225.0	195.175
47.0	225.0	184.8908
47.999999999999986	225.0	174.7217
49.00000000000001	225.0	164.7677
49.99999999999999	225.0	155.1074
51.00000000000001	225.0	145.7992
51.99999999999999	225.0	136.8835
53.000000000000014	225.0	128.3861
53.99999999999999	225.0	120.3216
55.000000000000014	225.0	112.6977
55.99999999999999	225.0	105.5188
56.999999999999986	225.0	98.7904
58.00000000000001	225.0	92.5223
58.99999999999999	225.0	86.7314
60.00000000000001	225.0	81.4442
61.0	225.0	76.6975
62.000000000000014	225.0	72.539
63.0	225.0	69.0263
64.00000000000001	225.0	66.2249
65.0	225.0	64.2057
65.99999999999999	225.0	63.0413
67.0	225.0	62.802
68.0	225.0	63.5507
69.00000000000001	225.0	65.3388
70.0	225.0	68.2011
71.00000000000001	225.0	72.1515
72.0	225.0	77.179
73.00000000000001	225.0	83.2451
74.0	225.0	90.2815
74.99999999999999	225.0	98.1894
76.0	225.0	106.8395
77.0	225.0	116.0741
78.00000000000001	225.0	125.7099
79.0	225.0	135.5418
80.00000000000001	225.0	145.3489
81.0	225.0	154.9
82.00000000000001	225.0	163.9608
83.0	225.0	172.301
83.99999999999999	225.0	179.7022
85.0	225.0	185.9648
86.0	225.0	190.915
87.00000000000001	225.0	194.4112
88.0	225.0	196.3493
89.00000000000001	225.0	196.6662
90.0	225.0	195.3431
91.00000000000001	225.0	192.4064
92.0	225.0	187.9271
92.99999999999999	225.0	182.0194
94.0	225.0	174.8365
95.0	225.0	166.5665
96.00000000000001	225.0	157.4259
97.0	225.0	147.6528
98.00000000000001	225.0	137.499
99.0	225.0	127.2222
100.00000000000001	225.0	117.0774
101.0	225.0	107.3093
102.00000000000001	225.0	98.1445
103.0	225.0	89.7849
104.0	225.0	82.4024
105.00000000000001	225.0	76.1339
106.0	225.0	71.0791
107.00000000000001	225.0	67.2984
108.0	225.0	64.8132
109.00000000000001	225.0	63.6075
110.0	225.0	63.6308
111.00000000000001	225.0	64.802
112.0	225.0	67.0149
113.0	225.0	70.1438
114.00000000000001	225.0	74.05
115.0	225.0	78.5887
116.00000000000001	225.0	83.615
117.0	225.0	88.9905
118.00000000000001	225.0	94.5885
119.0	225.0	100.2986
120.00000000000001	225.0	106.0303
121.0	225.0	111.7154
122.0	225.0	117.3086
123.00000000000001	225.0	122.7875
124.0	225.0	128.1508
125.00000000000001	225.0	133.4158
126.0	225.0	138.6141
127.00000000000001	225.0	143.7877
128.0	225.0	148.9831
129.00000000000003	225.0	154.2464
130.0	225.0	159.6175
131.0	225.0	165.125
132.0	225.0	170.7816
133.0	225.0	176.5802
134.0	225.0	182.4908
135.0	225.0	188.4595
136.0	225.0	194.4074
137.0	225.0	200.232
138.00000000000003	225.0	205.8095
139.0	225.0	210.9983
140.0	225.0	215.6437
140.99999999999997	225.0	219.5836
142.00000000000003	225.0	222.6548
143.0	225.0	224.7001
144.0	225.0	225.5749
145.0	225.0	225.1541
146.00000000000003	225.0	223.3386
147.00000000000003	225.0	220.0604
148.0	225.0	215.2877
149.0	225.0	209.0276
149.99999999999997	225.0	201.3279
151.00000000000003	225.0	192.2777
152.0	225.0	182.006
153.0	225.0	170.6782
154.0	225.0	158.4923
155.00000000000003	225.0	145.6727
156.00000000000003	225.0	132.4634
157.0	225.0	119.1204
158.0	225.0	105.9026
158.99999999999997	225.0	93.064
160.00000000000003	225.0	80.8447
161.0	225.0	69.4629
162.0	225.0	59.1074
163.0	225.0	49.9318
164.00000000000003	225.0	42.0493
165.00000000000003	225.0	35.5293
166.0	225.0	30.3959
167.0	225.0	26.628
167.99999999999997	225.0	24.161
169.00000000000003	225.0	22.8906
169.99999999999997	225.0	22.678
170.99999999999997	225.0	23.3559
172.0	225.0	24.7369
173.00000000000003	225.0	26.6213
174.00000000000003	225.0	28.8061
175.0	225.0	31.0941
175.99999999999997	225.0	33.3023
176.99999999999994	225.0	35.2701
178.00000000000006	225.0	36.8664
179.0000000000001	225.0	37.9951
180.0	225.0	38.6
179.0000000000001	45.0	38.6665
178.00000000000006	45.0	38.2234
176.99999999999994	45.0	37.3412
176.00000000000006	45.0	36.1297
175.0	45.0	34.733
174.00000000000003	45.0	33.3243
172.99999999999997	45.0	32.0979
172.0	45.0	31.2613
171.00000000000003	45.0	31.0263
170.00000000000003	45.0	31.5998
168.99999999999997	45.0	33.1747
167.99999999999997	45.0	35.9214
167.00000000000003	45.0	39.9798
166.00000000000003	45.0	45.4527
165.00000000000003	45.0	52.4004
163.99999999999997	45.0	60.8369
163.0	45.0	70.728
162.00000000000003	45.0	81.991
161.00000000000003	45.0	94.4965
160.0	45.0	108.0714
159.0	45.0	122.5044
158.00000000000003	45.0	137.5517
157.00000000000003	45.0	152.9452
156.00000000000003	45.0	168.4005
154.99999999999997	45.0	183.6259
154.0	45.0	198.3317
153.00000000000003	45.0	212.2387
152.0	45.0	225.0871
150.99999999999997	45.0	236.644
150.0	45.0	246.7095
149.0	45.0	255.1226
148.0	45.0	261.7646
147.00000000000003	45.0	266.5612
146.0	45.0	269.4834
145.0	45.0	270.5461
144.00000000000003	45.0	269.8058
143.0	45.0	267.3568
142.0	45.0	263.3259
140.99999999999997	45.0	257.867
140.00000000000003	45.0	251.1543
139.00000000000003	45.0	243.3754
138.00000000000003	45.0	234.7248
137.0	45.0	225.3969
136.0	45.0	215.5804
135.00000000000003	45.0	205.4525
134.00000000000003	45.0	195.175
132.99999999999997	45.0	184.8908
131.99999999999997	45.0	174.7217
131.00000000000003	45.0	164.7677
130.00000000000003	45.0	155.1074
129.00000000000003	45.0	145.7992
128.0	45.0	136.8835
126.99999999999999	45.0	128.3861
126.00000000000003	45.0	120.3216
125.00000000000004	45.0	112.6977
123.99999999999997	45.0	105.5188
122.99999999999999	45.0	98.7904
122.0	45.0	92.5223
121.0	45.0	86.7314
120.00000000000001	45.0	81.4442
119.0	45.0	76.6975
118.00000000000001	45.0	72.539
117.00000000000003	45.0	69.0263
116.00000000000004	45.0	66.2249
115.0	45.0	64.2057
114.00000000000001	45.0	63.0413
113.00000000000001	45.0	62.802
112.00000000000003	45.0	63.5507
111.00000000000004	45.0	65.3388
110.0	45.0	68.2011
109.00000000000001	45.0	72.1515
108.00000000000003	45.0	77.179
107.00000000000004	45.0	83.2451
106.0	45.0	90.2815
105.0	45.0	98.1894
104.00000000000001	45.0	106.8395
103.00000000000001	45.0	116.0741
102.00000000000003	45.0	125.7099
100.99999999999999	45.0	135.5418
100.0	45.0	145.3489
99.00000000000001	45.0	154.9
98.00000000000003	45.0	163.9608
96.99999999999999	45.0	172.301
96.0	45.0	179.7022
95.0	45.0	185.9648
94.00000000000001	45.0	190.915
93.00000000000003	45.0	194.4112
91.99999999999999	45.0	196.3493
91.0	45.0	196.6662
90.0	0.0	155.6887
89.29291116952395	0.7071426817872533	152.9129
88.58593006627854	1.4145007934175506	149.3881
87.87916453235917	2.122289895867879	145.1795
87.1727226397129	2.8307258121018455	140.3936
86.4667128053692	3.540024757356371	135.1745
85.76124390703504	4.250403468570711	129.6976
85.05642539917308	4.962079332655645	124.1627
84.3523674296794	5.675270513286652	118.785
83.64918095727445	6.390196075887154	113.7852
82.94697786971682	7.107076110446535	109.3791
82.24587110294536	7.826131851792348	105.7676
81.54597476125012	8.547585796906942	103.1265
80.84740423856572	9.271661818845425	101.5977
80.15027634097487	9.998585276774412	101.2813
79.45470941050044	10.728583121609057	102.2299
78.76082345025607	11.461883996679509	104.4446
78.0687402510143	12.198718332806749	107.8734
77.37858351923944	12.939318437111838	112.4118
76.69047900661849	13.683918574821595	117.9058
76.00455464110858	14.432755043267381	124.1576
75.32094065950206	15.186066237202516	130.9324
74.63976974149092	15.944092704486447	137.9677
73.96117714519126	16.707077191101824	144.9839
73.28530084406378	17.47526467438212	151.6954
72.61228166514054	18.2489023832344	157.8226
71.94226342843773	19.028239804042187	163.1035
71.27539308740191	19.813528670829413	167.3046
70.61182087020094	20.605022938156644	170.231
69.95170042163069	21.402978735106455	171.7346
69.29518894536457	22.207654298596484	171.7208
68.64244734622547	23.019309884136224	170.152
67.99364037210603	23.838207652018653	167.0501
67.34893675510656	24.664611526811417	162.4948
66.70850935139694	25.498787027884514	156.6206
66.07253527924108	26.34100106858589	149.6111
65.44119605454999	27.191521721553002	141.6904
64.81467772324949	28.05061794753063	133.1141
64.19317098966519	28.918559284955432	124.1575
63.57687134003648	29.79561549746857	115.1039
62.965979160175145	30.68205617643342	106.2321
62.36069984618289	31.5781502954692	97.8039
61.761243907035045	32.484165713968785	90.0534
61.16782705772538	33.400368626554155	83.1762
60.58067030155157	34.32702295544232	77.3216
59.99999999999999	35.264389682754654	72.5862
59.42604792856702	36.212726119908915	69.0103
58.8590513167294	37.17228511139536	66.5771
58.29925287015328	38.143314170462425	65.2142
57.74690077310915	39.12605454453247	64.7985
57.20224866894282	40.12074020854298	65.1631
56.66555561634145	41.12759678487194	66.1067
56.13708601903233	42.14684038906587	67.4044
55.61710952646371	43.178676401255004	68.821
55.10590090294487	44.223298163918535	70.1236
54.60373986267208	45.28088560756104	71.0956
54.11091086804023	46.3516038068849	71.5498
53.62770288864506	47.435601471194154	71.3405
53.154409118419395	48.53300937404573	70.3737
52.691326648427214	49.643938728569864	68.6159
52.23875609296496	50.76847951640774	66.0992
51.79700116679687	51.90669877984987	62.9248
51.36636821158484	53.05863888848747	59.2621
50.94716566986906	54.22431579349069	55.3452
50.539703505316	55.40371728447302	51.4664
50.14429256838126	56.59680126575802	47.9661
49.76124390703504	57.80349407069134	45.2206
49.390868022772075	59.02368883439022	43.6273
49.03347407277117	60.25724394694163	43.5887
48.68936901978189	61.503981610489745	45.495
48.35885673209022	62.76368652482927	49.7063
48.04223703674405	64.03610472697835	56.5357
47.73980473009234	65.32094261067617	66.233
47.45184855059514	66.61786615176922	78.9707
47.178650119779434	67.92650036495783	94.832
46.920482858129056	69.2464290163152	113.8017
46.677610883583455	70.57719461432482	135.7616
46.450287901158305	71.91829869987819	160.4878
46.23875609296496	73.2692024527246	187.6539
46.043245018569806	74.62932762827676	216.8363
45.86397053617525	75.99805783448308	247.5248
45.701133755495384	77.37474015373697	279.1352
45.554920033420714	78.7586871095844	311.0264
45.42549802359849	80.14917897242118	342.5185
45.31301879088406	81.5454663925662	372.9138
45.21761500123496	82.94677334320139	401.5186
45.1394001970194	84.35230034984485	427.6646
45.07846816689916	85.76122797743554	450.7308
45.03489241843145	87.17272054092642	470.1633
45.00872576033472	88.58593000067151	485.4933
45.0	90.0	496.3525
45.00872576033472	91.41406999932849	502.4848
45.03489241843145	92.82727945907358	503.7547
45.07846816689916	94.23877202256445	500.151
45.1394001970194	95.64769965015516	491.7875
45.21761500123496	97.05322665679864	478.898
45.31301879088406	98.45453360743382	461.8283
45.42549802359848	99.85082102757882	441.0242
45.554920033420714	101.2413128904156	417.0164
45.701133755495384	102.62525984626303	390.4025
45.86397053617525	104.00194216551692	361.8271
46.043245018569806	105.37067237172324	331.9609
46.238756092964955	106.73079754727539	301.4794
46.450287901158305	108.08170130012182	271.0412
46.677610883583455	109.42280538567519	241.2684
46.920482858129056	110.7535709836848	212.7284
47.178650119779434	112.07349963504215	185.9181
47.45184855059512	113.38213384823077	161.251
47.73980473009234	114.67905738932384	139.0484
48.04223703674405	115.96389527302166	119.5332
48.3588567320902	117.23631347517073	102.8285
48.68936901978189	118.49601838951025	88.9593
49.03347407277117	119.74275605305839	77.858
49.39086802277208	120.9763111656098	69.3731
49.76124390703504	122.19650592930867	63.2806
50.14429256838125	123.40319873424197	59.2982
50.539703505316005	124.59628271552698	57.1003
50.94716566986905	125.77568420650928	56.3343
51.36636821158484	126.94136111151253	56.638
51.79700116679685	128.09330122015012	57.6546
52.23875609296496	129.23152048359225	59.0491
52.691326648427214	130.35606127143015	60.5208
53.154409118419395	131.46699062595425	61.8152
53.62770288864506	132.56439852880584	62.7325
54.11091086804023	133.64839619311508	63.1335
54.60373986267208	134.71911439243897	62.9422
55.10590090294487	135.7767018360815	62.1459
55.617109526463715	136.821323598745	60.792
56.13708601903233	137.8531596109341	58.9821
56.66555561634144	138.87240321512806	56.8639
57.20224866894282	139.879259791457	54.6209
57.74690077310915	140.87394545546752	52.4612
58.29925287015328	141.85668582953758	50.6053
58.8590513167294	142.82771488860465	49.2728
59.42604792856702	143.7872738800911	48.6713
59.99999999999999	144.73561031724535	48.984
60.58067030155157	145.6729770445577	50.3604
61.16782705772538	146.59963137344585	52.9081
61.76124390703503	147.5158342860312	56.6866
62.36069984618289	148.4218497045308	61.7039
62.96597916017513	149.31794382356657	67.9158
63.57687134003648	150.20438450253144	75.2265
64.19317098966519	151.08144071504458	83.4934
64.81467772324949	151.9493820524694	92.5325
65.44119605454999	152.808478278447	102.127
66.0725352792411	153.65899893141415	112.0359
66.70850935139694	154.5012129721155	122.0051
67.34893675510656	155.3353884731886	131.7779
67.99364037210603	156.16179234798136	141.1062
68.64244734622547	156.98069011586378	149.7609
69.29518894536457	157.79234570140352	157.5411
69.95170042163069	158.59702126489356	164.2824
70.61182087020094	159.39497706184335	169.863
71.2753930874019	160.1864713291706	174.2083
71.94226342843773	160.9717601959578	177.2922
72.61228166514054	161.7510976167656	179.1377
73.28530084406377	162.52473532561788	179.814
73.96117714519126	163.29292280889817	179.4319
74.63976974149092	164.05590729551355	178.1378
75.32094065950206	164.8139337627975	176.1055
76.00455464110858	165.56724495673262	173.5272
76.6904790066185	166.31608142517842	170.6041
77.37858351923944	167.06068156288816	167.5359
78.0687402510143	167.80128166719328	164.512
78.76082345025605	168.5381160033205	161.7018
79.45470941050044	169.27141687839094	159.247
80.15027634097487	170.0014147232256	157.2559
80.84740423856572	170.72833818115458	155.7981
81.54597476125012	171.45241420309307	154.9026
82.24587110294536	172.17386814820765	154.5569
82.94697786971682	172.8929238895535	154.7092
83.64918095727445	173.60980392411287	155.2717
84.3523674296794	174.32472948671335	156.1264
85.05642539917308	175.03792066734437	157.132
85.76124390703502	175.7495965314293	158.1323
86.4667128053692	176.45997524264365	158.9652
87.17272263971289	177.16927418789817	159.4721
87.87916453235917	177.87771010413212	159.507
88.58593006627854	178.58549920658245	158.9458
89.29291116952395	179.29285731821275	157.693
90.0	180.0	155.6887
90.70708883047607	180.70714268178725	152.9129
91.41406993372146	181.41450079341755	149.3881
92.12083546764083	182.12228989586788	145.1795
92.82727736028711	182.83072581210183	140.3936
93.5332871946308	183.54002475735635	135.1745
94.23875609296496	184.2504034685707	129.6976
94.94357460082692	184.96207933265563	124.1627
95.64763257032061	185.67527051328665	118.785
96.35081904272555	186.39019607588713	113.7852
97.05302213028318	187.1070761104465	109.3791
97.75412889705464	187.82613185179233	105.7676
98.45402523874989	188.54758579690696	103.1265
99.15259576143428	189.27166181884542	101.5977
99.84972365902512	189.9985852767744	101.2813
100.54529058949956	190.72858312160906	102.2299
101.23917654974393	191.4618839966795	104.4446
101.93125974898571	192.19871833280675	107.8734
102.62141648076054	192.93931843711184	112.4118
103.30952099338153	193.68391857482158	117.9058
103.99544535889142	194.43275504326738	124.1576
104.67905934049796	195.18606623720254	130.9324
105.36023025850908	195.94409270448645	137.9677
106.03882285480874	196.7070771911018	144.9839
106.71469915593623	197.4752646743821	151.6954
107.38771833485946	198.2489023832344	157.8226
108.05773657156229	199.0282398040422	163.1035
108.7246069125981	199.8135286708294	167.3046
109.38817912979906	200.60502293815665	170.231
110.04829957836931	201.40297873510644	171.7346
110.70481105463544	202.20765429859648	171.7208
111.35755265377453	203.01930988413622	170.152
112.00635962789397	203.83820765201864	167.0501
112.65106324489344	204.6646115268114	162.4948
113.29149064860306	205.49878702788448	156.6206
113.92746472075892	206.34100106858588	149.6111
114.55880394545001	207.191521721553	141.6904
115.18532227675053	208.05061794753064	133.1141
115.8068290103348	208.91855928495542	124.1575
116.42312865996352	209.79561549746856	115.1039
117.03402083982486	210.68205617643343	106.2321
117.63930015381712	211.5781502954692	97.8039
118.23875609296496	212.48416571396876	90.0534
118.83217294227461	213.40036862655413	83.1762
119.41932969844842	214.32702295544232	77.3216
120.00000000000001	215.26438968275463	72.5862
120.573952071433	216.2127261199089	69.0103
121.14094868327061	217.17228511139535	66.5771
121.70074712984672	218.14331417046245	65.2142
122.25309922689084	219.12605454453248	64.7985
122.79775133105717	220.12074020854297	65.1631
123.33444438365854	221.1275967848719	66.1067
123.86291398096766	222.1468403890659	67.4044
124.38289047353629	223.17867640125502	68.821
124.89409909705513	224.2232981639185	70.1236
125.39626013732791	225.28088560756103	71.0956
125.88908913195978	226.35160380688492	71.5498
126.37229711135494	227.43560147119416	71.3405
126.84559088158062	228.53300937404572	70.3737
127.30867335157278	229.64393872856982	68.6159
127.76124390703504	230.7684795164077	66.0992
128.20299883320317	231.90669877984988	62.9248
128.6336317884152	233.05863888848748	59.2621
129.05283433013093	234.2243157934907	55.3452
129.460296494684	235.40371728447298	51.4664
129.85570743161875	236.59680126575802	47.9661
130.23875609296496	237.80349407069136	45.2206
130.60913197722795	239.0236888343902	43.6273
130.96652592722884	240.25724394694157	43.5887
131.31063098021812	241.50398161048972	45.495
131.6411432679098	242.7636865248293	49.7063
131.95776296325596	244.03610472697835	56.5357
132.26019526990768	245.32094261067616	66.233
132.54815144940486	246.6178661517692	78.9707
132.8213498802206	247.92650036495786	94.832
133.07951714187095	249.2464290163152	113.8017
133.32238911641656	250.5771946143248	135.7616
133.5497120988417	251.91829869987816	160.4878
133.76124390703504	253.26920245272458	187.6539
133.9567549814302	254.62932762827677	216.8363
134.13602946382477	255.99805783448306	247.5248
134.2988662445046	257.374740153737	279.1352
134.44507996657927	258.75868710958434	311.0264
134.57450197640154	260.14917897242117	342.5185
134.68698120911597	261.5454663925662	372.9138
134.78238499876502	262.94677334320136	401.5186
134.8605998029806	264.3523003498448	427.6646
134.92153183310086	265.7612279774355	450.7308
134.96510758156856	267.17272054092643	470.1633
134.99127423966527	268.5859300006715	485.4933
135.0	270.0	496.3525
134.99127423966527	271.4140699993285	502.4848
134.96510758156856	272.82727945907357	503.7547
134.92153183310086	274.2387720225645	500.151
134.8605998029806	275.6476996501551	491.7875
134.78238499876502	277.0532266567986	478.898
134.68698120911597	278.45453360743375	461.8283
134.57450197640154	279.85082102757883	441.0242
134.44507996657927	281.2413128904156	417.0164
134.2988662445046	282.625259846263	390.4025
134.13602946382477	284.0019421655169	361.8271
133.9567549814302	285.37067237172323	331.9609
133.76124390703504	286.7307975472754	301.4794
133.5497120988417	288.08170130012184	271.0412
133.32238911641656	289.42280538567513	241.2684
133.07951714187095	290.75357098368477	212.7284
132.82134988022057	292.0734996350422	185.9181
132.54815144940488	293.38213384823075	161.251
132.26019526990768	294.6790573893238	139.0484
131.95776296325596	295.9638952730216	119.5332
131.6411432679098	297.23631347517073	102.8285
131.31063098021812	298.49601838951025	88.9593
130.96652592722884	299.7427560530584	77.858
130.60913197722795	300.9763111656098	69.3731
130.23875609296496	302.1965059293086	63.2806
129.85570743161873	303.403198734242	59.2982
129.46029649468403	304.59628271552697	57.1003
129.05283433013096	305.7756842065093	56.3343
128.6336317884152	306.9413611115125	56.638
128.20299883320317	308.0933012201501	57.6546
127.76124390703505	309.23152048359225	59.0491
127.3086733515728	310.3560612714301	60.5208
126.84559088158062	311.4669906259543	61.8152
126.37229711135495	312.5643985288058	62.7325
125.88908913195978	313.6483961931151	63.1335
125.39626013732794	314.71911439243894	62.9422
124.89409909705515	315.77670183608143	62.1459
124.38289047353632	316.821323598745	60.792
123.86291398096766	317.85315961093414	58.9821
123.33444438365856	318.8724032151281	56.8639
122.7977513310572	319.879259791457	54.6209
122.25309922689087	320.8739454554675	52.4612
121.70074712984675	321.8566858295375	50.6053
121.14094868327061	322.82771488860465	49.2728
120.57395207143298	323.7872738800911	48.6713
120.00000000000001	324.73561031724535	48.984
119.41932969844845	325.6729770445577	50.3604
118.83217294227461	326.59963137344585	52.9081
118.23875609296496	327.51583428603124	56.6866
117.63930015381712	328.4218497045308	61.7039
117.03402083982486	329.31794382356657	67.9158
116.42312865996352	330.2043845025314	75.2265
115.8068290103348	331.08144071504455	83.4934
115.18532227675053	331.9493820524694	92.5325
114.55880394545002	332.808478278447	102.127
113.92746472075895	333.6589989314141	112.0359
113.29149064860304	334.5012129721155	122.0051
112.65106324489344	335.3353884731886	131.7779
112.00635962789399	336.16179234798136	141.1062
111.35755265377455	336.98069011586375	149.7609
110.70481105463546	337.79234570140346	157.5411
110.04829957836931	338.59702126489356	164.2824
109.38817912979906	339.39497706184335	169.863
108.7246069125981	340.18647132917056	174.2083
108.05773657156229	340.9717601959578	177.2922
107.38771833485946	341.7510976167656	179.1377
106.71469915593623	342.5247353256179	179.814
106.03882285480876	343.2929228088982	179.4319
105.36023025850909	344.0559072955135	178.1378
104.67905934049797	344.8139337627975	176.1055
103.99544535889142	345.5672449567326	173.5272
103.30952099338151	346.3160814251784	170.6041
102.62141648076056	347.06068156288813	167.5359
101.93125974898572	347.8012816671932	164.512
101.23917654974393	348.5381160033205	161.7018
100.54529058949956	349.27141687839094	159.247
99.84972365902513	350.0014147232256	157.2559
99.15259576143428	350.7283381811546	155.7981
98.4540252387499	351.45241420309304	154.9026
97.75412889705464	352.17386814820765	154.5569
97.05302213028318	352.89292388955346	154.7092
96.35081904272556	353.60980392411284	155.2717
95.64763257032062	354.32472948671335	156.1264
94.94357460082692	355.03792066734434	157.132
94.23875609296496	355.7495965314293	158.1323
93.53328719463082	356.4599752426436	158.9652
92.82727736028713	357.16927418789817	159.4721
92.12083546764086	357.8777101041321	159.507
91.41406993372146	358.5854992065825	158.9458
90.70708883047607	359.2928573182127	157.693
90.0	90.0	89.2664
89.29291116952395	89.29285731821274	88.2893
88.58593006627854	88.58549920658245	87.6063
87.87916453235917	87.87771010413212	87.2374
87.1727226397129	87.16927418789815	87.2001
86.4667128053692	86.45997524264364	87.5086
85.76124390703504	85.74959653142929	88.1734
85.05642539917308	85.03792066734437	89.2002
84.3523674296794	84.32472948671335	90.5895
83.64918095727445	83.60980392411285	92.3357
82.94697786971682	82.89292388955346	94.4266
82.24587110294536	82.17386814820766	96.8434
81.54597476125012	81.45241420309306	99.5599
80.84740423856572	80.72833818115458	102.5431
80.15027634097487	80.0014147232256	105.7528
79.45470941050044	79.27141687839094	109.1426
78.76082345025607	78.5381160033205	112.6602
78.0687402510143	77.80128166719327	116.2483
77.37858351923944	77.06068156288816	119.8455
76.69047900661849	76.31608142517841	123.3879
76.00455464110858	75.56724495673262	126.8101
75.32094065950206	74.81393376279749	130.0469
74.63976974149092	74.05590729551355	133.0345
73.96117714519126	73.29292280889818	135.7125
73.28530084406378	72.52473532561788	138.0251
72.61228166514054	71.7510976167656	139.9227
71.94226342843773	70.97176019595781	141.3632
71.27539308740191	70.18647132917059	142.3131
70.61182087020094	69.39497706184336	142.7486
69.95170042163069	68.59702126489356	142.6562
69.29518894536457	67.79234570140352	142.0334
68.64244734622547	66.98069011586378	140.8884
67.99364037210603	66.16179234798135	139.2408
67.34893675510656	65.33538847318859	137.1205
66.70850935139694	64.50121297211548	134.5673
66.07253527924108	63.65899893141411	131.6302
65.44119605454999	62.808478278447	128.3658
64.81467772324949	61.94938205246937	124.8374
64.19317098966519	61.081440715044565	121.1133
63.57687134003648	60.20438450253143	117.265
62.965979160175145	59.31794382356658	113.3659
62.36069984618289	58.4218497045308	109.4894
61.761243907035045	57.515834286031215	105.7072
61.16782705772538	56.59963137344585	102.0878
60.58067030155157	55.67297704455769	98.6949
59.99999999999999	54.735610317245346	95.5864
59.42604792856702	53.787273880091085	92.8131
58.8590513167294	52.827714888604646	90.4178
58.29925287015328	51.85668582953758	88.4348
57.74690077310915	50.87394545546753	86.8893
57.20224866894282	49.87925979145702	85.7977
56.66555561634145	48.87240321512806	85.1673
56.13708601903233	47.85315961093413	84.9965
55.61710952646371	46.821323598745	85.2761
55.10590090294487	45.776701836081465	85.9891
54.60373986267208	44.71911439243896	87.112
54.11091086804023	43.6483961931151	88.6161
53.62770288864506	42.564398528805846	90.4676
53.154409118419395	41.46699062595427	92.6297
52.691326648427214	40.356061271430136	95.0628
52.23875609296496	39.23152048359226	97.7262
51.79700116679687	38.09330122015014	100.5784
51.36636821158484	36.941361111512535	103.5786
50.94716566986906	35.77568420650932	106.6871
50.539703505316	34.59628271552699	109.8656
50.14429256838126	33.40319873424199	113.0785
49.76124390703504	32.19650592930866	116.2924
49.390868022772075	30.976311165609783	119.4769
49.03347407277117	29.742756053058372	122.6042
48.68936901978189	28.496018389510258	125.6496
48.35885673209022	27.236313475170732	128.5909
48.04223703674405	25.963895273021652	131.4086
47.73980473009234	24.679057389323834	134.0853
47.45184855059514	23.382133848230776	136.6059
47.178650119779434	22.07349963504216	138.9567
46.920482858129056	20.753570983684796	141.126
46.677610883583455	19.422805385675183	143.1031
46.450287901158305	18.08170130012181	144.8785
46.23875609296496	16.730797547275397	146.4441
46.043245018569806	15.370672371723243	147.7923
45.86397053617525	14.001942165516926	148.9171
45.701133755495384	12.625259846263035	149.8132
45.554920033420714	11.241312890415616	150.4769
45.42549802359849	9.850821027578828	150.9058
45.31301879088406	8.454533607433808	151.0992
45.21761500123496	7.053226656798624	151.0582
45.1394001970194	5.647699650155149	150.7863
45.07846816689916	4.238772022564465	150.2887
45.03489241843145	2.8272794590735852	149.5736
45.00872576033472	1.414069999328503	148.6514
45.0	4.961562726608714e-15	147.5349
45.00872576033472	358.5859300006715	146.2397
45.03489241843145	357.17272054092643	144.7834
45.07846816689916	355.76122797743557	143.186
45.1394001970194	354.3523003498448	141.469
45.21761500123496	352.94677334320136	139.6555
45.31301879088406	351.5454663925662	137.7695
45.42549802359848	350.14917897242117	135.8356
45.554920033420714	348.7586871095844	133.8782
45.701133755495384	347.374740153737	131.9215
45.86397053617525	345.99805783448306	129.9883
46.043245018569806	344.62932762827677	128.1
46.238756092964955	343.26920245272464	126.2761
46.450287901158305	341.91829869987816	124.5337
46.677610883583455	340.5771946143248	122.8873
46.920482858129056	339.2464290163152	121.3486
47.178650119779434	337.92650036495786	119.9266
47.45184855059512	336.61786615176925	118.627
47.73980473009234	335.3209426106762	117.4533
48.04223703674405	334.03610472697835	116.4062
48.3588567320902	332.76368652482927	115.4841
48.68936901978189	331.50398161048975	114.684
49.03347407277117	330.2572439469416	114.0011
49.39086802277208	329.0236888343902	113.43
49.76124390703504	327.80349407069133	112.9648
50.14429256838125	326.596801265758	112.5997
50.539703505316005	325.40371728447303	112.3294
50.94716566986905	324.2243157934907	112.1496
51.36636821158484	323.05863888848745	112.0572
51.79700116679685	321.9066987798499	112.0506
52.23875609296496	320.76847951640775	112.1297
52.691326648427214	319.6439387285699	112.2963
53.154409118419395	318.5330093740457	112.5534
53.62770288864506	317.43560147119416	112.9057
54.11091086804023	316.3516038068849	113.3588
54.60373986267208	315.28088560756106	113.9188
55.10590090294487	314.2232981639185	114.5923
55.617109526463715	313.17867640125496	115.3854
56.13708601903233	312.14684038906586	116.3035
56.66555561634144	311.12759678487197	117.3505
57.20224866894282	310.120740208543	118.5285
57.74690077310915	309.1260545445325	119.8371
58.29925287015328	308.1433141704624	121.2731
58.8590513167294	307.17228511139535	122.8303
59.42604792856702	306.2127261199089	124.4989
59.99999999999999	305.26438968275465	126.2659
60.58067030155157	304.3270229554423	128.1147
61.16782705772538	303.40036862655415	130.0254
61.76124390703503	302.4841657139688	131.9751
62.36069984618289	301.5781502954692	133.9384
62.96597916017513	300.68205617643343	135.8876
63.57687134003648	299.7956154974686	137.7936
64.19317098966519	298.91855928495545	139.6264
64.81467772324949	298.0506179475306	141.3558
65.44119605454999	297.191521721553	142.9523
66.0725352792411	296.3410010685859	144.3876
66.70850935139694	295.49878702788453	145.6352
67.34893675510656	294.6646115268114	146.6716
67.99364037210603	293.83820765201864	147.4762
68.64244734622547	293.0193098841362	148.0319
69.29518894536457	292.2076542985965	148.3259
69.95170042163069	291.40297873510644	148.3493
70.61182087020094	290.60502293815665	148.0977
71.2753930874019	289.81352867082944	147.5708
71.94226342843773	289.0282398040422	146.7725
72.61228166514054	288.2489023832344	145.7105
73.28530084406377	287.4752646743821	144.3961
73.96117714519126	286.7070771911018	142.8437
74.63976974149092	285.9440927044865	141.0703
75.32094065950206	285.1860662372025	139.095
76.00455464110858	284.4327550432674	136.9385
76.6904790066185	283.6839185748216	134.6227
77.37858351923944	282.93931843711187	132.1703
78.0687402510143	282.1987183328067	129.6039
78.76082345025605	281.4618839966795	126.9465
79.45470941050044	280.72858312160906	124.2203
80.15027634097487	279.9985852767744	121.4473
80.84740423856572	279.2716618188454	118.6489
81.54597476125012	278.54758579690696	115.8461
82.24587110294536	277.82613185179235	113.059
82.94697786971682	277.10707611044654	110.3076
83.64918095727445	276.39019607588716	107.6119
84.3523674296794	275.67527051328665	104.9917
85.05642539917308	274.96207933265566	102.4671
85.76124390703502	274.2504034685707	100.0586
86.4667128053692	273.5400247573564	97.7872
87.17272263971289	272.83072581210183	95.6748
87.87916453235917	272.1222898958679	93.7436
88.58593006627854	271.4145007934176	92.0164
89.29291116952395	270.7071426817872	90.5163
90.0	270.0	89.2664
90.70708883047607	269.2928573182127	88.2893
91.41406993372146	268.5854992065824	87.6063
92.12083546764083	267.8777101041321	87.2374
92.82727736028711	267.16927418789817	87.2001
93.5332871946308	266.4599752426436	87.5086
94.23875609296496	265.7495965314293	88.1734
94.94357460082692	265.03792066734434	89.2002
95.64763257032061	264.32472948671335	90.5895
96.35081904272555	263.60980392411284	92.3357
97.05302213028318	262.89292388955346	94.4266
97.75412889705464	262.17386814820765	96.8434
98.45402523874989	261.45241420309304	99.5599
99.15259576143428	260.7283381811546	102.5431
99.84972365902512	260.0014147232256	105.7528
100.54529058949956	259.27141687839094	109.1426
101.23917654974393	258.5381160033205	112.6602
101.93125974898571	257.8012816671933	116.2483
102.62141648076054	257.06068156288813	119.8455
103.30952099338153	256.31608142517837	123.3879
103.99544535889142	255.56724495673262	126.8101
104.67905934049796	254.8139337627975	130.0469
105.36023025850908	254.05590729551355	133.0345
106.03882285480874	253.2929228088982	135.7125
106.71469915593623	252.52473532561788	138.0251
107.38771833485946	251.7510976167656	139.9227
108.05773657156229	250.9717601959578	141.3632
108.7246069125981	250.18647132917056	142.3131
109.38817912979906	249.39497706184335	142.7486
110.04829957836931	248.59702126489356	142.6562
110.70481105463544	247.79234570140352	142.0334
111.35755265377453	246.98069011586378	140.8884
112.00635962789397	246.16179234798136	139.2408
112.65106324489344	245.33538847318857	137.1205
113.29149064860306	244.50121297211547	134.5673
113.92746472075892	243.6589989314141	131.6302
114.55880394545001	242.808478278447	128.3658
115.18532227675053	241.9493820524694	124.8374
115.8068290103348	241.08144071504458	121.1133
116.42312865996352	240.2043845025314	117.265
117.03402083982486	239.31794382356657	113.3659
117.63930015381712	238.4218497045308	109.4894
118.23875609296496	237.5158342860312	105.7072
118.83217294227461	236.59963137344585	102.0878
119.41932969844842	235.67297704455768	98.6949
120.00000000000001	234.73561031724535	95.5864
120.573952071433	233.78727388009108	92.8131
121.14094868327061	232.82771488860465	90.4178
121.70074712984672	231.85668582953755	88.4348
122.25309922689084	230.87394545546752	86.8893
122.79775133105717	229.879259791457	85.7977
123.33444438365854	228.8724032151281	85.1673
123.86291398096766	227.8531596109341	84.9965
124.38289047353629	226.82132359874498	85.2761
124.89409909705513	225.7767018360815	85.9891
125.39626013732791	224.71911439243897	87.112
125.88908913195978	223.64839619311508	88.6161
126.37229711135494	222.56439852880584	90.4676
126.84559088158062	221.46699062595428	92.6297
127.30867335157278	220.35606127143015	95.0628
127.76124390703504	219.23152048359228	97.7262
128.20299883320317	218.0933012201501	100.5784
128.6336317884152	216.94136111151252	103.5786
129.05283433013093	215.7756842065093	106.6871
129.460296494684	214.59628271552702	109.8656
129.85570743161875	213.40319873424195	113.0785
130.23875609296496	212.19650592930864	116.2924
130.60913197722795	210.9763111656098	119.4769
130.96652592722884	209.74275605305837	122.6042
131.31063098021812	208.49601838951028	125.6496
131.6411432679098	207.2363134751707	128.5909
131.95776296325596	205.96389527302162	131.4086
132.26019526990768	204.67905738932384	134.0853
132.54815144940486	203.38213384823078	136.6059
132.8213498802206	202.07349963504214	138.9567
133.07951714187095	200.75357098368477	141.126
133.32238911641656	199.4228053856752	143.1031
133.5497120988417	198.08170130012184	144.8785
133.76124390703504	196.73079754727542	146.4441
133.9567549814302	195.3706723717232	147.7923
134.13602946382477	194.0019421655169	148.9171
134.2988662445046	192.62525984626305	149.8132
134.44507996657927	191.24131289041563	150.4769
134.57450197640154	189.8508210275788	150.9058
134.68698120911597	188.4545336074338	151.0992
134.78238499876502	187.0532266567986	151.0582
134.8605998029806	185.64769965015518	150.7863
134.92153183310086	184.2387720225645	150.2887
134.96510758156856	182.82727945907357	149.5736
134.99127423966527	181.4140699993285	148.6514
135.0	180.0	147.5349
134.99127423966527	178.58593000067157	146.2397
134.96510758156856	177.1727205409264	144.7834
134.92153183310086	175.76122797743554	143.186
134.8605998029806	174.35230034984485	141.469
134.78238499876502	172.94677334320141	139.6555
134.68698120911597	171.54546639256625	137.7695
134.57450197640154	170.14917897242117	135.8356
134.44507996657927	168.7586871095844	133.8782
134.2988662445046	167.37474015373698	131.9215
134.13602946382477	165.9980578344831	129.9883
133.9567549814302	164.62932762827674	128.1
133.76124390703504	163.2692024527246	126.2761
133.5497120988417	161.9182986998782	124.5337
133.32238911641656	160.57719461432484	122.8873
133.07951714187095	159.24642901631526	121.3486
132.82134988022057	157.92650036495783	119.9266
132.54815144940488	156.61786615176925	118.627
132.26019526990768	155.32094261067618	117.4533
131.95776296325596	154.03610472697838	116.4062
131.6411432679098	152.76368652482927	115.4841
131.31063098021812	151.50398161048975	114.684
130.96652592722884	150.25724394694163	114.0011
130.60913197722795	149.02368883439024	113.43
130.23875609296496	147.80349407069139	112.9648
129.85570743161873	146.596801265758	112.5997
129.46029649468403	145.403717284473	112.3294
129.05283433013096	144.22431579349072	112.1496
128.6336317884152	143.0586388884875	112.0572
128.20299883320317	141.90669877984988	112.0506
127.76124390703505	140.76847951640775	112.1297
127.3086733515728	139.64393872856988	112.2963
126.84559088158062	138.53300937404575	112.5534
126.37229711135495	137.4356014711942	112.9057
125.88908913195978	136.35160380688492	113.3588
125.39626013732794	135.28088560756106	113.9188
124.89409909705515	134.22329816391854	114.5923
124.38289047353632	133.17867640125502	115.3854
123.86291398096766	132.14684038906586	116.3035
123.33444438365856	131.12759678487194	117.3505
122.7977513310572	130.120740208543	118.5285
122.25309922689087	129.12605454453248	119.8371
121.70074712984675	128.14331417046245	121.2731
121.14094868327061	127.17228511139534	122.8303
120.57395207143298	126.21272611990892	124.4989
120.00000000000001	125.26438968275468	126.2659
119.41932969844845	124.32702295544235	128.1147
118.83217294227461	123.40036862655414	130.0254
118.23875609296496	122.48416571396879	131.9751
117.63930015381712	121.57815029546921	133.9384
117.03402083982486	120.68205617643345	135.8876
116.42312865996352	119.79561549746859	137.7936
115.8068290103348	118.91855928495542	139.6264
115.18532227675053	118.05061794753063	141.3558
114.55880394545002	117.19152172155302	142.9523
113.92746472075895	116.34100106858591	144.3876
113.29149064860304	115.49878702788452	145.6352
112.65106324489344	114.66461152681141	146.6716
112.00635962789399	113.83820765201867	147.4762
111.35755265377455	113.01930988413625	148.0319
110.70481105463546	112.20765429859652	148.3259
110.04829957836931	111.40297873510644	148.3493
109.38817912979906	110.60502293815665	148.0977
108.7246069125981	109.81352867082943	147.5708
108.05773657156229	109.02823980404222	146.7725
107.38771833485946	108.2489023832344	145.7105
106.71469915593623	107.47526467438213	144.3961
106.03882285480876	106.70707719110183	142.8437
105.36023025850909	105.94409270448648	141.0703
104.67905934049797	105.18606623720254	139.095
103.99544535889142	104.43275504326738	136.9385
103.30952099338151	103.68391857482159	134.6227
102.62141648076056	102.93931843711185	132.1703
101.93125974898572	102.19871833280676	129.6039
101.23917654974393	101.4618839966795	126.9465
100.54529058949956	100.72858312160906	124.2203
99.84972365902513	99.99858527677442	121.4473
99.15259576143428	99.27166181884544	118.6489
98.4540252387499	98.54758579690696	115.8461
97.75412889705464	97.82613185179234	113.059
97.05302213028318	97.10707611044654	110.3076
96.35081904272556	96.39019607588716	107.6119
95.64763257032062	95.67527051328666	104.9917
94.94357460082692	94.96207933265563	102.4671
94.23875609296496	94.25040346857071	100.0586
93.53328719463082	93.54002475735638	97.7872
92.82727736028713	92.83072581210186	95.6748
92.12083546764086	92.12228989586791	93.7436
91.41406993372146	91.41450079341756	92.0164
90.70708883047607	90.70714268178726	90.5163
90.0	0.0	104.8296
90.0	1.0	104.0497
90.0	2.0	102.9553
90.0	3.0000000000000004	101.538
90.0	4.0	99.832
90.0	5.0	97.9122
90.0	6.000000000000001	95.8915
90.0	7.0	93.9152
90.0	8.0	92.1537
90.0	9.0	90.7946
90.0	10.0	90.0326
90.0	11.0	90.06
90.0	12.0	91.0559
90.0	13.0	93.1773
90.0	14.0	96.5493
90.0	14.999999999999998	101.2578
90.0	16.0	107.3434
90.0	17.000000000000004	114.797
90.0	18.0	123.558
90.0	19.0	133.5143
90.0	20.0	144.505
90.0	21.0	156.3248
90.0	22.0	168.7309
90.0	23.0	181.4513
90.0	24.000000000000004	194.1948
90.0	25.0	206.6615
90.0	26.0	218.5544
90.0	26.999999999999996	229.5907
90.0	28.0	239.5124
90.0	29.000000000000004	248.0967
90.0	29.999999999999996	255.1641
90.0	31.0	260.5856
90.0	32.0	264.2872
90.0	33.0	266.2525
90.0	34.00000000000001	266.5229
90.0	35.0	265.1953
90.0	36.0	262.4177
90.0	37.0	258.382
90.0	38.0	253.3162
90.0	39.0	247.4745
90.0	40.0	241.1257
90.0	41.0	234.5428
90.0	42.0	227.9908
90.0	43.0	221.7163
90.0	44.0	215.9372
90.0	45.0	210.8346
90.0	46.00000000000001	206.5457
90.0	47.0	203.1596
90.0	48.00000000000001	200.7147
90.0	49.00000000000001	199.199
90.0	50.0	198.5529
90.0	51.0	198.6739
90.0	52.0	199.4232
90.0	53.0	200.6354
90.0	54.0	202.1276
90.0	55.0	203.7113
90.0	56.0	205.2031
90.0	57.00000000000001	206.4368
90.0	58.00000000000001	207.2733
90.0	59.00000000000001	207.6107
90.0	59.99999999999999	207.3917
90.0	61.0	206.6099
90.0	62.0	205.3128
90.0	63.0	203.6028
90.0	64.0	201.6358
90.0	65.0	199.6165
90.0	66.0	197.7915
90.0	67.0	196.4403
90.0	68.0	195.8641
90.0	69.0	196.3732
90.0	70.0	198.2737
90.0	71.0	201.8529
90.0	72.0	207.3664
90.0	73.0	215.0242
90.0	74.0	224.9797
90.0	75.0	237.3191
90.0	76.0	252.0544
90.0	77.0	269.1185
90.0	78.0	288.3627
90.0	79.0	309.5583
90.0	80.0	332.4004
90.0	81.0	356.5153
90.0	82.0	381.4704
90.0	83.0	406.7862
90.0	84.0	431.9509
90.0	85.0	456.4361
90.0	86.0	479.7131
90.0	87.0	501.2701
90.0	88.0	520.6283
90.0	89.0	537.3577
90.0	90.0	551.0905
90.0	91.0	561.533
90.0	92.0	568.4747
90.0	93.0	571.7946
90.0	94.0	571.464
90.0	95.0	567.5467
90.0	96.00000000000001	560.1957
90.0	97.0	549.6463
90.0	98.0	536.2076
90.0	99.0	520.2507
90.0	100.0	502.1952
90.0	101.0	482.4942
90.0	102.0	461.6191
90.0	103.0	440.0434
90.0	104.0	418.2274
90.0	105.00000000000001	396.6037
90.0	106.0	375.5648
90.0	107.0	355.4517
90.0	108.0	336.5459
90.0	109.0	319.0633
90.0	110.0	303.1517
90.0	111.0	288.89
90.0	112.0	276.2917
90.0	113.0	265.3093
90.0	114.00000000000001	255.8423
90.0	115.0	247.7464
90.0	116.00000000000001	240.8443
90.0	117.0	234.9372
90.0	118.00000000000001	229.8172
90.0	119.0	225.2788
90.0	119.99999999999999	221.1298
90.0	121.0	217.2019
90.0	122.0	213.3584
90.0	123.00000000000001	209.5004
90.0	124.0	205.5715
90.0	125.00000000000001	201.5589
90.0	126.0	197.493
90.0	127.00000000000001	193.4444
90.0	128.0	189.5188
90.0	129.0	185.8499
90.0	130.0	182.5909
90.0	131.0	179.9051
90.0	132.0	177.9554
90.0	133.0	176.8944
90.0	134.0	176.8544
90.0	135.0	177.9382
90.0	136.0	180.2114
90.0	137.0	183.6966
90.0	138.0	188.3691
90.0	139.0	194.155
90.0	140.0	200.9316
90.0	141.0	208.5301
90.0	142.0	216.7405
90.0	143.0	225.3182
90.0	144.0	233.9928
90.0	145.0	242.4778
90.0	146.0	250.4811
90.0	147.0	257.7168
90.0	148.0	263.9155
90.0	149.0	268.8355
90.0	150.0	272.272
90.0	151.0	274.0652
90.0	152.0	274.107
90.0	153.0	272.3449
90.0	154.0	268.784
90.0	155.0	263.4873
90.0	156.0	256.5723
90.0	157.0	248.2067
90.0	158.0	238.6016
90.0	159.0	228.0028
90.0	160.0	216.681
90.0	161.0	204.9212
90.0	162.0	193.0119
90.0	163.0	181.2334
90.0	164.0	169.8477
90.0	165.0	159.0889
90.0	166.0	149.155
90.0	167.0	140.2013
90.0	168.0	132.3366
90.0	169.0	125.62
90.0	170.0	120.0616
90.0	171.0	115.6244
90.0	172.0	112.2285
90.0	173.0	109.7575
90.0	174.0	108.0659
90.0	175.0	106.988
90.0	176.0	106.3478
90.0	177.0	105.969
90.0	178.0	105.6842
90.0	179.0	105.345
90.0	180.0	104.8296
90.0	181.0	104.0497
90.0	181.99999999999997	102.9553
90.0	182.99999999999997	101.538
90.0	183.99999999999997	99.832
90.0	184.99999999999997	97.9122
90.0	185.99999999999997	95.8915
90.0	186.99999999999997	93.9152
90.0	188.0	92.1537
90.0	188.99999999999997	90.7946
90.0	190.0	90.0326
90.0	190.99999999999997	90.06
90.0	192.0	91.0559
90.0	192.99999999999997	93.1773
90.0	193.99999999999997	96.5493
90.0	194.99999999999997	101.2578
90.0	195.99999999999997	107.3434
90.0	197.0	114.797
90.0	197.99999999999997	123.558
90.0	199.0	133.5143
90.0	199.99999999999997	144.505
90.0	201.0	156.3248
90.0	201.99999999999997	168.7309
90.0	203.0	181.4513
90.0	203.99999999999997	194.1948
90.0	204.99999999999997	206.6615
90.0	206.0	218.5544
90.0	206.99999999999997	229.5907
90.0	208.0	239.5124
90.0	208.99999999999997	248.0967
90.0	210.0	255.1641
90.0	210.99999999999997	260.5856
90.0	212.0	264.2872
90.0	212.99999999999997	266.2525
90.0	214.0	266.5229
90.0	215.0	265.1953
90.0	216.0	262.4177
90.0	217.0	258.382
90.0	217.99999999999997	253.3162
90.0	219.00000000000003	247.4745
90.0	219.99999999999997	241.1257
90.0	220.99999999999997	234.5428
90.0	221.99999999999997	227.9908
90.0	223.0	221.7163
90.0	224.0	215.9372
90.0	224.99999999999997	210.8346
90.0	226.0	206.5457
90.0	227.0	203.1596
90.0	228.0	200.7147
90.0	229.0	199.199
90.0	230.0	198.5529
90.0	230.99999999999997	198.6739
90.0	232.00000000000003	199.4232
90.0	233.0	200.6354
90.0	233.99999999999997	202.1276
90.0	234.99999999999994	203.7113
90.0	236.0	205.2031
90.0	237.0	206.4368
90.0	238.0	207.2733
90.0	239.0	207.6107
90.0	239.99999999999994	207.3917
90.0	241.0	206.6099
90.0	242.0	205.3128
90.0	242.99999999999997	203.6028
90.0	243.99999999999994	201.6358
90.0	245.0	199.6165
90.0	246.0	197.7915
90.0	247.0	196.4403
90.0	248.0	195.8641
90.0	248.99999999999997	196.3732
90.0	250.0	198.2737
90.0	251.0	201.8529
90.0	252.0	207.3664
90.0	252.99999999999997	215.0242
90.0	254.0	224.9797
90.0	255.0	237.3191
90.0	256.0	252.0544
90.0	257.0	269.1185
90.0	258.0	288.3627
90.0	259.0	309.5583
90.0	260.0	332.4004
90.0	261.0	356.5153
90.0	262.0	381.4704
90.0	263.0	406.7862
90.0	264.0	431.9509
90.0	265.0	456.4361
90.0	266.0	479.7131
90.0	267.0	501.2701
90.0	268.0	520.6283
90.0	269.0	537.3577
90.0	270.0	551.0905
90.0	271.0	561.533
90.0	272.0	568.4747
90.0	273.0	571.7946
90.0	274.0	571.464
90.0	275.0	567.5467
90.0	276.0	560.1957
90.0	277.0	549.6463
90.0	278.0	536.2076
90.0	279.0	520.2507
90.0	280.0	502.1952
90.0	281.0	482.4942
90.0	282.0	461.6191
90.0	283.0	440.0434
90.0	284.0	418.2274
90.0	285.0	396.6037
90.0	286.0	375.5648
90.0	287.0	355.4517
90.0	288.0	336.5459
90.0	289.0	319.0633
90.0	290.0	303.1517
90.0	291.0	288.89
90.0	292.0	276.2917
90.0	293.0	265.3093
90.0	294.0	255.8423
90.0	295.0	247.7464
90.0	296.0	240.8443
90.0	297.0	234.9372
90.0	298.0	229.8172
90.0	299.0	225.2788
90.0	300.0	221.1298
90.0	301.0	217.2019
90.0	302.0	213.3584
90.0	303.0	209.5004
90.0	304.0	205.5715
90.0	305.0	201.5589
90.0	306.0	197.493
90.0	307.0	193.4444
90.0	308.0	189.5188
90.0	309.0	185.8499
90.0	310.0	182.5909
90.0	311.0	179.9051
90.0	311.99999999999994	177.9554
90.0	313.0	176.8944
90.0	314.0	176.8544
90.0	315.0	177.9382
90.0	316.0	180.2114
90.0	317.0	183.6966
90.0	318.0	188.3691
90.0	319.0	194.155
90.0	320.0	200.9316
90.0	321.0	208.5301
90.0	322.0	216.7405
90.0	323.0	225.3182
90.0	324.0	233.9928
90.0	325.0	242.4778
90.0	326.0	250.4811
90.0	327.0	257.7168
90.0	328.0	263.9155
90.0	329.0	268.8355
90.0	330.0	272.272
90.0	331.0	274.0652
90.0	332.0	274.107
90.0	333.0	272.3449
90.0	334.0	268.784
90.0	335.0	263.4873
90.0	336.0	256.5723
90.0	337.0	248.2067
90.0	338.0	238.6016
90.0	338.99999999999994	228.0028
90.0	340.0	216.681
90.0	341.0	204.9212
90.0	342.0	193.0119
90.0	343.0	181.2334
90.0	344.0	169.8477
90.0	345.0	159.0889
90.0	346.0	149.155
90.0	347.0	140.2013
90.0	347.99999999999994	132.3366
90.0	349.0	125.62
90.0	350.0	120.0616
90.0	351.0	115.6244
90.0	352.0	112.2285
90.0	353.0	109.7575
90.0	354.0	108.0659
90.0	355.0	106.988
90.0	356.0	106.3478
90.0	356.99999999999994	105.969
90.0	358.0	105.6842
90.0	359.0	105.345
