Polar Angle 	 Azimuth Angle 	 Intensity 
90.0	0.0	11265.9403
89.0	0.0	11198.8776
88.0	0.0	11024.2042
87.00000000000001	0.0	10747.3363
86.0	0.0	10377.0416
85.0	0.0	9925.0902
84.0	0.0	9405.7865
83.0	0.0	8835.402
82.0	0.0	8231.5329
81.0	0.0	7612.4098
80.0	0.0	6996.1901
79.0	0.0	6400.2606
78.00000000000001	0.0	5840.5824
77.0	0.0	5331.1032
76.0	0.0	4883.2637
75.0	0.0	4505.6164
74.0	0.0	4203.5738
73.0	0.0	3979.2943
72.0	0.0	3831.7105
71.0	0.0	3756.6971
70.0	0.0	3747.3693
69.00000000000001	0.0	3794.4975
68.0	0.0	3887.0198
67.0	0.0	4012.6272
66.0	0.0	4158.3966
65.0	0.0	4311.4412
64.0	0.0	4459.5505
63.0	0.0	4591.7897
62.0	0.0	4699.0331
61.0	0.0	4774.4061
60.00000000000001	0.0	4813.617
59.00000000000001	0.0	4815.164
58.00000000000001	0.0	4780.4069
57.00000000000001	0.0	4713.5017
55.99999999999999	0.0	4621.1998
55.00000000000001	0.0	4512.5224
54.0	0.0	4398.3226
53.00000000000001	0.0	4290.7564
52.0	0.0	4202.6856
51.00000000000001	0.0	4147.0399
50.00000000000001	0.0	4136.1658
49.00000000000001	0.0	4181.1933
48.0	0.0	4291.4473
47.0	0.0	4473.932
46.00000000000001	0.0	4732.9112
45.0	0.0	5069.6037
44.0	0.0	5482.0098
43.0	0.0	5964.8759
42.0	0.0	6509.8017
41.0	0.0	7105.4858
40.00000000000001	0.0	7738.0999
39.0	0.0	8391.7778
37.99999999999999	0.0	9049.198
37.0	0.0	9692.2361
36.0	0.0	10302.6595
35.0	0.0	10862.8351
34.0	0.0	11356.4206
33.0	0.0	11769.009
31.99999999999999	0.0	12088.7002
31.0	0.0	12306.5741
30.000000000000004	0.0	12417.0464
29.00000000000001	0.0	12418.0907
28.000000000000007	0.0	12311.318
27.00000000000001	0.0	12101.911
25.999999999999996	0.0	11798.4143
25.000000000000004	0.0	11412.391
24.000000000000004	0.0	10957.9598
22.999999999999993	0.0	10451.2321
21.999999999999996	0.0	9909.6736
21.0	0.0	9351.4169
20.00000000000001	0.0	8794.5551
19.000000000000014	0.0	8256.445
18.00000000000001	0.0	7753.0505
17.000000000000007	0.0	7298.3531
15.999999999999995	0.0	6903.8532
14.999999999999996	0.0	6578.1846
14.0	0.0	6326.8552
12.999999999999996	0.0	6152.1256
12.000000000000018	0.0	6053.0287
10.999999999999993	0.0	6025.5282
10.000000000000012	0.0	6062.807
8.999999999999984	0.0	6155.673
7.999999999999981	0.0	6293.0612
7.000000000000025	0.0	6462.6108
6.000000000000026	0.0	6651.2902
4.999999999999992	0.0	6846.0403
4.000000000000042	0.0	7034.4101
3.0000000000000444	0.0	7205.1527
1.9999999999999472	0.0	7348.7573
0.9999999999999002	0.0	7457.8927
0.0	0.0	7527.7423
0.9999999999999002	180.0	7556.2166
1.9999999999999472	180.0	7544.0332
3.0000000000000444	180.0	7494.6617
4.000000000000042	180.0	7414.1351
4.999999999999992	180.0	7310.7381
6.000000000000026	180.0	7194.5851
6.9999999999999725	180.0	7077.1078
7.999999999999981	180.0	6970.4756
8.999999999999984	180.0	6886.9754
10.000000000000012	180.0	6838.3785
10.999999999999993	180.0	6835.3237
11.999999999999988	180.0	6886.7449
12.999999999999996	180.0	6999.3698
14.0	180.0	7177.3124
14.999999999999996	180.0	7421.7786
15.999999999999995	180.0	7730.8995
16.99999999999999	180.0	8099.7006
17.999999999999986	180.0	8520.2096
18.999999999999996	180.0	8981.6999
19.999999999999993	180.0	9471.0593
21.0	180.0	9973.2698
21.999999999999996	180.0	10471.9784
23.00000000000001	180.0	10950.1339
24.000000000000004	180.0	11390.6647
24.99999999999999	180.0	11777.1663
26.000000000000007	180.0	12094.5708
26.999999999999996	180.0	12329.7687
28.000000000000007	180.0	12472.1569
28.999999999999996	180.0	12514.0878
29.999999999999993	180.0	12451.2017
31.0	180.0	12282.6266
31.99999999999999	180.0	12011.037
33.0	180.0	11642.5689
34.0	180.0	11186.5942
35.000000000000014	180.0	10655.3642
36.0	180.0	10063.536
37.000000000000014	180.0	9427.6043
37.99999999999999	180.0	8765.2593
38.99999999999999	180.0	8094.7013
40.00000000000001	180.0	7433.9386
40.999999999999986	180.0	6800.0995
42.0	180.0	6208.7881
43.0	180.0	5673.5088
44.00000000000001	180.0	5205.1867
45.0	180.0	4811.8012
46.000000000000014	180.0	4498.1486
47.0	180.0	4265.7442
47.999999999999986	180.0	4112.8646
49.00000000000001	180.0	4034.7296
49.99999999999999	180.0	4023.8138
51.00000000000001	180.0	4070.2733
51.99999999999999	180.0	4162.4674
53.000000000000014	180.0	4287.5531
53.99999999999999	180.0	4432.1237
55.000000000000014	180.0	4582.8644
55.99999999999999	180.0	4727.1947
56.999999999999986	180.0	4853.8687
58.00000000000001	180.0	4953.5076
58.99999999999999	180.0	5019.0395
60.00000000000001	180.0	5046.0271
61.0	180.0	5032.8703
62.000000000000014	180.0	4980.872
63.0	180.0	4894.1664
64.00000000000001	180.0	4779.5123
65.0	180.0	4645.96
65.99999999999999	180.0	4504.408
67.0	180.0	4367.068
68.0	180.0	4246.8626
69.00000000000001	180.0	4156.7829
70.0	180.0	4109.2347
71.00000000000001	180.0	4115.402
72.0	180.0	4184.6579
73.00000000000001	180.0	4324.0485
74.0	180.0	4537.8735
74.99999999999999	180.0	4827.384
76.0	180.0	5190.6107
77.0	180.0	5622.3316
78.00000000000001	180.0	6114.1824
79.0	180.0	6654.9057
80.00000000000001	180.0	7230.7283
81.0	180.0	7825.854
82.00000000000001	180.0	8423.0481
83.0	180.0	9004.2928
83.99999999999999	180.0	9551.4826
85.0	180.0	10047.1335
86.0	180.0	10475.0729
87.00000000000001	180.0	10821.0837
88.0	180.0	11073.473
89.00000000000001	180.0	11223.5426
90.0	180.0	11265.9403
91.00000000000001	180.0	11198.8776
92.0	180.0	11024.2042
92.99999999999999	180.0	10747.3363
94.0	180.0	10377.0416
95.0	180.0	9925.0902
96.00000000000001	180.0	9405.7865
97.0	180.0	8835.402
98.00000000000001	180.0	8231.5329
99.0	180.0	7612.4098
100.00000000000001	180.0	6996.1901
101.0	180.0	6400.2606
102.00000000000001	180.0	5840.5824
103.0	180.0	5331.1032
104.0	180.0	4883.2637
105.00000000000001	180.0	4505.6164
106.0	180.0	4203.5738
107.00000000000001	180.0	3979.2943
108.0	180.0	3831.7105
109.00000000000001	180.0	3756.6971
110.0	180.0	3747.3693
111.00000000000001	180.0	3794.4975
112.0	180.0	3887.0198
113.0	180.0	4012.6272
114.00000000000001	180.0	4158.3966
115.0	180.0	4311.4412
116.00000000000001	180.0	4459.5505
117.0	180.0	4591.7897
118.00000000000001	180.0	4699.0331
119.0	180.0	4774.4061
120.00000000000001	180.0	4813.617
121.0	180.0	4815.164
122.0	180.0	4780.4069
123.00000000000001	180.0	4713.5017
124.0	180.0	4621.1998
125.00000000000001	180.0	4512.5224
126.0	180.0	4398.3226
127.00000000000001	180.0	4290.7564
128.0	180.0	4202.6856
129.00000000000003	180.0	4147.0399
130.0	180.0	4136.1658
131.0	180.0	4181.1933
132.0	180.0	4291.4473
133.0	180.0	4473.932
134.0	180.0	4732.9112
135.0	180.0	5069.6037
136.0	180.0	5482.0098
137.0	180.0	5964.8759
138.00000000000003	180.0	6509.8017
139.0	180.0	7105.4858
140.0	180.0	7738.0999
140.99999999999997	180.0	8391.7778
142.00000000000003	180.0	9049.198
143.0	180.0	9692.2361
144.0	180.0	10302.6595
145.0	180.0	10862.8351
146.00000000000003	180.0	11356.4206
147.00000000000003	180.0	11769.009
148.0	180.0	12088.7002
149.0	180.0	12306.5741
149.99999999999997	180.0	12417.0464
151.00000000000003	180.0	12418.0907
152.0	180.0	12311.318
153.0	180.0	12101.911
154.0	180.0	11798.4143
155.00000000000003	180.0	11412.391
156.00000000000003	180.0	10957.9598
157.0	180.0	10451.2321
158.0	180.0	9909.6736
158.99999999999997	180.0	9351.4169
160.00000000000003	180.0	8794.5551
161.0	180.0	8256.445
162.0	180.0	7753.0505
163.0	180.0	7298.3531
164.00000000000003	180.0	6903.8532
165.00000000000003	180.0	6578.1846
166.0	180.0	6326.8552
167.0	180.0	6152.1256
167.99999999999997	180.0	6053.0287
169.00000000000003	180.0	6025.5282
169.99999999999997	180.0	6062.807
170.99999999999997	180.0	6155.673
172.0	180.0	6293.0612
173.00000000000003	180.0	6462.6108
174.00000000000003	180.0	6651.2902
175.0	180.0	6846.0403
175.99999999999997	180.0	7034.4101
176.99999999999994	180.0	7205.1527
178.00000000000006	180.0	7348.7573
179.0000000000001	180.0	7457.8927
180.0	180.0	7527.7423
179.0000000000001	0.0	7556.2166
178.00000000000006	0.0	7544.0332
176.99999999999994	0.0	7494.6617
176.00000000000006	0.0	7414.1351
175.0	0.0	7310.7381
174.00000000000003	0.0	7194.5851
172.99999999999997	0.0	7077.1078
172.0	0.0	6970.4756
171.00000000000003	0.0	6886.9754
170.00000000000003	0.0	6838.3785
168.99999999999997	0.0	6835.3237
167.99999999999997	0.0	6886.7449
167.00000000000003	0.0	6999.3698
166.00000000000003	0.0	7177.3124
165.00000000000003	0.0	7421.7786
163.99999999999997	0.0	7730.8995
163.0	0.0	8099.7006
162.00000000000003	0.0	8520.2096
161.00000000000003	0.0	8981.6999
160.0	0.0	9471.0593
159.0	0.0	9973.2698
158.00000000000003	0.0	10471.9784
157.00000000000003	0.0	10950.1339
156.00000000000003	0.0	11390.6647
154.99999999999997	0.0	11777.1663
154.0	0.0	12094.5708
153.00000000000003	0.0	12329.7687
152.0	0.0	12472.1569
150.99999999999997	0.0	12514.0878
150.0	0.0	12451.2017
149.0	0.0	12282.6266
148.0	0.0	12011.037
147.00000000000003	0.0	11642.5689
146.0	0.0	11186.5942
145.0	0.0	10655.3642
144.00000000000003	0.0	10063.536
143.0	0.0	9427.6043
142.0	0.0	8765.2593
140.99999999999997	0.0	8094.7013
140.00000000000003	0.0	7433.9386
139.00000000000003	0.0	6800.0995
138.00000000000003	0.0	6208.7881
137.0	0.0	5673.5088
136.0	0.0	5205.1867
135.00000000000003	0.0	4811.8012
134.00000000000003	0.0	4498.1486
132.99999999999997	0.0	4265.7442
131.99999999999997	0.0	4112.8646
131.00000000000003	0.0	4034.7296
130.00000000000003	0.0	4023.8138
129.00000000000003	0.0	4070.2733
128.0	0.0	4162.4674
126.99999999999999	0.0	4287.5531
126.00000000000003	0.0	4432.1237
125.00000000000004	0.0	4582.8644
123.99999999999997	0.0	4727.1947
122.99999999999999	0.0	4853.8687
122.0	0.0	4953.5076
121.0	0.0	5019.0395
120.00000000000001	0.0	5046.0271
119.0	0.0	5032.8703
118.00000000000001	0.0	4980.872
117.00000000000003	0.0	4894.1664
116.00000000000004	0.0	4779.5123
115.0	0.0	4645.96
114.00000000000001	0.0	4504.408
113.00000000000001	0.0	4367.068
112.00000000000003	0.0	4246.8626
111.00000000000004	0.0	4156.7829
110.0	0.0	4109.2347
109.00000000000001	0.0	4115.402
108.00000000000003	0.0	4184.6579
107.00000000000004	0.0	4324.0485
106.0	0.0	4537.8735
105.0	0.0	4827.384
104.00000000000001	0.0	5190.6107
103.00000000000001	0.0	5622.3316
102.00000000000003	0.0	6114.1824
100.99999999999999	0.0	6654.9057
100.0	0.0	7230.7283
99.00000000000001	0.0	7825.854
98.00000000000003	0.0	8423.0481
96.99999999999999	0.0	9004.2928
96.0	0.0	9551.4826
95.0	0.0	10047.1335
94.00000000000001	0.0	10475.0729
93.00000000000003	0.0	10821.0837
91.99999999999999	0.0	11073.473
91.0	0.0	11223.5426
90.0	90.0	4619.399
89.0	90.0	4585.6341
88.0	90.0	4550.675
87.00000000000001	90.0	4515.849
86.0	90.0	4482.6226
85.0	90.0	4452.5372
84.0	90.0	4427.1416
83.0	90.0	4407.9237
82.0	90.0	4396.2429
81.0	90.0	4393.2688
80.0	90.0	4399.9272
79.0	90.0	4416.8551
78.00000000000001	90.0	4444.3688
77.0	90.0	4482.4449
76.0	90.0	4530.7147
75.0	90.0	4588.4743
74.0	90.0	4654.7074
73.0	90.0	4728.1219
72.0	90.0	4807.1976
71.0	90.0	4890.2437
70.0	90.0	4975.4624
69.00000000000001	90.0	5061.0178
68.0	90.0	5145.1058
67.0	90.0	5226.0221
66.0	90.0	5302.2258
65.0	90.0	5372.3967
64.0	90.0	5435.482
63.0	90.0	5490.7322
62.0	90.0	5537.7244
61.0	90.0	5576.3708
60.00000000000001	90.0	5606.9146
59.00000000000001	90.0	5629.9111
58.00000000000001	90.0	5646.1966
57.00000000000001	90.0	5656.8456
55.99999999999999	90.0	5663.1188
55.00000000000001	90.0	5666.4039
54.0	90.0	5668.1521
53.00000000000001	90.0	5669.8124
52.0	90.0	5672.7679
51.00000000000001	90.0	5678.2752
50.00000000000001	90.0	5687.4109
49.00000000000001	90.0	5701.0265
48.0	90.0	5719.7143
47.0	90.0	5743.7856
46.00000000000001	90.0	5773.261
45.0	90.0	5807.8749
44.0	90.0	5847.0924
43.0	90.0	5890.1386
42.0	90.0	5936.0386
41.0	90.0	5983.6657
40.00000000000001	90.0	6031.7973
39.0	90.0	6079.174
37.99999999999999	90.0	6124.5606
37.0	90.0	6166.8051
36.0	90.0	6204.8951
35.0	90.0	6238.0059
34.0	90.0	6265.5413
33.0	90.0	6287.1634
31.99999999999999	90.0	6302.8109
31.0	90.0	6312.7044
30.000000000000004	90.0	6317.3395
29.00000000000001	90.0	6317.4671
28.000000000000007	90.0	6314.0624
27.00000000000001	90.0	6308.2832
25.999999999999996	90.0	6301.4206
25.000000000000004	90.0	6294.8431
24.000000000000004	90.0	6289.9375
22.999999999999993	90.0	6288.0479
21.999999999999996	90.0	6290.4178
21.0	90.0	6298.1349
20.00000000000001	90.0	6312.0834
19.000000000000014	90.0	6332.9052
18.00000000000001	90.0	6360.9705
17.000000000000007	90.0	6396.361
15.999999999999995	90.0	6438.865
14.999999999999996	90.0	6487.9852
14.0	90.0	6542.9582
12.999999999999996	90.0	6602.7857
12.000000000000018	90.0	6666.275
10.999999999999993	90.0	6732.088
10.000000000000012	90.0	6798.795
8.999999999999984	90.0	6864.9329
7.999999999999981	90.0	6929.0635
7.000000000000025	90.0	6989.8295
6.000000000000026	90.0	7046.0074
4.999999999999992	90.0	7096.5526
4.000000000000042	90.0	7140.6366
3.0000000000000444	90.0	7177.6734
1.9999999999999472	90.0	7207.3354
0.9999999999999002	90.0	7229.5566
0.0	90.0	7244.5247
0.9999999999999002	270.0	7252.6609
1.9999999999999472	270.0	7254.5901
3.0000000000000444	270.0	7251.1016
4.000000000000042	270.0	7243.103
4.999999999999992	270.0	7231.5693
6.000000000000026	270.0	7217.4897
6.9999999999999725	270.0	7201.8143
7.999999999999981	270.0	7185.4036
8.999999999999984	270.0	7168.9836
10.000000000000012	270.0	7153.1072
10.999999999999993	270.0	7138.1257
11.999999999999988	270.0	7124.1703
12.999999999999996	270.0	7111.1452
14.0	270.0	7098.7325
14.999999999999996	270.0	7086.4091
15.999999999999995	270.0	7073.4746
16.99999999999999	270.0	7059.0885
17.999999999999986	270.0	7042.3163
18.999999999999996	270.0	7022.1809
19.999999999999993	270.0	6997.7183
21.0	270.0	6968.0343
21.999999999999996	270.0	6932.3587
23.00000000000001	270.0	6890.0969
24.000000000000004	270.0	6840.873
24.99999999999999	270.0	6784.5656
26.000000000000007	270.0	6721.3319
26.999999999999996	270.0	6651.6199
28.000000000000007	270.0	6576.1679
28.999999999999996	270.0	6495.9904
29.999999999999993	270.0	6412.3515
31.0	270.0	6326.7258
31.99999999999999	270.0	6240.7489
33.0	270.0	6156.1591
34.0	270.0	6074.7332
35.000000000000014	270.0	5998.2175
36.0	270.0	5928.2592
37.000000000000014	270.0	5866.3388
37.99999999999999	270.0	5813.7082
38.99999999999999	270.0	5771.3357
40.00000000000001	270.0	5739.8618
40.999999999999986	270.0	5719.5667
42.0	270.0	5710.3512
43.0	270.0	5711.7329
44.00000000000001	270.0	5722.8568
45.0	270.0	5742.5207
46.000000000000014	270.0	5769.2152
47.0	270.0	5801.1749
47.999999999999986	270.0	5836.4412
49.00000000000001	270.0	5872.9326
49.99999999999999	270.0	5908.5205
51.00000000000001	270.0	5941.1067
51.99999999999999	270.0	5968.7008
53.000000000000014	270.0	5989.4928
53.99999999999999	270.0	6001.9199
55.000000000000014	270.0	6004.7222
55.99999999999999	270.0	5996.988
56.999999999999986	270.0	5978.1843
58.00000000000001	270.0	5948.1732
58.99999999999999	270.0	5907.2122
60.00000000000001	270.0	5855.9398
61.0	270.0	5795.345
62.000000000000014	270.0	5726.7249
63.0	270.0	5651.6293
64.00000000000001	270.0	5571.7964
65.0	270.0	5489.0824
65.99999999999999	270.0	5405.3863
67.0	270.0	5322.5749
68.0	270.0	5242.4104
69.00000000000001	270.0	5166.4834
70.0	270.0	5096.1538
71.00000000000001	270.0	5032.5031
72.0	270.0	4976.2988
73.00000000000001	270.0	4927.9733
74.0	270.0	4887.6169
74.99999999999999	270.0	4854.9865
76.0	270.0	4829.5279
77.0	270.0	4810.4123
78.00000000000001	270.0	4796.5832
79.0	270.0	4786.8143
80.00000000000001	270.0	4779.7727
81.0	270.0	4774.0876
82.00000000000001	270.0	4768.4184
83.0	270.0	4761.5226
83.99999999999999	270.0	4752.317
85.0	270.0	4739.9324
86.0	270.0	4723.7577
87.00000000000001	270.0	4703.4725
88.0	270.0	4679.0652
89.00000000000001	270.0	4650.8385
90.0	270.0	4619.399
91.00000000000001	270.0	4585.6341
92.0	270.0	4550.675
92.99999999999999	270.0	4515.849
94.0	270.0	4482.6226
95.0	270.0	4452.5372
96.00000000000001	270.0	4427.1416
97.0	270.0	4407.9237
98.00000000000001	270.0	4396.2429
99.0	270.0	4393.2688
100.00000000000001	270.0	4399.9272
101.0	270.0	4416.8551
102.00000000000001	270.0	4444.3688
103.0	270.0	4482.4449
104.0	270.0	4530.7147
105.00000000000001	270.0	4588.4743
106.0	270.0	4654.7074
107.00000000000001	270.0	4728.1219
108.0	270.0	4807.1976
109.00000000000001	270.0	4890.2437
110.0	270.0	4975.4624
111.00000000000001	270.0	5061.0178
112.0	270.0	5145.1058
113.0	270.0	5226.0221
114.00000000000001	270.0	5302.2258
115.0	270.0	5372.3967
116.00000000000001	270.0	5435.482
117.0	270.0	5490.7322
118.00000000000001	270.0	5537.7244
119.0	270.0	5576.3708
120.00000000000001	270.0	5606.9146
121.0	270.0	5629.9111
122.0	270.0	5646.1966
123.00000000000001	270.0	5656.8456
124.0	270.0	5663.1188
125.00000000000001	270.0	5666.4039
126.0	270.0	5668.1521
127.00000000000001	270.0	5669.8124
128.0	270.0	5672.7679
129.00000000000003	270.0	5678.2752
130.0	270.0	5687.4109
131.0	270.0	5701.0265
132.0	270.0	5719.7143
133.0	270.0	5743.7856
134.0	270.0	5773.261
135.0	270.0	5807.8749
136.0	270.0	5847.0924
137.0	270.0	5890.1386
138.00000000000003	270.0	5936.0386
139.0	270.0	5983.6657
140.0	270.0	6031.7973
140.99999999999997	270.0	6079.174
142.00000000000003	270.0	6124.5606
143.0	270.0	6166.8051
144.0	270.0	6204.8951
145.0	270.0	6238.0059
146.00000000000003	270.0	6265.5413
147.00000000000003	270.0	6287.1634
148.0	270.0	6302.8109
149.0	270.0	6312.7044
149.99999999999997	270.0	6317.3395
151.00000000000003	270.0	6317.4671
152.0	270.0	6314.0624
153.0	270.0	6308.2832
154.0	270.0	6301.4206
155.00000000000003	270.0	6294.8431
156.00000000000003	270.0	6289.9375
157.0	270.0	6288.0479
158.0	270.0	6290.4178
158.99999999999997	270.0	6298.1349
160.00000000000003	270.0	6312.0834
161.0	270.0	6332.9052
162.0	270.0	6360.9705
163.0	270.0	6396.361
164.00000000000003	270.0	6438.865
165.00000000000003	270.0	6487.9852
166.0	270.0	6542.9582
167.0	270.0	6602.7857
167.99999999999997	270.0	6666.275
169.00000000000003	270.0	6732.088
169.99999999999997	270.0	6798.795
170.99999999999997	270.0	6864.9329
172.0	270.0	6929.0635
173.00000000000003	270.0	6989.8295
174.00000000000003	270.0	7046.0074
175.0	270.0	7096.5526
175.99999999999997	270.0	7140.6366
176.99999999999994	270.0	7177.6734
178.00000000000006	270.0	7207.3354
179.0000000000001	270.0	7229.5566
180.0	270.0	7244.5247
179.0000000000001	90.0	7252.6609
178.00000000000006	90.0	7254.5901
176.99999999999994	90.0	7251.1016
176.00000000000006	90.0	7243.103
175.0	90.0	7231.5693
174.00000000000003	90.0	7217.4897
172.99999999999997	90.0	7201.8143
172.0	90.0	7185.4036
171.00000000000003	90.0	7168.9836
170.00000000000003	90.0	7153.1072
168.99999999999997	90.0	7138.1257
167.99999999999997	90.0	7124.1703
167.00000000000003	90.0	7111.1452
166.00000000000003	90.0	7098.7325
165.00000000000003	90.0	7086.4091
163.99999999999997	90.0	7073.4746
163.0	90.0	7059.0885
162.00000000000003	90.0	7042.3163
161.00000000000003	90.0	7022.1809
160.0	90.0	6997.7183
159.0	90.0	6968.0343
158.00000000000003	90.0	6932.3587
157.00000000000003	90.0	6890.0969
156.00000000000003	90.0	6840.873
154.99999999999997	90.0	6784.5656
154.0	90.0	6721.3319
153.00000000000003	90.0	6651.6199
152.0	90.0	6576.1679
150.99999999999997	90.0	6495.9904
150.0	90.0	6412.3515
149.0	90.0	6326.7258
148.0	90.0	6240.7489
147.00000000000003	90.0	6156.1591
146.0	90.0	6074.7332
145.0	90.0	5998.2175
144.00000000000003	90.0	5928.2592
143.0	90.0	5866.3388
142.0	90.0	5813.7082
140.99999999999997	90.0	5771.3357
140.00000000000003	90.0	5739.8618
139.00000000000003	90.0	5719.5667
138.00000000000003	90.0	5710.3512
137.0	90.0	5711.7329
136.0	90.0	5722.8568
135.00000000000003	90.0	5742.5207
134.00000000000003	90.0	5769.2152
132.99999999999997	90.0	5801.1749
131.99999999999997	90.0	5836.4412
131.00000000000003	90.0	5872.9326
130.00000000000003	90.0	5908.5205
129.00000000000003	90.0	5941.1067
128.0	90.0	5968.7008
126.99999999999999	90.0	5989.4928
126.00000000000003	90.0	6001.9199
125.00000000000004	90.0	6004.7222
123.99999999999997	90.0	5996.988
122.99999999999999	90.0	5978.1843
122.0	90.0	5948.1732
121.0	90.0	5907.2122
120.00000000000001	90.0	5855.9398
119.0	90.0	5795.345
118.00000000000001	90.0	5726.7249
117.00000000000003	90.0	5651.6293
116.00000000000004	90.0	5571.7964
115.0	90.0	5489.0824
114.00000000000001	90.0	5405.3863
113.00000000000001	90.0	5322.5749
112.00000000000003	90.0	5242.4104
111.00000000000004	90.0	5166.4834
110.0	90.0	5096.1538
109.00000000000001	90.0	5032.5031
108.00000000000003	90.0	4976.2988
107.00000000000004	90.0	4927.9733
106.0	90.0	4887.6169
105.0	90.0	4854.9865
104.00000000000001	90.0	4829.5279
103.00000000000001	90.0	4810.4123
102.00000000000003	90.0	4796.5832
100.99999999999999	90.0	4786.8143
100.0	90.0	4779.7727
99.00000000000001	90.0	4774.0876
98.00000000000003	90.0	4768.4184
96.99999999999999	90.0	4761.5226
96.0	90.0	4752.317
95.0	90.0	4739.9324
94.00000000000001	90.0	4723.7577
93.00000000000003	90.0	4703.4725
91.99999999999999	90.0	4679.0652
91.0	90.0	4650.8385
90.0	45.0	4543.4301
89.0	45.0	4527.4832
88.0	45.0	4493.7347
87.00000000000001	45.0	4443.3995
86.0	45.0	4378.3988
85.0	45.0	4301.2806
84.0	45.0	4215.1153
83.0	45.0	4123.3678
82.0	45.0	4029.7542
81.0	45.0	3938.0882
80.0	45.0	3852.1247
79.0	45.0	3775.4063
78.00000000000001	45.0	3711.1214
77.0	45.0	3661.9775
76.0	45.0	3630.0977
75.0	45.0	3616.9439
74.0	45.0	3623.2686
73.0	45.0	3649.0995
72.0	45.0	3693.7564
71.0	45.0	3755.8982
70.0	45.0	3833.6003
69.00000000000001	45.0	3924.4558
68.0	45.0	4025.6975
67.0	45.0	4134.3351
66.0	45.0	4247.2999
65.0	45.0	4361.5911
64.0	45.0	4474.4168
63.0	45.0	4583.3237
62.0	45.0	4686.3079
61.0	45.0	4781.9032
60.00000000000001	45.0	4869.2423
59.00000000000001	45.0	4948.0876
58.00000000000001	45.0	5018.8306
57.00000000000001	45.0	5082.4594
55.99999999999999	45.0	5140.4965
55.00000000000001	45.0	5194.9089
54.0	45.0	5247.995
53.00000000000001	45.0	5302.2537
52.0	45.0	5360.2411
51.00000000000001	45.0	5424.4228
50.00000000000001	45.0	5497.0273
49.00000000000001	45.0	5579.9086
48.0	45.0	5674.4235
47.0	45.0	5781.3317
46.00000000000001	45.0	5900.7208
45.0	45.0	6031.9631
44.0	45.0	6173.7045
43.0	45.0	6323.8885
42.0	45.0	6479.8135
41.0	45.0	6638.222
40.00000000000001	45.0	6795.4185
39.0	45.0	6947.4109
37.99999999999999	45.0	7090.0707
37.0	45.0	7219.3028
36.0	45.0	7331.2213
35.0	45.0	7422.3194
34.0	45.0	7489.63
33.0	45.0	7530.8661
31.99999999999999	45.0	7544.5381
31.0	45.0	7530.0391
30.000000000000004	45.0	7487.6967
29.00000000000001	45.0	7418.787
28.000000000000007	45.0	7325.5102
27.00000000000001	45.0	7210.9274
25.999999999999996	45.0	7078.8629
25.000000000000004	45.0	6933.7716
24.000000000000004	45.0	6780.5815
22.999999999999993	45.0	6624.5131
21.999999999999996	45.0	6470.8859
21.0	45.0	6324.9186
20.00000000000001	45.0	6191.5314
19.000000000000014	45.0	6075.1583
18.00000000000001	45.0	5979.5788
17.000000000000007	45.0	5907.7729
15.999999999999995	45.0	5861.8095
14.999999999999996	45.0	5842.7696
14.0	45.0	5850.7095
12.999999999999996	45.0	5884.6656
12.000000000000018	45.0	5942.6995
10.999999999999993	45.0	6021.9833
10.000000000000012	45.0	6118.9208
8.999999999999984	45.0	6229.2994
7.999999999999981	45.0	6348.4674
7.000000000000025	45.0	6471.5283
6.000000000000026	45.0	6593.5447
4.999999999999992	45.0	6709.7437
4.000000000000042	45.0	6815.7137
3.0000000000000444	45.0	6907.5865
1.9999999999999472	45.0	6982.1949
0.9999999999999002	45.0	7037.2013
0.0	45.0	7071.1899
0.9999999999999002	225.0	7083.7205
1.9999999999999472	225.0	7075.3405
3.0000000000000444	225.0	7047.5541
4.000000000000042	225.0	7002.7523
4.999999999999992	225.0	6944.1035
6.000000000000026	225.0	6875.4124
6.9999999999999725	225.0	6800.9505
7.999999999999981	225.0	6725.2673
8.999999999999984	225.0	6652.989
10.000000000000012	225.0	6588.6138
10.999999999999993	225.0	6536.3121
11.999999999999988	225.0	6499.7398
12.999999999999996	225.0	6481.8735
14.0	225.0	6484.8734
14.999999999999996	225.0	6509.9802
15.999999999999995	225.0	6557.4502
16.99999999999999	225.0	6626.532
17.999999999999986	225.0	6715.4843
18.999999999999996	225.0	6821.6355
19.999999999999993	225.0	6941.4817
21.0	225.0	7070.82
21.999999999999996	225.0	7204.9095
23.00000000000001	225.0	7338.6561
24.000000000000004	225.0	7466.8111
24.99999999999999	225.0	7584.1761
26.000000000000007	225.0	7685.8067
26.999999999999996	225.0	7767.2044
28.000000000000007	225.0	7824.4917
28.999999999999996	225.0	7854.5604
29.999999999999993	225.0	7855.1894
31.0	225.0	7825.1261
31.99999999999999	225.0	7764.1289
33.0	225.0	7672.9689
34.0	225.0	7553.3911
35.000000000000014	225.0	7408.038
36.0	225.0	7240.3377
37.000000000000014	225.0	7054.3625
37.99999999999999	225.0	6854.6635
38.99999999999999	225.0	6646.0894
40.00000000000001	225.0	6433.596
40.999999999999986	225.0	6222.0549
42.0	225.0	6016.07
43.0	225.0	5819.8086
44.00000000000001	225.0	5636.8539
45.0	225.0	5470.0857
46.000000000000014	225.0	5321.5934
47.0	225.0	5192.6235
47.999999999999986	225.0	5083.5653
49.00000000000001	225.0	4993.9728
49.99999999999999	225.0	4922.6226
51.00000000000001	225.0	4867.6033
51.99999999999999	225.0	4826.4339
53.000000000000014	225.0	4796.2034
53.99999999999999	225.0	4773.726
55.000000000000014	225.0	4755.7055
55.99999999999999	225.0	4738.8999
56.999999999999986	225.0	4720.28
58.00000000000001	225.0	4697.1743
58.99999999999999	225.0	4667.3941
60.00000000000001	225.0	4629.3335
61.0	225.0	4582.0396
62.000000000000014	225.0	4525.2507
63.0	225.0	4459.4007
64.00000000000001	225.0	4385.5894
65.0	225.0	4305.5217
65.99999999999999	225.0	4221.4173
67.0	225.0	4135.8961
68.0	225.0	4051.845
69.00000000000001	225.0	3972.2712
70.0	225.0	3900.1505
71.00000000000001	225.0	3838.2761
72.0	225.0	3789.1156
73.00000000000001	225.0	3754.6837
74.0	225.0	3736.434
74.99999999999999	225.0	3735.1778
76.0	225.0	3751.0318
77.0	225.0	3783.3974
78.00000000000001	225.0	3830.973
79.0	225.0	3891.7993
80.00000000000001	225.0	3963.3337
81.0	225.0	4042.5533
82.00000000000001	225.0	4126.0794
83.0	225.0	4210.3195
83.99999999999999	225.0	4291.6199
85.0	225.0	4366.4226
86.0	225.0	4431.4187
87.00000000000001	225.0	4483.6921
88.0	225.0	4520.8473
89.00000000000001	225.0	4541.1147
90.0	225.0	4543.4301
91.00000000000001	225.0	4527.4832
92.0	225.0	4493.7347
92.99999999999999	225.0	4443.3995
94.0	225.0	4378.3988
95.0	225.0	4301.2806
96.00000000000001	225.0	4215.1153
97.0	225.0	4123.3678
98.00000000000001	225.0	4029.7542
99.0	225.0	3938.0882
100.00000000000001	225.0	3852.1247
101.0	225.0	3775.4063
102.00000000000001	225.0	3711.1214
103.0	225.0	3661.9775
104.0	225.0	3630.0977
105.00000000000001	225.0	3616.9439
106.0	225.0	3623.2686
107.00000000000001	225.0	3649.0995
108.0	225.0	3693.7564
109.00000000000001	225.0	3755.8982
110.0	225.0	3833.6003
111.00000000000001	225.0	3924.4558
112.0	225.0	4025.6975
113.0	225.0	4134.3351
114.00000000000001	225.0	4247.2999
115.0	225.0	4361.5911
116.00000000000001	225.0	4474.4168
117.0	225.0	4583.3237
118.00000000000001	225.0	4686.3079
119.0	225.0	4781.9032
120.00000000000001	225.0	4869.2423
121.0	225.0	4948.0876
122.0	225.0	5018.8306
123.00000000000001	225.0	5082.4594
124.0	225.0	5140.4965
125.00000000000001	225.0	5194.9089
126.0	225.0	5247.995
127.00000000000001	225.0	5302.2537
128.0	225.0	5360.2411
129.00000000000003	225.0	5424.4228
130.0	225.0	5497.0273
131.0	225.0	5579.9086
132.0	225.0	5674.4235
133.0	225.0	5781.3317
134.0	225.0	5900.7208
135.0	225.0	6031.9631
136.0	225.0	6173.7045
137.0	225.0	6323.8885
138.00000000000003	225.0	6479.8135
139.0	225.0	6638.222
140.0	225.0	6795.4185
140.99999999999997	225.0	6947.4109
142.00000000000003	225.0	7090.0707
143.0	225.0	7219.3028
144.0	225.0	7331.2213
145.0	225.0	7422.3194
146.00000000000003	225.0	7489.63
147.00000000000003	225.0	7530.8661
148.0	225.0	7544.5381
149.0	225.0	7530.0391
149.99999999999997	225.0	7487.6967
151.00000000000003	225.0	7418.787
152.0	225.0	7325.5102
153.0	225.0	7210.9274
154.0	225.0	7078.8629
155.00000000000003	225.0	6933.7716
156.00000000000003	225.0	6780.5815
157.0	225.0	6624.5131
158.0	225.0	6470.8859
158.99999999999997	225.0	6324.9186
160.00000000000003	225.0	6191.5314
161.0	225.0	6075.1583
162.0	225.0	5979.5788
163.0	225.0	5907.7729
164.00000000000003	225.0	5861.8095
165.00000000000003	225.0	5842.7696
166.0	225.0	5850.7095
167.0	225.0	5884.6656
167.99999999999997	225.0	5942.6995
169.00000000000003	225.0	6021.9833
169.99999999999997	225.0	6118.9208
170.99999999999997	225.0	6229.2994
172.0	225.0	6348.4674
173.00000000000003	225.0	6471.5283
174.00000000000003	225.0	6593.5447
175.0	225.0	6709.7437
175.99999999999997	225.0	6815.7137
176.99999999999994	225.0	6907.5865
178.00000000000006	225.0	6982.1949
179.0000000000001	225.0	7037.2013
180.0	225.0	7071.1899
179.0000000000001	45.0	7083.7205
178.00000000000006	45.0	7075.3405
176.99999999999994	45.0	7047.5541
176.00000000000006	45.0	7002.7523
175.0	45.0	6944.1035
174.00000000000003	45.0	6875.4124
172.99999999999997	45.0	6800.9505
172.0	45.0	6725.2673
171.00000000000003	45.0	6652.989
170.00000000000003	45.0	6588.6138
168.99999999999997	45.0	6536.3121
167.99999999999997	45.0	6499.7398
167.00000000000003	45.0	6481.8735
166.00000000000003	45.0	6484.8734
165.00000000000003	45.0	6509.9802
163.99999999999997	45.0	6557.4502
163.0	45.0	6626.532
162.00000000000003	45.0	6715.4843
161.00000000000003	45.0	6821.6355
160.0	45.0	6941.4817
159.0	45.0	7070.82
158.00000000000003	45.0	7204.9095
157.00000000000003	45.0	7338.6561
156.00000000000003	45.0	7466.8111
154.99999999999997	45.0	7584.1761
154.0	45.0	7685.8067
153.00000000000003	45.0	7767.2044
152.0	45.0	7824.4917
150.99999999999997	45.0	7854.5604
150.0	45.0	7855.1894
149.0	45.0	7825.1261
148.0	45.0	7764.1289
147.00000000000003	45.0	7672.9689
146.0	45.0	7553.3911
145.0	45.0	7408.038
144.00000000000003	45.0	7240.3377
143.0	45.0	7054.3625
142.0	45.0	6854.6635
140.99999999999997	45.0	6646.0894
140.00000000000003	45.0	6433.596
139.00000000000003	45.0	6222.0549
138.00000000000003	45.0	6016.07
137.0	45.0	5819.8086
136.0	45.0	5636.8539
135.00000000000003	45.0	5470.0857
134.00000000000003	45.0	5321.5934
132.99999999999997	45.0	5192.6235
131.99999999999997	45.0	5083.5653
131.00000000000003	45.0	4993.9728
130.00000000000003	45.0	4922.6226
129.00000000000003	45.0	4867.6033
128.0	45.0	4826.4339
126.99999999999999	45.0	4796.2034
126.00000000000003	45.0	4773.726
125.00000000000004	45.0	4755.7055
123.99999999999997	45.0	4738.8999
122.99999999999999	45.0	4720.28
122.0	45.0	4697.1743
121.0	45.0	4667.3941
120.00000000000001	45.0	4629.3335
119.0	45.0	4582.0396
118.00000000000001	45.0	4525.2507
117.00000000000003	45.0	4459.4007
116.00000000000004	45.0	4385.5894
115.0	45.0	4305.5217
114.00000000000001	45.0	4221.4173
113.00000000000001	45.0	4135.8961
112.00000000000003	45.0	4051.845
111.00000000000004	45.0	3972.2712
110.0	45.0	3900.1505
109.00000000000001	45.0	3838.2761
108.00000000000003	45.0	3789.1156
107.00000000000004	45.0	3754.6837
106.0	45.0	3736.434
105.0	45.0	3735.1778
104.00000000000001	45.0	3751.0318
103.00000000000001	45.0	3783.3974
102.00000000000003	45.0	3830.973
100.99999999999999	45.0	3891.7993
100.0	45.0	3963.3337
99.00000000000001	45.0	4042.5533
98.00000000000003	45.0	4126.0794
96.99999999999999	45.0	4210.3195
96.0	45.0	4291.6199
95.0	45.0	4366.4226
94.00000000000001	45.0	4431.4187
93.00000000000003	45.0	4483.6921
91.99999999999999	45.0	4520.8473
91.0	45.0	4541.1147
90.0	0.0	6444.3718
89.29291116952395	0.7071426817872533	6517.8546
88.58593006627854	1.4145007934175506	6558.0957
87.87916453235917	2.122289895867879	6563.8211
87.1727226397129	2.8307258121018455	6535.0161
86.4667128053692	3.540024757356371	6472.923
85.76124390703504	4.250403468570711	6379.9898
85.05642539917308	4.962079332655645	6259.7682
84.3523674296794	5.675270513286652	6116.7679
83.64918095727445	6.390196075887154	5956.2722
82.94697786971682	7.107076110446535	5784.1234
82.24587110294536	7.826131851792348	5606.4855
81.54597476125012	8.547585796906942	5429.5963
80.84740423856572	9.271661818845425	5259.5175
80.15027634097487	9.998585276774412	5101.8937
79.45470941050044	10.728583121609057	4961.7309
78.76082345025607	11.461883996679509	4843.2025
78.0687402510143	12.198718332806749	4749.4917
77.37858351923944	12.939318437111838	4682.6757
76.69047900661849	13.683918574821595	4643.6576
76.00455464110858	14.432755043267381	4632.1467
75.32094065950206	15.186066237202516	4646.6888
74.63976974149092	15.944092704486447	4684.7451
73.96117714519126	16.707077191101824	4742.814
73.28530084406378	17.47526467438212	4816.5934
72.61228166514054	18.2489023832344	4901.1728
71.94226342843773	19.028239804042187	4991.2494
71.27539308740191	19.813528670829413	5081.3578
70.61182087020094	20.605022938156644	5166.1027
69.95170042163069	21.402978735106455	5240.3865
69.29518894536457	22.207654298596484	5299.6199
68.64244734622547	23.019309884136224	5339.9088
67.99364037210603	23.838207652018653	5358.2084
67.34893675510656	24.664611526811417	5352.4387
66.70850935139694	25.498787027884514	5321.5574
66.07253527924108	26.34100106858589	5265.5869
65.44119605454999	27.191521721553002	5185.5952
64.81467772324949	28.05061794753063	5083.6326
64.19317098966519	28.918559284955432	4962.6267
63.57687134003648	29.79561549746857	4826.2417
62.965979160175145	30.68205617643342	4678.7086
62.36069984618289	31.5781502954692	4524.6338
61.761243907035045	32.484165713968785	4368.7958
61.16782705772538	33.400368626554155	4215.938
60.58067030155157	34.32702295544232	4070.5686
59.99999999999999	35.264389682754654	3936.775
59.42604792856702	36.212726119908915	3818.0621
58.8590513167294	37.17228511139536	3717.2209
58.29925287015328	38.143314170462425	3636.2332
57.74690077310915	39.12605454453247	3576.2163
57.20224866894282	40.12074020854298	3537.4105
56.66555561634145	41.12759678487194	3519.2078
56.13708601903233	42.14684038906587	3520.222
55.61710952646371	43.178676401255004	3538.3955
55.10590090294487	44.223298163918535	3571.137
54.60373986267208	45.28088560756104	3615.4842
54.11091086804023	46.3516038068849	3668.2834
53.62770288864506	47.435601471194154	3726.3768
53.154409118419395	48.53300937404573	3786.7885
52.691326648427214	49.643938728569864	3846.9007
52.23875609296496	50.76847951640774	3904.6108
51.79700116679687	51.90669877984987	3958.4627
51.36636821158484	53.05863888848747	4007.7435
50.94716566986906	54.22431579349069	4052.544
50.539703505316	55.40371728447302	4093.7759
50.14429256838126	56.59680126575802	4133.1476
49.76124390703504	57.80349407069134	4173.0967
49.390868022772075	59.02368883439022	4216.6829
49.03347407277117	60.25724394694163	4267.4459
48.68936901978189	61.503981610489745	4329.233
48.35885673209022	62.76368652482927	4406.0054
48.04223703674405	64.03610472697835	4501.6309
47.73980473009234	65.32094261067617	4619.6725
47.45184855059514	66.61786615176922	4763.1818
47.178650119779434	67.92650036495783	4934.5082
46.920482858129056	69.2464290163152	5135.1314
46.677610883583455	70.57719461432482	5365.5255
46.450287901158305	71.91829869987819	5625.0621
46.23875609296496	73.2692024527246	5911.9567
46.043245018569806	74.62932762827676	6223.2625
45.86397053617525	75.99805783448308	6554.9119
45.701133755495384	77.37474015373697	6901.806
45.554920033420714	78.7586871095844	7257.9487
45.42549802359849	80.14917897242118	7616.6207
45.31301879088406	81.5454663925662	7970.5871
45.21761500123496	82.94677334320139	8312.3305
45.1394001970194	84.35230034984485	8634.301
45.07846816689916	85.76122797743554	8929.1719
45.03489241843145	87.17272054092642	9190.0925
45.00872576033472	88.58593000067151	9410.9266
45.0	90.0	9586.4682
45.00872576033472	91.41406999932849	9712.6242
45.03489241843145	92.82727945907358	9786.5577
45.07846816689916	94.23877202256445	9806.7868
45.1394001970194	95.64769965015516	9773.2324
45.21761500123496	97.05322665679864	9687.2162
45.31301879088406	98.45453360743382	9551.4068
45.42549802359848	99.85082102757882	9369.7167
45.554920033420714	101.2413128904156	9147.1556
45.701133755495384	102.62525984626303	8889.6442
45.86397053617525	104.00194216551692	8603.7978
46.043245018569806	105.37067237172324	8296.6878
46.238756092964955	106.73079754727539	7975.5905
46.450287901158305	108.08170130012182	7647.7347
46.677610883583455	109.42280538567519	7320.0565
46.920482858129056	110.7535709836848	6998.9723
47.178650119779434	112.07349963504215	6690.1788
47.45184855059512	113.38213384823077	6398.4872
47.73980473009234	114.67905738932384	6127.6978
48.04223703674405	115.96389527302166	5880.5198
48.3588567320902	117.23631347517073	5658.5388
48.68936901978189	118.49601838951025	5462.2314
49.03347407277117	119.74275605305839	5291.0265
49.39086802277208	120.9763111656098	5143.4085
49.76124390703504	122.19650592930867	5017.0577
50.14429256838125	123.40319873424197	4909.021
50.539703505316005	124.59628271552698	4815.9039
50.94716566986905	125.77568420650928	4734.0756
51.36636821158484	126.94136111151253	4659.877
51.79700116679685	128.09330122015012	4589.8231
52.23875609296496	129.23152048359225	4520.7889
52.691326648427214	130.35606127143015	4450.1731
53.154409118419395	131.46699062595425	4376.0292
53.62770288864506	132.56439852880584	4297.1613
54.11091086804023	133.64839619311508	4213.1786
54.60373986267208	134.71911439243897	4124.5076
55.10590090294487	135.7767018360815	4032.3612
55.617109526463715	136.821323598745	3938.667
56.13708601903233	137.8531596109341	3845.9587
56.66555561634144	138.87240321512806	3757.235
57.20224866894282	139.879259791457	3675.7945
57.74690077310915	140.87394545546752	3605.0529
58.29925287015328	141.85668582953758	3548.3527
58.8590513167294	142.82771488860465	3508.7739
59.42604792856702	143.7872738800911	3488.9548
59.99999999999999	144.73561031724535	3490.9318
60.58067030155157	145.6729770445577	3516.0058
61.16782705772538	146.59963137344585	3564.6424
61.76124390703503	147.5158342860312	3636.4096
62.36069984618289	148.4218497045308	3729.958
62.96597916017513	149.31794382356657	3843.0444
63.57687134003648	150.20438450253144	3972.5975
64.19317098966519	151.08144071504458	4114.8238
64.81467772324949	151.9493820524694	4265.3502
65.44119605454999	152.808478278447	4419.3955
66.0725352792411	153.65899893141415	4571.9649
66.70850935139694	154.5012129721155	4718.0582
67.34893675510656	155.3353884731886	4852.8829
67.99364037210603	156.16179234798136	4972.0625
68.64244734622547	156.98069011586378	5071.8301
69.29518894536457	157.79234570140352	5149.1998
69.95170042163069	158.59702126489356	5202.1063
70.61182087020094	159.39497706184335	5229.5073
71.2753930874019	160.1864713291706	5231.4436
71.94226342843773	160.9717601959578	5209.0524
72.61228166514054	161.7510976167656	5164.5342
73.28530084406377	162.52473532561788	5101.0738
73.96117714519126	163.29292280889817	5022.7171
74.63976974149092	164.05590729551355	4934.2098
75.32094065950206	164.8139337627975	4840.8041
76.00455464110858	165.56724495673262	4748.041
76.6904790066185	166.31608142517842	4661.5176
77.37858351923944	167.06068156288816	4586.6496
78.0687402510143	167.80128166719328	4528.4378
78.76082345025605	168.5381160033205	4491.2504
79.45470941050044	169.27141687839094	4478.6283
80.15027634097487	170.0014147232256	4493.1247
80.84740423856572	170.72833818115458	4536.1831
81.54597476125012	171.45241420309307	4608.0609
82.24587110294536	172.17386814820765	4707.8024
82.94697786971682	172.8929238895535	4833.2615
83.64918095727445	173.60980392411287	4981.1742
84.3523674296794	174.32472948671335	5147.2785
85.05642539917308	175.03792066734437	5326.4757
85.76124390703502	175.7495965314293	5513.0284
86.4667128053692	176.45997524264365	5700.7853
87.17272263971289	177.16927418789817	5883.4248
87.87916453235917	177.87771010413212	6054.7069
88.58593006627854	178.58549920658245	6208.7223
89.29291116952395	179.29285731821275	6340.1301
90.0	180.0	6444.3718
90.70708883047607	180.70714268178725	6517.8546
91.41406993372146	181.41450079341755	6558.0957
92.12083546764083	182.12228989586788	6563.8211
92.82727736028711	182.83072581210183	6535.0161
93.5332871946308	183.54002475735635	6472.923
94.23875609296496	184.2504034685707	6379.9898
94.94357460082692	184.96207933265563	6259.7682
95.64763257032061	185.67527051328665	6116.7679
96.35081904272555	186.39019607588713	5956.2722
97.05302213028318	187.1070761104465	5784.1234
97.75412889705464	187.82613185179233	5606.4855
98.45402523874989	188.54758579690696	5429.5963
99.15259576143428	189.27166181884542	5259.5175
99.84972365902512	189.9985852767744	5101.8937
100.54529058949956	190.72858312160906	4961.7309
101.23917654974393	191.4618839966795	4843.2025
101.93125974898571	192.19871833280675	4749.4917
102.62141648076054	192.93931843711184	4682.6757
103.30952099338153	193.68391857482158	4643.6576
103.99544535889142	194.43275504326738	4632.1467
104.67905934049796	195.18606623720254	4646.6888
105.36023025850908	195.94409270448645	4684.7451
106.03882285480874	196.7070771911018	4742.814
106.71469915593623	197.4752646743821	4816.5934
107.38771833485946	198.2489023832344	4901.1728
108.05773657156229	199.0282398040422	4991.2494
108.7246069125981	199.8135286708294	5081.3578
109.38817912979906	200.60502293815665	5166.1027
110.04829957836931	201.40297873510644	5240.3865
110.70481105463544	202.20765429859648	5299.6199
111.35755265377453	203.01930988413622	5339.9088
112.00635962789397	203.83820765201864	5358.2084
112.65106324489344	204.6646115268114	5352.4387
113.29149064860306	205.49878702788448	5321.5574
113.92746472075892	206.34100106858588	5265.5869
114.55880394545001	207.191521721553	5185.5952
115.18532227675053	208.05061794753064	5083.6326
115.8068290103348	208.91855928495542	4962.6267
116.42312865996352	209.79561549746856	4826.2417
117.03402083982486	210.68205617643343	4678.7086
117.63930015381712	211.5781502954692	4524.6338
118.23875609296496	212.48416571396876	4368.7958
118.83217294227461	213.40036862655413	4215.938
119.41932969844842	214.32702295544232	4070.5686
120.00000000000001	215.26438968275463	3936.775
120.573952071433	216.2127261199089	3818.0621
121.14094868327061	217.17228511139535	3717.2209
121.70074712984672	218.14331417046245	3636.2332
122.25309922689084	219.12605454453248	3576.2163
122.79775133105717	220.12074020854297	3537.4105
123.33444438365854	221.1275967848719	3519.2078
123.86291398096766	222.1468403890659	3520.222
124.38289047353629	223.17867640125502	3538.3955
124.89409909705513	224.2232981639185	3571.137
125.39626013732791	225.28088560756103	3615.4842
125.88908913195978	226.35160380688492	3668.2834
126.37229711135494	227.43560147119416	3726.3768
126.84559088158062	228.53300937404572	3786.7885
127.30867335157278	229.64393872856982	3846.9007
127.76124390703504	230.7684795164077	3904.6108
128.20299883320317	231.90669877984988	3958.4627
128.6336317884152	233.05863888848748	4007.7435
129.05283433013093	234.2243157934907	4052.544
129.460296494684	235.40371728447298	4093.7759
129.85570743161875	236.59680126575802	4133.1476
130.23875609296496	237.80349407069136	4173.0967
130.60913197722795	239.0236888343902	4216.6829
130.96652592722884	240.25724394694157	4267.4459
131.31063098021812	241.50398161048972	4329.233
131.6411432679098	242.7636865248293	4406.0054
131.95776296325596	244.03610472697835	4501.6309
132.26019526990768	245.32094261067616	4619.6725
132.54815144940486	246.6178661517692	4763.1818
132.8213498802206	247.92650036495786	4934.5082
133.07951714187095	249.2464290163152	5135.1314
133.32238911641656	250.5771946143248	5365.5255
133.5497120988417	251.91829869987816	5625.0621
133.76124390703504	253.26920245272458	5911.9567
133.9567549814302	254.62932762827677	6223.2625
134.13602946382477	255.99805783448306	6554.9119
134.2988662445046	257.374740153737	6901.806
134.44507996657927	258.75868710958434	7257.9487
134.57450197640154	260.14917897242117	7616.6207
134.68698120911597	261.5454663925662	7970.5871
134.78238499876502	262.94677334320136	8312.3305
134.8605998029806	264.3523003498448	8634.301
134.92153183310086	265.7612279774355	8929.1719
134.96510758156856	267.17272054092643	9190.0925
134.99127423966527	268.5859300006715	9410.9266
135.0	270.0	9586.4682
134.99127423966527	271.4140699993285	9712.6242
134.96510758156856	272.82727945907357	9786.5577
134.92153183310086	274.2387720225645	9806.7868
134.8605998029806	275.6476996501551	9773.2324
134.78238499876502	277.0532266567986	9687.2162
134.68698120911597	278.45453360743375	9551.4068
134.57450197640154	279.85082102757883	9369.7167
134.44507996657927	281.2413128904156	9147.1556
134.2988662445046	282.625259846263	8889.6442
134.13602946382477	284.0019421655169	8603.7978
133.9567549814302	285.37067237172323	8296.6878
133.76124390703504	286.7307975472754	7975.5905
133.5497120988417	288.08170130012184	7647.7347
133.32238911641656	289.42280538567513	7320.0565
133.07951714187095	290.75357098368477	6998.9723
132.82134988022057	292.0734996350422	6690.1788
132.54815144940488	293.38213384823075	6398.4872
132.26019526990768	294.6790573893238	6127.6978
131.95776296325596	295.9638952730216	5880.5198
131.6411432679098	297.23631347517073	5658.5388
131.31063098021812	298.49601838951025	5462.2314
130.96652592722884	299.7427560530584	5291.0265
130.60913197722795	300.9763111656098	5143.4085
130.23875609296496	302.1965059293086	5017.0577
129.85570743161873	303.403198734242	4909.021
129.46029649468403	304.59628271552697	4815.9039
129.05283433013096	305.7756842065093	4734.0756
128.6336317884152	306.9413611115125	4659.877
128.20299883320317	308.0933012201501	4589.8231
127.76124390703505	309.23152048359225	4520.7889
127.3086733515728	310.3560612714301	4450.1731
126.84559088158062	311.4669906259543	4376.0292
126.37229711135495	312.5643985288058	4297.1613
125.88908913195978	313.6483961931151	4213.1786
125.39626013732794	314.71911439243894	4124.5076
124.89409909705515	315.77670183608143	4032.3612
124.38289047353632	316.821323598745	3938.667
123.86291398096766	317.85315961093414	3845.9587
123.33444438365856	318.8724032151281	3757.235
122.7977513310572	319.879259791457	3675.7945
122.25309922689087	320.8739454554675	3605.0529
121.70074712984675	321.8566858295375	3548.3527
121.14094868327061	322.82771488860465	3508.7739
120.57395207143298	323.7872738800911	3488.9548
120.00000000000001	324.73561031724535	3490.9318
119.41932969844845	325.6729770445577	3516.0058
118.83217294227461	326.59963137344585	3564.6424
118.23875609296496	327.51583428603124	3636.4096
117.63930015381712	328.4218497045308	3729.958
117.03402083982486	329.31794382356657	3843.0444
116.42312865996352	330.2043845025314	3972.5975
115.8068290103348	331.08144071504455	4114.8238
115.18532227675053	331.9493820524694	4265.3502
114.55880394545002	332.808478278447	4419.3955
113.92746472075895	333.6589989314141	4571.9649
113.29149064860304	334.5012129721155	4718.0582
112.65106324489344	335.3353884731886	4852.8829
112.00635962789399	336.16179234798136	4972.0625
111.35755265377455	336.98069011586375	5071.8301
110.70481105463546	337.79234570140346	5149.1998
110.04829957836931	338.59702126489356	5202.1063
109.38817912979906	339.39497706184335	5229.5073
108.7246069125981	340.18647132917056	5231.4436
108.05773657156229	340.9717601959578	5209.0524
107.38771833485946	341.7510976167656	5164.5342
106.71469915593623	342.5247353256179	5101.0738
106.03882285480876	343.2929228088982	5022.7171
105.36023025850909	344.0559072955135	4934.2098
104.67905934049797	344.8139337627975	4840.8041
103.99544535889142	345.5672449567326	4748.041
103.30952099338151	346.3160814251784	4661.5176
102.62141648076056	347.06068156288813	4586.6496
101.93125974898572	347.8012816671932	4528.4378
101.23917654974393	348.5381160033205	4491.2504
100.54529058949956	349.27141687839094	4478.6283
99.84972365902513	350.0014147232256	4493.1247
99.15259576143428	350.7283381811546	4536.1831
98.4540252387499	351.45241420309304	4608.0609
97.75412889705464	352.17386814820765	4707.8024
97.05302213028318	352.89292388955346	4833.2615
96.35081904272556	353.60980392411284	4981.1742
95.64763257032062	354.32472948671335	5147.2785
94.94357460082692	355.03792066734434	5326.4757
94.23875609296496	355.7495965314293	5513.0284
93.53328719463082	356.4599752426436	5700.7853
92.82727736028713	357.16927418789817	5883.4248
92.12083546764086	357.8777101041321	6054.7069
91.41406993372146	358.5854992065825	6208.7223
90.70708883047607	359.2928573182127	6340.1301
90.0	90.0	4599.534
89.29291116952395	89.29285731821274	4628.2587
88.58593006627854	88.58549920658245	4649.1519
87.87916453235917	87.87771010413212	4661.9839
87.1727226397129	87.16927418789815	4666.8328
86.4667128053692	86.45997524264364	4664.0713
85.76124390703504	85.74959653142929	4654.3429
85.05642539917308	85.03792066734437	4638.5281
84.3523674296794	84.32472948671335	4617.7024
83.64918095727445	83.60980392411285	4593.0874
82.94697786971682	82.89292388955346	4565.9977
82.24587110294536	82.17386814820766	4537.7861
81.54597476125012	81.45241420309306	4509.7878
80.84740423856572	80.72833818115458	4483.2682
80.15027634097487	80.0014147232256	4459.3741
79.45470941050044	79.27141687839094	4439.0915
78.76082345025607	78.5381160033205	4423.2113
78.0687402510143	77.80128166719327	4412.3038
77.37858351923944	77.06068156288816	4406.7031
76.69047900661849	76.31608142517841	4406.5016
76.00455464110858	75.56724495673262	4411.5547
75.32094065950206	74.81393376279749	4421.495
74.63976974149092	74.05590729551355	4435.7555
73.96117714519126	73.29292280889818	4453.5999
73.28530084406378	72.52473532561788	4474.1594
72.61228166514054	71.7510976167656	4496.4735
71.94226342843773	70.97176019595781	4519.5333
71.27539308740191	70.18647132917059	4542.3253
70.61182087020094	69.39497706184336	4563.8738
69.95170042163069	68.59702126489356	4583.2803
69.29518894536457	67.79234570140352	4599.7578
68.64244734622547	66.98069011586378	4612.6592
67.99364037210603	66.16179234798135	4621.4982
67.34893675510656	65.33538847318859	4625.9632
66.70850935139694	64.50121297211548	4625.922
66.07253527924108	63.65899893141411	4621.4187
65.44119605454999	62.808478278447	4612.6632
64.81467772324949	61.94938205246937	4600.0134
64.19317098966519	61.081440715044565	4583.9513
63.57687134003648	60.20438450253143	4565.0548
62.965979160175145	59.31794382356658	4543.9663
62.36069984618289	58.4218497045308	4521.3594
61.761243907035045	57.515834286031215	4497.906
61.16782705772538	56.59963137344585	4474.2446
60.58067030155157	55.67297704455769	4450.9518
59.99999999999999	54.735610317245346	4428.5185
59.42604792856702	53.787273880091085	4407.3312
58.8590513167294	52.827714888604646	4387.659
58.29925287015328	51.85668582953758	4369.6481
57.74690077310915	50.87394545546753	4353.3225
57.20224866894282	49.87925979145702	4338.5914
56.66555561634145	48.87240321512806	4325.2622
56.13708601903233	47.85315961093413	4313.0598
55.61710952646371	46.821323598745	4301.6485
55.10590090294487	45.776701836081465	4290.6584
54.60373986267208	44.71911439243896	4279.7122
54.11091086804023	43.6483961931151	4268.4525
53.62770288864506	42.564398528805846	4256.5678
53.154409118419395	41.46699062595427	4243.8159
52.691326648427214	40.356061271430136	4230.0431
52.23875609296496	39.23152048359226	4215.1988
51.79700116679687	38.09330122015014	4199.3441
51.36636821158484	36.941361111512535	4182.6544
50.94716566986906	35.77568420650932	4165.4156
50.539703505316	34.59628271552699	4148.0143
50.14429256838126	33.40319873424199	4130.9216
49.76124390703504	32.19650592930866	4114.6727
49.390868022772075	30.976311165609783	4099.8418
49.03347407277117	29.742756053058372	4087.0144
48.68936901978189	28.496018389510258	4076.7581
48.35885673209022	27.236313475170732	4069.5934
48.04223703674405	25.963895273021652	4065.9656
47.73980473009234	24.679057389323834	4066.2198
47.45184855059514	23.382133848230776	4070.5797
47.178650119779434	22.07349963504216	4079.1317
46.920482858129056	20.753570983684796	4091.8152
46.677610883583455	19.422805385675183	4108.419
46.450287901158305	18.08170130012181	4128.5851
46.23875609296496	16.730797547275397	4151.8194
46.043245018569806	15.370672371723243	4177.5081
45.86397053617525	14.001942165516926	4204.9411
45.701133755495384	12.625259846263035	4233.3392
45.554920033420714	11.241312890415616	4261.8858
45.42549802359849	9.850821027578828	4289.7601
45.31301879088406	8.454533607433808	4316.1717
45.21761500123496	7.053226656798624	4340.394
45.1394001970194	5.647699650155149	4361.7955
45.07846816689916	4.238772022564465	4379.867
45.03489241843145	2.8272794590735852	4394.2439
45.00872576033472	1.414069999328503	4404.7225
45.0	4.961562726608714e-15	4411.2685
45.00872576033472	358.5859300006715	4414.0189
45.03489241843145	357.17272054092643	4413.2757
45.07846816689916	355.76122797743557	4409.4921
45.1394001970194	354.3523003498448	4403.2519
45.21761500123496	352.94677334320136	4395.2427
45.31301879088406	351.5454663925662	4386.2242
45.42549802359848	350.14917897242117	4376.9929
45.554920033420714	348.7586871095844	4368.3448
45.701133755495384	347.374740153737	4361.0376
45.86397053617525	345.99805783448306	4355.7548
46.043245018569806	344.62932762827677	4353.0722
46.238756092964955	343.26920245272464	4353.4297
46.450287901158305	341.91829869987816	4357.109
46.677610883583455	340.5771946143248	4364.2175
46.920482858129056	339.2464290163152	4374.6821
47.178650119779434	337.92650036495786	4388.249
47.45184855059512	336.61786615176925	4404.4941
47.73980473009234	335.3209426106762	4422.8405
48.04223703674405	334.03610472697835	4442.5833
48.3588567320902	332.76368652482927	4462.9219
48.68936901978189	331.50398161048975	4482.9965
49.03347407277117	330.2572439469416	4501.9288
49.39086802277208	329.0236888343902	4518.8638
49.76124390703504	327.80349407069133	4533.0124
50.14429256838125	326.596801265758	4543.6909
50.539703505316005	325.40371728447303	4550.3578
50.94716566986905	324.2243157934907	4552.6438
51.36636821158484	323.05863888848745	4550.3756
51.79700116679685	321.9066987798499	4543.5909
52.23875609296496	320.76847951640775	4532.5442
52.691326648427214	319.6439387285699	4517.7029
53.154409118419395	318.5330093740457	4499.7342
53.62770288864506	317.43560147119416	4479.4818
54.11091086804023	316.3516038068849	4457.9341
54.60373986267208	315.28088560756106	4436.1859
55.10590090294487	314.2232981639185	4415.3928
55.617109526463715	313.17867640125496	4396.7229
56.13708601903233	312.14684038906586	4381.305
56.66555561634144	311.12759678487197	4370.1782
57.20224866894282	310.120740208543	4364.2429
57.74690077310915	309.1260545445325	4364.2162
58.29925287015328	308.1433141704624	4370.5944
58.8590513167294	307.17228511139535	4383.6232
59.42604792856702	306.2127261199089	4403.277
59.99999999999999	305.26438968275465	4429.2497
60.58067030155157	304.3270229554423	4460.9566
61.16782705772538	303.40036862655415	4497.5473
61.76124390703503	302.4841657139688	4537.9307
62.36069984618289	301.5781502954692	4580.8093
62.96597916017513	300.68205617643343	4624.7239
63.57687134003648	299.7956154974686	4668.1054
64.19317098966519	298.91855928495545	4709.332
64.81467772324949	298.0506179475306	4746.7903
65.44119605454999	297.191521721553	4778.9378
66.0725352792411	296.3410010685859	4804.3631
66.70850935139694	295.49878702788453	4821.8433
67.34893675510656	294.6646115268114	4830.3949
67.99364037210603	293.83820765201864	4829.3162
68.64244734622547	293.0193098841362	4818.2201
69.29518894536457	292.2076542985965	4797.0553
69.95170042163069	291.40297873510644	4766.1155
70.61182087020094	290.60502293815665	4726.0349
71.2753930874019	289.81352867082944	4677.7716
71.94226342843773	289.0282398040422	4622.5782
72.61228166514054	288.2489023832344	4561.9615
73.28530084406377	287.4752646743821	4497.6316
73.96117714519126	286.7070771911018	4431.4441
74.63976974149092	285.9440927044865	4365.3354
75.32094065950206	285.1860662372025	4301.2555
76.00455464110858	284.4327550432674	4241.0992
76.6904790066185	283.6839185748216	4186.6399
77.37858351923944	282.93931843711187	4139.4673
78.0687402510143	282.1987183328067	4100.9317
78.76082345025605	281.4618839966795	4072.0975
79.45470941050044	280.72858312160906	4053.7069
80.15027634097487	279.9985852767744	4046.1562
80.84740423856572	279.2716618188454	4049.4838
81.54597476125012	278.54758579690696	4063.3726
82.24587110294536	277.82613185179235	4087.1645
82.94697786971682	277.10707611044654	4119.888
83.64918095727445	276.39019607588716	4160.2967
84.3523674296794	275.67527051328665	4206.9174
85.05642539917308	274.96207933265566	4258.1065
85.76124390703502	274.2504034685707	4312.1112
86.4667128053692	273.5400247573564	4367.1345
87.17272263971289	272.83072581210183	4421.4007
87.87916453235917	272.1222898958679	4473.2186
88.58593006627854	271.4145007934176	4521.0408
89.29291116952395	270.7071426817872	4563.5161
90.0	270.0	4599.534
90.70708883047607	269.2928573182127	4628.2587
91.41406993372146	268.5854992065824	4649.1519
92.12083546764083	267.8777101041321	4661.9839
92.82727736028711	267.16927418789817	4666.8328
93.5332871946308	266.4599752426436	4664.0713
94.23875609296496	265.7495965314293	4654.3429
94.94357460082692	265.03792066734434	4638.5281
95.64763257032061	264.32472948671335	4617.7024
96.35081904272555	263.60980392411284	4593.0874
97.05302213028318	262.89292388955346	4565.9977
97.75412889705464	262.17386814820765	4537.7861
98.45402523874989	261.45241420309304	4509.7878
99.15259576143428	260.7283381811546	4483.2682
99.84972365902512	260.0014147232256	4459.3741
100.54529058949956	259.27141687839094	4439.0915
101.23917654974393	258.5381160033205	4423.2113
101.93125974898571	257.8012816671933	4412.3038
102.62141648076054	257.06068156288813	4406.7031
103.30952099338153	256.31608142517837	4406.5016
103.99544535889142	255.56724495673262	4411.5547
104.67905934049796	254.8139337627975	4421.495
105.36023025850908	254.05590729551355	4435.7555
106.03882285480874	253.2929228088982	4453.5999
106.71469915593623	252.52473532561788	4474.1594
107.38771833485946	251.7510976167656	4496.4735
108.05773657156229	250.9717601959578	4519.5333
108.7246069125981	250.18647132917056	4542.3253
109.38817912979906	249.39497706184335	4563.8738
110.04829957836931	248.59702126489356	4583.2803
110.70481105463544	247.79234570140352	4599.7578
111.35755265377453	246.98069011586378	4612.6592
112.00635962789397	246.16179234798136	4621.4982
112.65106324489344	245.33538847318857	4625.9632
113.29149064860306	244.50121297211547	4625.922
113.92746472075892	243.6589989314141	4621.4187
114.55880394545001	242.808478278447	4612.6632
115.18532227675053	241.9493820524694	4600.0134
115.8068290103348	241.08144071504458	4583.9513
116.42312865996352	240.2043845025314	4565.0548
117.03402083982486	239.31794382356657	4543.9663
117.63930015381712	238.4218497045308	4521.3594
118.23875609296496	237.5158342860312	4497.906
118.83217294227461	236.59963137344585	4474.2446
119.41932969844842	235.67297704455768	4450.9518
120.00000000000001	234.73561031724535	4428.5185
120.573952071433	233.78727388009108	4407.3312
121.14094868327061	232.82771488860465	4387.659
121.70074712984672	231.85668582953755	4369.6481
122.25309922689084	230.87394545546752	4353.3225
122.79775133105717	229.879259791457	4338.5914
123.33444438365854	228.8724032151281	4325.2622
123.86291398096766	227.8531596109341	4313.0598
124.38289047353629	226.82132359874498	4301.6485
124.89409909705513	225.7767018360815	4290.6584
125.39626013732791	224.71911439243897	4279.7122
125.88908913195978	223.64839619311508	4268.4525
126.37229711135494	222.56439852880584	4256.5678
126.84559088158062	221.46699062595428	4243.8159
127.30867335157278	220.35606127143015	4230.0431
127.76124390703504	219.23152048359228	4215.1988
128.20299883320317	218.0933012201501	4199.3441
128.6336317884152	216.94136111151252	4182.6544
129.05283433013093	215.7756842065093	4165.4156
129.460296494684	214.59628271552702	4148.0143
129.85570743161875	213.40319873424195	4130.9216
130.23875609296496	212.19650592930864	4114.6727
130.60913197722795	210.9763111656098	4099.8418
130.96652592722884	209.74275605305837	4087.0144
131.31063098021812	208.49601838951028	4076.7581
131.6411432679098	207.2363134751707	4069.5934
131.95776296325596	205.96389527302162	4065.9656
132.26019526990768	204.67905738932384	4066.2198
132.54815144940486	203.38213384823078	4070.5797
132.8213498802206	202.07349963504214	4079.1317
133.07951714187095	200.75357098368477	4091.8152
133.32238911641656	199.4228053856752	4108.419
133.5497120988417	198.08170130012184	4128.5851
133.76124390703504	196.73079754727542	4151.8194
133.9567549814302	195.3706723717232	4177.5081
134.13602946382477	194.0019421655169	4204.9411
134.2988662445046	192.62525984626305	4233.3392
134.44507996657927	191.24131289041563	4261.8858
134.57450197640154	189.8508210275788	4289.7601
134.68698120911597	188.4545336074338	4316.1717
134.78238499876502	187.0532266567986	4340.394
134.8605998029806	185.64769965015518	4361.7955
134.92153183310086	184.2387720225645	4379.867
134.96510758156856	182.82727945907357	4394.2439
134.99127423966527	181.4140699993285	4404.7225
135.0	180.0	4411.2685
134.99127423966527	178.58593000067157	4414.0189
134.96510758156856	177.1727205409264	4413.2757
134.92153183310086	175.76122797743554	4409.4921
134.8605998029806	174.35230034984485	4403.2519
134.78238499876502	172.94677334320141	4395.2427
134.68698120911597	171.54546639256625	4386.2242
134.57450197640154	170.14917897242117	4376.9929
134.44507996657927	168.7586871095844	4368.3448
134.2988662445046	167.37474015373698	4361.0376
134.13602946382477	165.9980578344831	4355.7548
133.9567549814302	164.62932762827674	4353.0722
133.76124390703504	163.2692024527246	4353.4297
133.5497120988417	161.9182986998782	4357.109
133.32238911641656	160.57719461432484	4364.2175
133.07951714187095	159.24642901631526	4374.6821
132.82134988022057	157.92650036495783	4388.249
132.54815144940488	156.61786615176925	4404.4941
132.26019526990768	155.32094261067618	4422.8405
131.95776296325596	154.03610472697838	4442.5833
131.6411432679098	152.76368652482927	4462.9219
131.31063098021812	151.50398161048975	4482.9965
130.96652592722884	150.25724394694163	4501.9288
130.60913197722795	149.02368883439024	4518.8638
130.23875609296496	147.80349407069139	4533.0124
129.85570743161873	146.596801265758	4543.6909
129.46029649468403	145.403717284473	4550.3578
129.05283433013096	144.22431579349072	4552.6438
128.6336317884152	143.0586388884875	4550.3756
128.20299883320317	141.90669877984988	4543.5909
127.76124390703505	140.76847951640775	4532.5442
127.3086733515728	139.64393872856988	4517.7029
126.84559088158062	138.53300937404575	4499.7342
126.37229711135495	137.4356014711942	4479.4818
125.88908913195978	136.35160380688492	4457.9341
125.39626013732794	135.28088560756106	4436.1859
124.89409909705515	134.22329816391854	4415.3928
124.38289047353632	133.17867640125502	4396.7229
123.86291398096766	132.14684038906586	4381.305
123.33444438365856	131.12759678487194	4370.1782
122.7977513310572	130.120740208543	4364.2429
122.25309922689087	129.12605454453248	4364.2162
121.70074712984675	128.14331417046245	4370.5944
121.14094868327061	127.17228511139534	4383.6232
120.57395207143298	126.21272611990892	4403.277
120.00000000000001	125.26438968275468	4429.2497
119.41932969844845	124.32702295544235	4460.9566
118.83217294227461	123.40036862655414	4497.5473
118.23875609296496	122.48416571396879	4537.9307
117.63930015381712	121.57815029546921	4580.8093
117.03402083982486	120.68205617643345	4624.7239
116.42312865996352	119.79561549746859	4668.1054
115.8068290103348	118.91855928495542	4709.332
115.18532227675053	118.05061794753063	4746.7903
114.55880394545002	117.19152172155302	4778.9378
113.92746472075895	116.34100106858591	4804.3631
113.29149064860304	115.49878702788452	4821.8433
112.65106324489344	114.66461152681141	4830.3949
112.00635962789399	113.83820765201867	4829.3162
111.35755265377455	113.01930988413625	4818.2201
110.70481105463546	112.20765429859652	4797.0553
110.04829957836931	111.40297873510644	4766.1155
109.38817912979906	110.60502293815665	4726.0349
108.7246069125981	109.81352867082943	4677.7716
108.05773657156229	109.02823980404222	4622.5782
107.38771833485946	108.2489023832344	4561.9615
106.71469915593623	107.47526467438213	4497.6316
106.03882285480876	106.70707719110183	4431.4441
105.36023025850909	105.94409270448648	4365.3354
104.67905934049797	105.18606623720254	4301.2555
103.99544535889142	104.43275504326738	4241.0992
103.30952099338151	103.68391857482159	4186.6399
102.62141648076056	102.93931843711185	4139.4673
101.93125974898572	102.19871833280676	4100.9317
101.23917654974393	101.4618839966795	4072.0975
100.54529058949956	100.72858312160906	4053.7069
99.84972365902513	99.99858527677442	4046.1562
99.15259576143428	99.27166181884544	4049.4838
98.4540252387499	98.54758579690696	4063.3726
97.75412889705464	97.82613185179234	4087.1645
97.05302213028318	97.10707611044654	4119.888
96.35081904272556	96.39019607588716	4160.2967
95.64763257032062	95.67527051328666	4206.9174
94.94357460082692	94.96207933265563	4258.1065
94.23875609296496	94.25040346857071	4312.1112
93.53328719463082	93.54002475735638	4367.1345
92.82727736028713	92.83072581210186	4421.4007
92.12083546764086	92.12228989586791	4473.2186
91.41406993372146	91.41450079341756	4521.0408
90.70708883047607	90.70714268178726	4563.5161
90.0	0.0	4569.6476
90.0	1.0	4577.6365
90.0	2.0	4571.1816
90.0	3.0000000000000004	4550.1788
90.0	4.0	4515.0919
90.0	5.0	4466.9397
90.0	6.000000000000001	4407.262
90.0	7.0	4338.0637
90.0	8.0	4261.7412
90.0	9.0	4180.9921
90.0	10.0	4098.7128
90.0	11.0	4017.8879
90.0	12.0	3941.4752
90.0	13.0	3872.2915
90.0	14.0	3812.9033
90.0	14.999999999999998	3765.5272
90.0	16.0	3731.9429
90.0	17.000000000000004	3713.4235
90.0	18.0	3710.6856
90.0	19.0	3723.8604
90.0	20.0	3752.4877
90.0	21.0	3795.5333
90.0	22.0	3851.4284
90.0	23.0	3918.13
90.0	24.000000000000004	3993.2002
90.0	25.0	4073.9005
90.0	26.0	4157.2986
90.0	26.999999999999996	4240.3823
90.0	28.0	4320.1776
90.0	29.000000000000004	4393.8653
90.0	29.999999999999996	4458.8918
90.0	31.0	4513.0705
90.0	32.0	4554.6696
90.0	33.0	4582.4829
90.0	34.00000000000001	4595.881
90.0	35.0	4594.8415
90.0	36.0	4579.9564
90.0	37.0	4552.4171
90.0	38.0	4513.9781
90.0	39.0	4466.8994
90.0	40.0	4413.8716
90.0	41.0	4357.926
90.0	42.0	4302.3324
90.0	43.0	4250.4897
90.0	44.0	4205.8127
90.0	45.0	4171.6192
90.0	46.00000000000001	4151.0224
90.0	47.0	4146.8306
90.0	48.00000000000001	4161.4601
90.0	49.00000000000001	4196.8618
90.0	50.0	4254.466
90.0	51.0	4335.1451
90.0	52.0	4439.1964
90.0	53.0	4566.3449
90.0	54.0	4715.7648
90.0	55.0	4886.1186
90.0	56.0	5075.6131
90.0	57.00000000000001	5282.0675
90.0	58.00000000000001	5502.9922
90.0	59.00000000000001	5735.6753
90.0	59.99999999999999	5977.2718
90.0	61.0	6224.8942
90.0	62.0	6475.6989
90.0	63.0	6726.9674
90.0	64.0	6976.1782
90.0	65.0	7221.0681
90.0	66.0	7459.6798
90.0	67.0	7690.3967
90.0	68.0	7911.9626
90.0	69.0	8123.4867
90.0	70.0	8324.4353
90.0	71.0	8514.6109
90.0	72.0	8694.1195
90.0	73.0	8863.3295
90.0	74.0	9022.8237
90.0	75.0	9173.3465
90.0	76.0	9315.7489
90.0	77.0	9450.9344
90.0	78.0	9579.8068
90.0	79.0	9703.223
90.0	80.0	9821.9511
90.0	81.0	9936.637
90.0	82.0	10047.778
90.0	83.0	10155.7054
90.0	84.0	10260.5762
90.0	85.0	10362.372
90.0	86.0	10460.9056
90.0	87.0	10555.8346
90.0	88.0	10646.6787
90.0	89.0	10732.8416
90.0	90.0	10813.6349
90.0	91.0	10888.3019
90.0	92.0	10956.0421
90.0	93.0	11016.0324
90.0	94.0	11067.4466
90.0	95.0	11109.4708
90.0	96.00000000000001	11141.3157
90.0	97.0	11162.2243
90.0	98.0	11171.4768
90.0	99.0	11168.392
90.0	100.0	11152.3265
90.0	101.0	11122.6731
90.0	102.0	11078.858
90.0	103.0	11020.3401
90.0	104.0	10946.611
90.0	105.00000000000001	10857.1984
90.0	106.0	10751.6733
90.0	107.0	10629.6606
90.0	108.0	10490.8547
90.0	109.0	10335.0386
90.0	110.0	10162.1076
90.0	111.0	9972.0948
90.0	112.0	9765.1996
90.0	113.0	9541.8165
90.0	114.00000000000001	9302.562
90.0	115.0	9048.3005
90.0	116.00000000000001	8780.1641
90.0	117.0	8499.5673
90.0	118.00000000000001	8208.214
90.0	119.0	7908.0949
90.0	119.99999999999999	7601.4756
90.0	121.0	7290.8735
90.0	122.0	6979.0236
90.0	123.00000000000001	6668.8344
90.0	124.0	6363.3328
90.0	125.00000000000001	6065.6012
90.0	126.0	5778.7067
90.0	127.00000000000001	5505.6259
90.0	128.0	5249.1673
90.0	129.0	5011.8929
90.0	130.0	4796.0443
90.0	131.0	4603.4734
90.0	132.0	4435.5827
90.0	133.0	4293.2763
90.0	134.0	4176.9252
90.0	135.0	4086.3473
90.0	136.0	4020.8052
90.0	137.0	3979.0201
90.0	138.0	3959.2049
90.0	139.0	3959.1132
90.0	140.0	3976.1048
90.0	141.0	4007.2242
90.0	142.0	4049.2916
90.0	143.0	4099.0016
90.0	144.0	4153.0266
90.0	145.0	4208.1228
90.0	146.0	4261.2324
90.0	147.0	4309.5803
90.0	148.0	4350.7611
90.0	149.0	4382.8126
90.0	150.0	4404.2736
90.0	151.0	4414.2235
90.0	152.0	4412.3018
90.0	153.0	4398.7074
90.0	154.0	4374.1762
90.0	155.0	4339.9399
90.0	156.0	4297.6653
90.0	157.0	4249.3772
90.0	158.0	4197.369
90.0	159.0	4144.1021
90.0	160.0	4092.0995
90.0	161.0	4043.8385
90.0	162.0	4001.6438
90.0	163.0	3967.5889
90.0	164.0	3943.4067
90.0	165.0	3930.4145
90.0	166.0	3929.4557
90.0	167.0	3940.8617
90.0	168.0	3964.4331
90.0	169.0	3999.4447
90.0	170.0	4044.67
90.0	171.0	4098.4284
90.0	172.0	4158.6495
90.0	173.0	4222.9551
90.0	174.0	4288.7536
90.0	175.0	4353.3439
90.0	176.0	4414.0249
90.0	177.0	4468.2049
90.0	178.0	4513.5089
90.0	179.0	4547.8761
90.0	180.0	4569.6476
90.0	181.0	4577.6365
90.0	181.99999999999997	4571.1816
90.0	182.99999999999997	4550.1788
90.0	183.99999999999997	4515.0919
90.0	184.99999999999997	4466.9397
90.0	185.99999999999997	4407.262
90.0	186.99999999999997	4338.0637
90.0	188.0	4261.7412
90.0	188.99999999999997	4180.9921
90.0	190.0	4098.7128
90.0	190.99999999999997	4017.8879
90.0	192.0	3941.4752
90.0	192.99999999999997	3872.2915
90.0	193.99999999999997	3812.9033
90.0	194.99999999999997	3765.5272
90.0	195.99999999999997	3731.9429
90.0	197.0	3713.4235
90.0	197.99999999999997	3710.6856
90.0	199.0	3723.8604
90.0	199.99999999999997	3752.4877
90.0	201.0	3795.5333
90.0	201.99999999999997	3851.4284
90.0	203.0	3918.13
90.0	203.99999999999997	3993.2002
90.0	204.99999999999997	4073.9005
90.0	206.0	4157.2986
90.0	206.99999999999997	4240.3823
90.0	208.0	4320.1776
90.0	208.99999999999997	4393.8653
90.0	210.0	4458.8918
90.0	210.99999999999997	4513.0705
90.0	212.0	4554.6696
90.0	212.99999999999997	4582.4829
90.0	214.0	4595.881
90.0	215.0	4594.8415
90.0	216.0	4579.9564
90.0	217.0	4552.4171
90.0	217.99999999999997	4513.9781
90.0	219.00000000000003	4466.8994
90.0	219.99999999999997	4413.8716
90.0	220.99999999999997	4357.926
90.0	221.99999999999997	4302.3324
90.0	223.0	4250.4897
90.0	224.0	4205.8127
90.0	224.99999999999997	4171.6192
90.0	226.0	4151.0224
90.0	227.0	4146.8306
90.0	228.0	4161.4601
90.0	229.0	4196.8618
90.0	230.0	4254.466
90.0	230.99999999999997	4335.1451
90.0	232.00000000000003	4439.1964
90.0	233.0	4566.3449
90.0	233.99999999999997	4715.7648
90.0	234.99999999999994	4886.1186
90.0	236.0	5075.6131
90.0	237.0	5282.0675
90.0	238.0	5502.9922
90.0	239.0	5735.6753
90.0	239.99999999999994	5977.2718
90.0	241.0	6224.8942
90.0	242.0	6475.6989
90.0	242.99999999999997	6726.9674
90.0	243.99999999999994	6976.1782
90.0	245.0	7221.0681
90.0	246.0	7459.6798
90.0	247.0	7690.3967
90.0	248.0	7911.9626
90.0	248.99999999999997	8123.4867
90.0	250.0	8324.4353
90.0	251.0	8514.6109
90.0	252.0	8694.1195
90.0	252.99999999999997	8863.3295
90.0	254.0	9022.8237
90.0	255.0	9173.3465
90.0	256.0	9315.7489
90.0	257.0	9450.9344
90.0	258.0	9579.8068
90.0	259.0	9703.223
90.0	260.0	9821.9511
90.0	261.0	9936.637
90.0	262.0	10047.778
90.0	263.0	10155.7054
90.0	264.0	10260.5762
90.0	265.0	10362.372
90.0	266.0	10460.9056
90.0	267.0	10555.8346
90.0	268.0	10646.6787
90.0	269.0	10732.8416
90.0	270.0	10813.6349
90.0	271.0	10888.3019
90.0	272.0	10956.0421
90.0	273.0	11016.0324
90.0	274.0	11067.4466
90.0	275.0	11109.4708
90.0	276.0	11141.3157
90.0	277.0	11162.2243
90.0	278.0	11171.4768
90.0	279.0	11168.392
90.0	280.0	11152.3265
90.0	281.0	11122.6731
90.0	282.0	11078.858
90.0	283.0	11020.3401
90.0	284.0	10946.611
90.0	285.0	10857.1984
90.0	286.0	10751.6733
90.0	287.0	10629.6606
90.0	288.0	10490.8547
90.0	289.0	10335.0386
90.0	290.0	10162.1076
90.0	291.0	9972.0948
90.0	292.0	9765.1996
90.0	293.0	9541.8165
90.0	294.0	9302.562
90.0	295.0	9048.3005
90.0	296.0	8780.1641
90.0	297.0	8499.5673
90.0	298.0	8208.214
90.0	299.0	7908.0949
90.0	300.0	7601.4756
90.0	301.0	7290.8735
90.0	302.0	6979.0236
90.0	303.0	6668.8344
90.0	304.0	6363.3328
90.0	305.0	6065.6012
90.0	306.0	5778.7067
90.0	307.0	5505.6259
90.0	308.0	5249.1673
90.0	309.0	5011.8929
90.0	310.0	4796.0443
90.0	311.0	4603.4734
90.0	311.99999999999994	4435.5827
90.0	313.0	4293.2763
90.0	314.0	4176.9252
90.0	315.0	4086.3473
90.0	316.0	4020.8052
90.0	317.0	3979.0201
90.0	318.0	3959.2049
90.0	319.0	3959.1132
90.0	320.0	3976.1048
90.0	321.0	4007.2242
90.0	322.0	4049.2916
90.0	323.0	4099.0016
90.0	324.0	4153.0266
90.0	325.0	4208.1228
90.0	326.0	4261.2324
90.0	327.0	4309.5803
90.0	328.0	4350.7611
90.0	329.0	4382.8126
90.0	330.0	4404.2736
90.0	331.0	4414.2235
90.0	332.0	4412.3018
90.0	333.0	4398.7074
90.0	334.0	4374.1762
90.0	335.0	4339.9399
90.0	336.0	4297.6653
90.0	337.0	4249.3772
90.0	338.0	4197.369
90.0	338.99999999999994	4144.1021
90.0	340.0	4092.0995
90.0	341.0	4043.8385
90.0	342.0	4001.6438
90.0	343.0	3967.5889
90.0	344.0	3943.4067
90.0	345.0	3930.4145
90.0	346.0	3929.4557
90.0	347.0	3940.8617
90.0	347.99999999999994	3964.4331
90.0	349.0	3999.4447
90.0	350.0	4044.67
90.0	351.0	4098.4284
90.0	352.0	4158.6495
90.0	353.0	4222.9551
90.0	354.0	4288.7536
90.0	355.0	4353.3439
90.0	356.0	4414.0249
90.0	356.99999999999994	4468.2049
90.0	358.0	4513.5089
90.0	359.0	4547.8761
