Polar Angle 	 Azimuth Angle 	 Intensity 
90.0	0.0	9989.809
89.0	0.0	9916.9391
88.0	0.0	9735.8657
87.00000000000001	0.0	9451.2745
86.0	0.0	9070.8227
85.0	0.0	8604.8693
84.0	0.0	8066.109
83.0	0.0	7469.1205
82.0	0.0	6829.851
81.0	0.0	6165.0543
80.0	0.0	5491.7071
79.0	0.0	4826.4259
78.00000000000001	0.0	4184.9065
77.0	0.0	3581.41
76.0	0.0	3028.3137
75.0	0.0	2535.7443
74.0	0.0	2111.3072
73.0	0.0	1759.9207
72.0	0.0	1483.7602
71.0	0.0	1282.3138
70.0	0.0	1152.5423
69.00000000000001	0.0	1089.138
68.0	0.0	1084.8672
67.0	0.0	1130.981
66.0	0.0	1217.6764
65.0	0.0	1334.5849
64.0	0.0	1471.2692
63.0	0.0	1617.7046
62.0	0.0	1764.7246
61.0	0.0	1904.4126
60.00000000000001	0.0	2030.4223
59.00000000000001	0.0	2138.2139
58.00000000000001	0.0	2225.1978
57.00000000000001	0.0	2290.7789
55.99999999999999	0.0	2336.3038
55.00000000000001	0.0	2364.9117
54.0	0.0	2381.3
53.00000000000001	0.0	2391.4135
52.0	0.0	2402.0758
51.00000000000001	0.0	2420.5774
50.00000000000001	0.0	2454.2424
49.00000000000001	0.0	2509.9936
48.0	0.0	2593.9354
47.0	0.0	2710.976
46.00000000000001	0.0	2864.505
45.0	0.0	3056.1424
44.0	0.0	3285.5703
43.0	0.0	3550.4567
42.0	0.0	3846.4736
41.0	0.0	4167.4105
40.00000000000001	0.0	4505.3784
39.0	0.0	4851.0954
37.99999999999999	0.0	5194.2414
37.0	0.0	5523.8677
36.0	0.0	5828.8411
35.0	0.0	6098.3063
34.0	0.0	6322.1424
33.0	0.0	6491.3969
31.99999999999999	0.0	6598.6748
31.0	0.0	6638.4685
30.000000000000004	0.0	6607.4103
29.00000000000001	0.0	6504.4396
28.000000000000007	0.0	6330.8741
27.00000000000001	0.0	6090.3837
25.999999999999996	0.0	5788.8669
25.000000000000004	0.0	5434.2337
24.000000000000004	0.0	5036.1072
22.999999999999993	0.0	4605.4525
21.999999999999996	0.0	4154.1524
21.0	0.0	3694.5457
20.00000000000001	0.0	3238.9489
19.000000000000014	0.0	2799.1819
18.00000000000001	0.0	2386.1175
17.000000000000007	0.0	2009.2744
15.999999999999995	0.0	1676.4716
14.999999999999996	0.0	1393.557
14.0	0.0	1164.2244
12.999999999999996	0.0	989.9239
12.000000000000018	0.0	869.8706
10.999999999999993	0.0	801.1506
10.000000000000012	0.0	778.9182
8.999999999999984	0.0	796.6761
7.999999999999981	0.0	846.6262
7.000000000000025	0.0	920.0732
6.000000000000026	0.0	1007.8652
4.999999999999992	0.0	1100.8497
4.000000000000042	0.0	1190.3254
3.0000000000000444	0.0	1268.4692
1.9999999999999472	0.0	1328.7201
0.9999999999999002	0.0	1366.1007
0.0	0.0	1377.4646
0.9999999999999002	180.0	1361.6565
1.9999999999999472	180.0	1319.5779
3.0000000000000444	180.0	1254.1568
4.000000000000042	180.0	1170.2203
4.999999999999992	180.0	1074.2771
6.000000000000026	180.0	974.2193
6.9999999999999725	180.0	878.9555
7.999999999999981	180.0	797.9924
8.999999999999984	180.0	740.9824
10.000000000000012	180.0	717.2585
10.999999999999993	180.0	735.3757
11.999999999999988	180.0	802.6798
12.999999999999996	180.0	924.9232
14.0	180.0	1105.945
14.999999999999996	180.0	1347.4288
15.999999999999995	180.0	1648.7509
16.99999999999999	180.0	2006.925
17.999999999999986	180.0	2416.6471
18.999999999999996	180.0	2870.4388
19.999999999999993	180.0	3358.8841
21.0	180.0	3870.9496
21.999999999999996	180.0	4394.3751
23.00000000000001	180.0	4916.1181
24.000000000000004	180.0	5422.8342
24.99999999999999	180.0	5901.3723
26.000000000000007	180.0	6339.2648
26.999999999999996	180.0	6725.191
28.000000000000007	180.0	7049.3958
28.999999999999996	180.0	7304.0448
29.999999999999993	180.0	7483.5023
31.0	180.0	7584.5193
31.99999999999999	180.0	7606.3263
33.0	180.0	7550.6252
34.0	180.0	7421.4828
35.000000000000014	180.0	7225.1308
36.0	180.0	6969.6819
37.000000000000014	180.0	6664.7738
37.99999999999999	180.0	6321.1585
38.99999999999999	180.0	5950.2543
40.00000000000001	180.0	5563.6802
40.999999999999986	180.0	5172.7936
42.0	180.0	4788.2512
43.0	180.0	4419.6113
44.00000000000001	180.0	4074.9965
45.0	180.0	3760.8284
46.000000000000014	180.0	3481.6477
47.0	180.0	3240.0247
47.999999999999986	180.0	3036.5642
49.00000000000001	180.0	2870.0039
49.99999999999999	180.0	2737.3986
51.00000000000001	180.0	2634.3834
51.99999999999999	180.0	2555.5006
53.000000000000014	180.0	2494.5759
53.99999999999999	180.0	2445.1243
55.000000000000014	180.0	2400.7672
55.99999999999999	180.0	2355.6404
56.999999999999986	180.0	2304.7729
58.00000000000001	180.0	2244.4178
58.99999999999999	180.0	2172.3206
60.00000000000001	180.0	2087.9091
61.0	180.0	1992.397
62.000000000000014	180.0	1888.7941
63.0	180.0	1781.8216
64.00000000000001	180.0	1677.7349
65.0	180.0	1584.062
65.99999999999999	180.0	1509.2656
67.0	180.0	1462.3467
68.0	180.0	1452.4044
69.00000000000001	180.0	1488.1725
70.0	180.0	1577.5532
71.00000000000001	180.0	1727.17
72.0	180.0	1941.9596
73.00000000000001	180.0	2224.8219
74.0	180.0	2576.3466
74.99999999999999	180.0	2994.628
76.0	180.0	3475.1805
77.0	180.0	4010.9596
78.00000000000001	180.0	4592.4898
79.0	180.0	5208.0975
80.00000000000001	180.0	5844.2401
81.0	180.0	6485.921
82.00000000000001	180.0	7117.1734
83.0	180.0	7721.5961
83.99999999999999	180.0	8282.9188
85.0	180.0	8785.5756
86.0	180.0	9215.2634
87.00000000000001	180.0	9559.462
88.0	180.0	9807.8965
89.00000000000001	180.0	9952.9209
90.0	180.0	9989.809
91.00000000000001	180.0	9916.9391
92.0	180.0	9735.8657
92.99999999999999	180.0	9451.2745
94.0	180.0	9070.8227
95.0	180.0	8604.8693
96.00000000000001	180.0	8066.109
97.0	180.0	7469.1205
98.00000000000001	180.0	6829.851
99.0	180.0	6165.0543
100.00000000000001	180.0	5491.7071
101.0	180.0	4826.4259
102.00000000000001	180.0	4184.9065
103.0	180.0	3581.41
104.0	180.0	3028.3137
105.00000000000001	180.0	2535.7443
106.0	180.0	2111.3072
107.00000000000001	180.0	1759.9207
108.0	180.0	1483.7602
109.00000000000001	180.0	1282.3138
110.0	180.0	1152.5423
111.00000000000001	180.0	1089.138
112.0	180.0	1084.8672
113.0	180.0	1130.981
114.00000000000001	180.0	1217.6764
115.0	180.0	1334.5849
116.00000000000001	180.0	1471.2692
117.0	180.0	1617.7046
118.00000000000001	180.0	1764.7246
119.0	180.0	1904.4126
120.00000000000001	180.0	2030.4223
121.0	180.0	2138.2139
122.0	180.0	2225.1978
123.00000000000001	180.0	2290.7789
124.0	180.0	2336.3038
125.00000000000001	180.0	2364.9117
126.0	180.0	2381.3
127.00000000000001	180.0	2391.4135
128.0	180.0	2402.0758
129.00000000000003	180.0	2420.5774
130.0	180.0	2454.2424
131.0	180.0	2509.9936
132.0	180.0	2593.9354
133.0	180.0	2710.976
134.0	180.0	2864.505
135.0	180.0	3056.1424
136.0	180.0	3285.5703
137.0	180.0	3550.4567
138.00000000000003	180.0	3846.4736
139.0	180.0	4167.4105
140.0	180.0	4505.3784
140.99999999999997	180.0	4851.0954
142.00000000000003	180.0	5194.2414
143.0	180.0	5523.8677
144.0	180.0	5828.8411
145.0	180.0	6098.3063
146.00000000000003	180.0	6322.1424
147.00000000000003	180.0	6491.3969
148.0	180.0	6598.6748
149.0	180.0	6638.4685
149.99999999999997	180.0	6607.4103
151.00000000000003	180.0	6504.4396
152.0	180.0	6330.8741
153.0	180.0	6090.3837
154.0	180.0	5788.8669
155.00000000000003	180.0	5434.2337
156.00000000000003	180.0	5036.1072
157.0	180.0	4605.4525
158.0	180.0	4154.1524
158.99999999999997	180.0	3694.5457
160.00000000000003	180.0	3238.9489
161.0	180.0	2799.1819
162.0	180.0	2386.1175
163.0	180.0	2009.2744
164.00000000000003	180.0	1676.4716
165.00000000000003	180.0	1393.557
166.0	180.0	1164.2244
167.0	180.0	989.9239
167.99999999999997	180.0	869.8706
169.00000000000003	180.0	801.1506
169.99999999999997	180.0	778.9182
170.99999999999997	180.0	796.6761
172.0	180.0	846.6262
173.00000000000003	180.0	920.0732
174.00000000000003	180.0	1007.8652
175.0	180.0	1100.8497
175.99999999999997	180.0	1190.3254
176.99999999999994	180.0	1268.4692
178.00000000000006	180.0	1328.7201
179.0000000000001	180.0	1366.1007
180.0	180.0	1377.4646
179.0000000000001	0.0	1361.6565
178.00000000000006	0.0	1319.5779
176.99999999999994	0.0	1254.1568
176.00000000000006	0.0	1170.2203
175.0	0.0	1074.2771
174.00000000000003	0.0	974.2193
172.99999999999997	0.0	878.9555
172.0	0.0	797.9924
171.00000000000003	0.0	740.9824
170.00000000000003	0.0	717.2585
168.99999999999997	0.0	735.3757
167.99999999999997	0.0	802.6798
167.00000000000003	0.0	924.9232
166.00000000000003	0.0	1105.945
165.00000000000003	0.0	1347.4288
163.99999999999997	0.0	1648.7509
163.0	0.0	2006.925
162.00000000000003	0.0	2416.6471
161.00000000000003	0.0	2870.4388
160.0	0.0	3358.8841
159.0	0.0	3870.9496
158.00000000000003	0.0	4394.3751
157.00000000000003	0.0	4916.1181
156.00000000000003	0.0	5422.8342
154.99999999999997	0.0	5901.3723
154.0	0.0	6339.2648
153.00000000000003	0.0	6725.191
152.0	0.0	7049.3958
150.99999999999997	0.0	7304.0448
150.0	0.0	7483.5023
149.0	0.0	7584.5193
148.0	0.0	7606.3263
147.00000000000003	0.0	7550.6252
146.0	0.0	7421.4828
145.0	0.0	7225.1308
144.00000000000003	0.0	6969.6819
143.0	0.0	6664.7738
142.0	0.0	6321.1585
140.99999999999997	0.0	5950.2543
140.00000000000003	0.0	5563.6802
139.00000000000003	0.0	5172.7936
138.00000000000003	0.0	4788.2512
137.0	0.0	4419.6113
136.0	0.0	4074.9965
135.00000000000003	0.0	3760.8284
134.00000000000003	0.0	3481.6477
132.99999999999997	0.0	3240.0247
131.99999999999997	0.0	3036.5642
131.00000000000003	0.0	2870.0039
130.00000000000003	0.0	2737.3986
129.00000000000003	0.0	2634.3834
128.0	0.0	2555.5006
126.99999999999999	0.0	2494.5759
126.00000000000003	0.0	2445.1243
125.00000000000004	0.0	2400.7672
123.99999999999997	0.0	2355.6404
122.99999999999999	0.0	2304.7729
122.0	0.0	2244.4178
121.0	0.0	2172.3206
120.00000000000001	0.0	2087.9091
119.0	0.0	1992.397
118.00000000000001	0.0	1888.7941
117.00000000000003	0.0	1781.8216
116.00000000000004	0.0	1677.7349
115.0	0.0	1584.062
114.00000000000001	0.0	1509.2656
113.00000000000001	0.0	1462.3467
112.00000000000003	0.0	1452.4044
111.00000000000004	0.0	1488.1725
110.0	0.0	1577.5532
109.00000000000001	0.0	1727.17
108.00000000000003	0.0	1941.9596
107.00000000000004	0.0	2224.8219
106.0	0.0	2576.3466
105.0	0.0	2994.628
104.00000000000001	0.0	3475.1805
103.00000000000001	0.0	4010.9596
102.00000000000003	0.0	4592.4898
100.99999999999999	0.0	5208.0975
100.0	0.0	5844.2401
99.00000000000001	0.0	6485.921
98.00000000000003	0.0	7117.1734
96.99999999999999	0.0	7721.5961
96.0	0.0	8282.9188
95.0	0.0	8785.5756
94.00000000000001	0.0	9215.2634
93.00000000000003	0.0	9559.462
91.99999999999999	0.0	9807.8965
91.0	0.0	9952.9209
90.0	90.0	2708.5749
89.0	90.0	2664.5105
88.0	90.0	2615.0511
87.00000000000001	90.0	2560.9238
86.0	90.0	2502.8553
85.0	90.0	2441.5564
84.0	90.0	2377.712
83.0	90.0	2311.9765
82.0	90.0	2244.9754
81.0	90.0	2177.3103
80.0	90.0	2109.57
79.0	90.0	2042.3431
78.00000000000001	90.0	1976.2334
77.0	90.0	1911.8752
76.0	90.0	1849.9489
75.0	90.0	1791.1927
74.0	90.0	1736.4128
73.0	90.0	1686.4868
72.0	90.0	1642.3636
71.0	90.0	1605.0555
70.0	90.0	1575.6247
69.00000000000001	90.0	1555.1626
68.0	90.0	1544.7632
67.0	90.0	1545.4907
66.0	90.0	1558.3431
65.0	90.0	1584.2116
64.0	90.0	1623.839
63.0	90.0	1677.778
62.0	90.0	1746.3507
61.0	90.0	1829.6126
60.00000000000001	90.0	1927.3212
59.00000000000001	90.0	2038.9123
58.00000000000001	90.0	2163.4844
57.00000000000001	90.0	2299.7931
55.99999999999999	90.0	2446.2559
55.00000000000001	90.0	2600.9683
54.0	90.0	2761.7305
53.00000000000001	90.0	2926.0854
52.0	90.0	3091.3663
51.00000000000001	90.0	3254.7532
50.00000000000001	90.0	3413.3369
49.00000000000001	90.0	3564.1873
48.0	90.0	3704.4265
47.0	90.0	3831.3015
46.00000000000001	90.0	3942.2559
45.0	90.0	4034.9984
44.0	90.0	4107.5644
43.0	90.0	4158.3695
42.0	90.0	4186.2535
41.0	90.0	4190.5126
40.00000000000001	90.0	4170.9185
39.0	90.0	4127.7248
37.99999999999999	90.0	4061.6592
37.0	90.0	3973.9026
36.0	90.0	3866.0554
35.0	90.0	3740.0923
34.0	90.0	3598.3069
33.0	90.0	3443.2481
31.99999999999999	90.0	3277.6502
31.0	90.0	3104.3599
30.000000000000004	90.0	2926.2609
29.00000000000001	90.0	2746.2003
28.000000000000007	90.0	2566.9177
27.00000000000001	90.0	2390.9806
25.999999999999996	90.0	2220.7267
25.000000000000004	90.0	2058.2151
24.000000000000004	90.0	1905.1886
22.999999999999993	90.0	1763.0469
21.999999999999996	90.0	1632.8311
21.0	90.0	1515.2207
20.00000000000001	90.0	1410.5411
19.000000000000014	90.0	1318.783
18.00000000000001	90.0	1239.6294
17.000000000000007	90.0	1172.4923
15.999999999999995	90.0	1116.5552
14.999999999999996	90.0	1070.8195
14.0	90.0	1034.1548
12.999999999999996	90.0	1005.3492
12.000000000000018	90.0	983.1584
10.999999999999993	90.0	966.3529
10.000000000000012	90.0	953.76
8.999999999999984	90.0	944.3009
7.999999999999981	90.0	937.0213
7.000000000000025	90.0	931.1144
6.000000000000026	90.0	925.9373
4.999999999999992	90.0	921.0192
4.000000000000042	90.0	916.0628
3.0000000000000444	90.0	910.9396
1.9999999999999472	90.0	905.6784
0.9999999999999002	90.0	900.4501
0.0	90.0	895.5483
0.9999999999999002	270.0	891.3677
1.9999999999999472	270.0	888.381
3.0000000000000444	270.0	887.1161
4.000000000000042	270.0	888.1338
4.999999999999992	270.0	892.0077
6.000000000000026	270.0	899.3063
6.9999999999999725	270.0	910.5785
7.999999999999981	270.0	926.3423
8.999999999999984	270.0	947.0765
10.000000000000012	270.0	973.2161
10.999999999999993	270.0	1005.1501
11.999999999999988	270.0	1043.222
12.999999999999996	270.0	1087.731
14.0	270.0	1138.9354
14.999999999999996	270.0	1197.0548
15.999999999999995	270.0	1262.2723
16.99999999999999	270.0	1334.7354
17.999999999999986	270.0	1414.5544
18.999999999999996	270.0	1501.7987
19.999999999999993	270.0	1596.4911
21.0	270.0	1698.5985
21.999999999999996	270.0	1808.021
23.00000000000001	270.0	1924.5784
24.000000000000004	270.0	2047.9955
24.99999999999999	270.0	2177.8869
26.000000000000007	270.0	2313.7422
26.999999999999996	270.0	2454.9118
28.000000000000007	270.0	2600.5957
28.999999999999996	270.0	2749.8357
29.999999999999993	270.0	2901.5112
31.0	270.0	3054.3417
31.99999999999999	270.0	3206.8932
33.0	270.0	3357.593
34.0	270.0	3504.7493
35.000000000000014	270.0	3646.5788
36.0	270.0	3781.2392
37.000000000000014	270.0	3906.8682
37.99999999999999	270.0	4021.6258
38.99999999999999	270.0	4123.7413
40.00000000000001	270.0	4211.5609
40.999999999999986	270.0	4283.5965
42.0	270.0	4338.5727
43.0	270.0	4375.4707
44.00000000000001	270.0	4393.5673
45.0	270.0	4392.4676
46.000000000000014	270.0	4372.1299
47.0	270.0	4332.881
47.999999999999986	270.0	4275.4217
49.00000000000001	270.0	4200.8224
49.99999999999999	270.0	4110.5064
51.00000000000001	270.0	4006.2237
51.99999999999999	270.0	3890.0143
53.000000000000014	270.0	3764.1619
53.99999999999999	270.0	3631.1402
55.000000000000014	270.0	3493.5527
55.99999999999999	270.0	3354.0675
56.999999999999986	270.0	3215.3503
58.00000000000001	270.0	3079.9964
58.99999999999999	270.0	2950.4649
60.00000000000001	270.0	2829.0168
61.0	270.0	2717.6588
62.000000000000014	270.0	2618.0948
63.0	270.0	2531.6871
64.00000000000001	270.0	2459.4277
65.0	270.0	2401.9207
65.99999999999999	270.0	2359.3772
67.0	270.0	2331.621
68.0	270.0	2318.1063
69.00000000000001	270.0	2317.9457
70.0	270.0	2329.9477
71.00000000000001	270.0	2352.6616
72.0	270.0	2384.4296
73.00000000000001	270.0	2423.442
74.0	270.0	2467.7957
74.99999999999999	270.0	2515.5519
76.0	270.0	2564.7929
77.0	270.0	2613.6744
78.00000000000001	270.0	2660.4732
79.0	270.0	2703.6277
80.00000000000001	270.0	2741.7708
81.0	270.0	2773.7541
82.00000000000001	270.0	2798.6629
83.0	270.0	2815.8232
83.99999999999999	270.0	2824.7992
85.0	270.0	2825.383
86.0	270.0	2817.5782
87.00000000000001	270.0	2801.5772
88.0	270.0	2777.7343
89.00000000000001	270.0	2746.537
90.0	270.0	2708.5749
91.00000000000001	270.0	2664.5105
92.0	270.0	2615.0511
92.99999999999999	270.0	2560.9238
94.0	270.0	2502.8553
95.0	270.0	2441.5564
96.00000000000001	270.0	2377.712
97.0	270.0	2311.9765
98.00000000000001	270.0	2244.9754
99.0	270.0	2177.3103
100.00000000000001	270.0	2109.57
101.0	270.0	2042.3431
102.00000000000001	270.0	1976.2334
103.0	270.0	1911.8752
104.0	270.0	1849.9489
105.00000000000001	270.0	1791.1927
106.0	270.0	1736.4128
107.00000000000001	270.0	1686.4868
108.0	270.0	1642.3636
109.00000000000001	270.0	1605.0555
110.0	270.0	1575.6247
111.00000000000001	270.0	1555.1626
112.0	270.0	1544.7632
113.0	270.0	1545.4907
114.00000000000001	270.0	1558.3431
115.0	270.0	1584.2116
116.00000000000001	270.0	1623.839
117.0	270.0	1677.778
118.00000000000001	270.0	1746.3507
119.0	270.0	1829.6126
120.00000000000001	270.0	1927.3212
121.0	270.0	2038.9123
122.0	270.0	2163.4844
123.00000000000001	270.0	2299.7931
124.0	270.0	2446.2559
125.00000000000001	270.0	2600.9683
126.0	270.0	2761.7305
127.00000000000001	270.0	2926.0854
128.0	270.0	3091.3663
129.00000000000003	270.0	3254.7532
130.0	270.0	3413.3369
131.0	270.0	3564.1873
132.0	270.0	3704.4265
133.0	270.0	3831.3015
134.0	270.0	3942.2559
135.0	270.0	4034.9984
136.0	270.0	4107.5644
137.0	270.0	4158.3695
138.00000000000003	270.0	4186.2535
139.0	270.0	4190.5126
140.0	270.0	4170.9185
140.99999999999997	270.0	4127.7248
142.00000000000003	270.0	4061.6592
143.0	270.0	3973.9026
144.0	270.0	3866.0554
145.0	270.0	3740.0923
146.00000000000003	270.0	3598.3069
147.00000000000003	270.0	3443.2481
148.0	270.0	3277.6502
149.0	270.0	3104.3599
149.99999999999997	270.0	2926.2609
151.00000000000003	270.0	2746.2003
152.0	270.0	2566.9177
153.0	270.0	2390.9806
154.0	270.0	2220.7267
155.00000000000003	270.0	2058.2151
156.00000000000003	270.0	1905.1886
157.0	270.0	1763.0469
158.0	270.0	1632.8311
158.99999999999997	270.0	1515.2207
160.00000000000003	270.0	1410.5411
161.0	270.0	1318.783
162.0	270.0	1239.6294
163.0	270.0	1172.4923
164.00000000000003	270.0	1116.5552
165.00000000000003	270.0	1070.8195
166.0	270.0	1034.1548
167.0	270.0	1005.3492
167.99999999999997	270.0	983.1584
169.00000000000003	270.0	966.3529
169.99999999999997	270.0	953.76
170.99999999999997	270.0	944.3009
172.0	270.0	937.0213
173.00000000000003	270.0	931.1144
174.00000000000003	270.0	925.9373
175.0	270.0	921.0192
175.99999999999997	270.0	916.0628
176.99999999999994	270.0	910.9396
178.00000000000006	270.0	905.6784
179.0000000000001	270.0	900.4501
180.0	270.0	895.5483
179.0000000000001	90.0	891.3677
178.00000000000006	90.0	888.381
176.99999999999994	90.0	887.1161
176.00000000000006	90.0	888.1338
175.0	90.0	892.0077
174.00000000000003	90.0	899.3063
172.99999999999997	90.0	910.5785
172.0	90.0	926.3423
171.00000000000003	90.0	947.0765
170.00000000000003	90.0	973.2161
168.99999999999997	90.0	1005.1501
167.99999999999997	90.0	1043.222
167.00000000000003	90.0	1087.731
166.00000000000003	90.0	1138.9354
165.00000000000003	90.0	1197.0548
163.99999999999997	90.0	1262.2723
163.0	90.0	1334.7354
162.00000000000003	90.0	1414.5544
161.00000000000003	90.0	1501.7987
160.0	90.0	1596.4911
159.0	90.0	1698.5985
158.00000000000003	90.0	1808.021
157.00000000000003	90.0	1924.5784
156.00000000000003	90.0	2047.9955
154.99999999999997	90.0	2177.8869
154.0	90.0	2313.7422
153.00000000000003	90.0	2454.9118
152.0	90.0	2600.5957
150.99999999999997	90.0	2749.8357
150.0	90.0	2901.5112
149.0	90.0	3054.3417
148.0	90.0	3206.8932
147.00000000000003	90.0	3357.593
146.0	90.0	3504.7493
145.0	90.0	3646.5788
144.00000000000003	90.0	3781.2392
143.0	90.0	3906.8682
142.0	90.0	4021.6258
140.99999999999997	90.0	4123.7413
140.00000000000003	90.0	4211.5609
139.00000000000003	90.0	4283.5965
138.00000000000003	90.0	4338.5727
137.0	90.0	4375.4707
136.0	90.0	4393.5673
135.00000000000003	90.0	4392.4676
134.00000000000003	90.0	4372.1299
132.99999999999997	90.0	4332.881
131.99999999999997	90.0	4275.4217
131.00000000000003	90.0	4200.8224
130.00000000000003	90.0	4110.5064
129.00000000000003	90.0	4006.2237
128.0	90.0	3890.0143
126.99999999999999	90.0	3764.1619
126.00000000000003	90.0	3631.1402
125.00000000000004	90.0	3493.5527
123.99999999999997	90.0	3354.0675
122.99999999999999	90.0	3215.3503
122.0	90.0	3079.9964
121.0	90.0	2950.4649
120.00000000000001	90.0	2829.0168
119.0	90.0	2717.6588
118.00000000000001	90.0	2618.0948
117.00000000000003	90.0	2531.6871
116.00000000000004	90.0	2459.4277
115.0	90.0	2401.9207
114.00000000000001	90.0	2359.3772
113.00000000000001	90.0	2331.621
112.00000000000003	90.0	2318.1063
111.00000000000004	90.0	2317.9457
110.0	90.0	2329.9477
109.00000000000001	90.0	2352.6616
108.00000000000003	90.0	2384.4296
107.00000000000004	90.0	2423.442
106.0	90.0	2467.7957
105.0	90.0	2515.5519
104.00000000000001	90.0	2564.7929
103.00000000000001	90.0	2613.6744
102.00000000000003	90.0	2660.4732
100.99999999999999	90.0	2703.6277
100.0	90.0	2741.7708
99.00000000000001	90.0	2773.7541
98.00000000000003	90.0	2798.6629
96.99999999999999	90.0	2815.8232
96.0	90.0	2824.7992
95.0	90.0	2825.383
94.00000000000001	90.0	2817.5782
93.00000000000003	90.0	2801.5772
91.99999999999999	90.0	2777.7343
91.0	90.0	2746.537
90.0	45.0	4778.4101
89.0	45.0	4737.2066
88.0	45.0	4668.7781
87.00000000000001	45.0	4574.803
86.0	45.0	4457.579
85.0	45.0	4319.9578
84.0	45.0	4165.2625
83.0	45.0	3997.1897
82.0	45.0	3819.7006
81.0	45.0	3636.9058
80.0	45.0	3452.9461
79.0	45.0	3271.8751
78.00000000000001	45.0	3097.5477
77.0	45.0	2933.5178
76.0	45.0	2782.9493
75.0	45.0	2648.5432
74.0	45.0	2532.4826
73.0	45.0	2436.3982
72.0	45.0	2361.3539
71.0	45.0	2307.8527
70.0	45.0	2275.8617
69.00000000000001	45.0	2264.8556
68.0	45.0	2273.8736
67.0	45.0	2301.5898
66.0	45.0	2346.3911
65.0	45.0	2406.46
64.0	45.0	2479.8585
63.0	45.0	2564.609
62.0	45.0	2658.7683
61.0	45.0	2760.4926
60.00000000000001	45.0	2868.0899
59.00000000000001	45.0	2980.0579
58.00000000000001	45.0	3095.1075
57.00000000000001	45.0	3212.1691
55.99999999999999	45.0	3330.3845
55.00000000000001	45.0	3449.0842
54.0	45.0	3567.7513
53.00000000000001	45.0	3685.9772
52.0	45.0	3803.4078
51.00000000000001	45.0	3919.6882
50.00000000000001	45.0	4034.4059
49.00000000000001	45.0	4147.0371
48.0	45.0	4256.901
47.0	45.0	4363.1222
46.00000000000001	45.0	4464.6065
45.0	45.0	4560.0311
44.0	45.0	4647.8498
43.0	45.0	4726.3151
42.0	45.0	4793.5158
41.0	45.0	4847.4295
40.00000000000001	45.0	4885.9884
39.0	45.0	4907.1549
37.99999999999999	45.0	4909.0049
37.0	45.0	4889.8141
36.0	45.0	4848.1448
35.0	45.0	4782.9271
34.0	45.0	4693.5329
33.0	45.0	4579.8367
31.99999999999999	45.0	4442.2612
31.0	45.0	4281.8048
30.000000000000004	45.0	4100.0485
29.00000000000001	45.0	3899.1411
28.000000000000007	45.0	3681.7629
27.00000000000001	45.0	3451.0677
25.999999999999996	45.0	3210.6049
25.000000000000004	45.0	2964.225
24.000000000000004	45.0	2715.9699
22.999999999999993	45.0	2469.9538
21.999999999999996	45.0	2230.2376
21.0	45.0	2000.7025
20.00000000000001	45.0	1784.9278
19.000000000000014	45.0	1586.0764
18.00000000000001	45.0	1406.7946
17.000000000000007	45.0	1249.1284
15.999999999999995	45.0	1114.4621
14.999999999999996	45.0	1003.479
14.0	45.0	916.1493
12.999999999999996	45.0	851.7431
12.000000000000018	45.0	808.8703
10.999999999999993	45.0	785.5457
10.000000000000012	45.0	779.2757
8.999999999999984	45.0	787.1658
7.999999999999981	45.0	806.0428
7.000000000000025	45.0	832.5875
6.000000000000026	45.0	863.474
4.999999999999992	45.0	895.5083
4.000000000000042	45.0	925.7622
3.0000000000000444	45.0	951.6961
1.9999999999999472	45.0	971.2673
0.9999999999999002	45.0	983.0168
0.0	45.0	986.1347
0.9999999999999002	225.0	980.4978
1.9999999999999472	225.0	966.6805
3.0000000000000444	225.0	945.9367
4.000000000000042	225.0	920.1547
4.999999999999992	225.0	891.7849
6.000000000000026	225.0	863.7451
6.9999999999999725	225.0	839.3052
7.999999999999981	225.0	821.9569
8.999999999999984	225.0	815.2728
10.000000000000012	225.0	822.7598
10.999999999999993	225.0	847.7146
11.999999999999988	225.0	893.0834
12.999999999999996	225.0	961.3349
14.0	225.0	1054.3482
14.999999999999996	225.0	1173.3224
15.999999999999995	225.0	1318.7096
16.99999999999999	225.0	1490.1748
17.999999999999986	225.0	1686.5833
18.999999999999996	225.0	1906.0172
19.999999999999993	225.0	2145.819
21.0	225.0	2402.6609
21.999999999999996	225.0	2672.6382
23.00000000000001	225.0	2951.3812
24.000000000000004	225.0	3234.1829
24.99999999999999	225.0	3516.1371
26.000000000000007	225.0	3792.2821
26.999999999999996	225.0	4057.7441
28.000000000000007	225.0	4307.8758
28.999999999999996	225.0	4538.3849
29.999999999999993	225.0	4745.4487
31.0	225.0	4925.8108
31.99999999999999	225.0	5076.856
33.0	225.0	5196.6635
34.0	225.0	5284.0351
35.000000000000014	225.0	5338.4997
36.0	225.0	5360.2943
37.000000000000014	225.0	5350.3233
37.99999999999999	225.0	5310.0986
38.99999999999999	225.0	5241.6638
40.00000000000001	225.0	5147.5062
40.999999999999986	225.0	5030.4599
42.0	225.0	4893.6059
43.0	225.0	4740.1713
44.00000000000001	225.0	4573.4328
45.0	225.0	4396.6282
46.000000000000014	225.0	4212.8781
47.0	225.0	4025.1214
47.999999999999986	225.0	3836.0652
49.00000000000001	225.0	3648.1505
49.99999999999999	225.0	3463.5345
51.00000000000001	225.0	3284.0876
51.99999999999999	225.0	3111.4052
53.000000000000014	225.0	2946.8302
53.99999999999999	225.0	2791.4867
55.000000000000014	225.0	2646.3192
55.99999999999999	225.0	2512.1355
56.999999999999986	225.0	2389.6501
58.00000000000001	225.0	2279.525
58.99999999999999	225.0	2182.4039
60.00000000000001	225.0	2098.9396
61.0	225.0	2029.8106
62.000000000000014	225.0	1975.7261
63.0	225.0	1937.4197
64.00000000000001	225.0	1915.6303
65.0	225.0	1911.0726
65.99999999999999	225.0	1924.3973
67.0	225.0	1956.1434
68.0	225.0	2006.6858
69.00000000000001	225.0	2076.1805
70.0	225.0	2164.5106
71.00000000000001	225.0	2271.2362
72.0	225.0	2395.5524
73.00000000000001	225.0	2536.2567
74.0	225.0	2691.73
74.99999999999999	225.0	2859.9319
76.0	225.0	3038.413
77.0	225.0	3224.3435
78.00000000000001	225.0	3414.5591
79.0	225.0	3605.6233
80.00000000000001	225.0	3793.9038
81.0	225.0	3975.6619
82.00000000000001	225.0	4147.1501
83.0	225.0	4304.7172
83.99999999999999	225.0	4444.9142
85.0	225.0	4564.5992
86.0	225.0	4661.0367
87.00000000000001	225.0	4731.9861
88.0	225.0	4775.7785
89.00000000000001	225.0	4791.3755
90.0	225.0	4778.4101
91.00000000000001	225.0	4737.2066
92.0	225.0	4668.7781
92.99999999999999	225.0	4574.803
94.0	225.0	4457.579
95.0	225.0	4319.9578
96.00000000000001	225.0	4165.2625
97.0	225.0	3997.1897
98.00000000000001	225.0	3819.7006
99.0	225.0	3636.9058
100.00000000000001	225.0	3452.9461
101.0	225.0	3271.8751
102.00000000000001	225.0	3097.5477
103.0	225.0	2933.5178
104.0	225.0	2782.9493
105.00000000000001	225.0	2648.5432
106.0	225.0	2532.4826
107.00000000000001	225.0	2436.3982
108.0	225.0	2361.3539
109.00000000000001	225.0	2307.8527
110.0	225.0	2275.8617
111.00000000000001	225.0	2264.8556
112.0	225.0	2273.8736
113.0	225.0	2301.5898
114.00000000000001	225.0	2346.3911
115.0	225.0	2406.46
116.00000000000001	225.0	2479.8585
117.0	225.0	2564.609
118.00000000000001	225.0	2658.7683
119.0	225.0	2760.4926
120.00000000000001	225.0	2868.0899
121.0	225.0	2980.0579
122.0	225.0	3095.1075
123.00000000000001	225.0	3212.1691
124.0	225.0	3330.3845
125.00000000000001	225.0	3449.0842
126.0	225.0	3567.7513
127.00000000000001	225.0	3685.9772
128.0	225.0	3803.4078
129.00000000000003	225.0	3919.6882
130.0	225.0	4034.4059
131.0	225.0	4147.0371
132.0	225.0	4256.901
133.0	225.0	4363.1222
134.0	225.0	4464.6065
135.0	225.0	4560.0311
136.0	225.0	4647.8498
137.0	225.0	4726.3151
138.00000000000003	225.0	4793.5158
139.0	225.0	4847.4295
140.0	225.0	4885.9884
140.99999999999997	225.0	4907.1549
142.00000000000003	225.0	4909.0049
143.0	225.0	4889.8141
144.0	225.0	4848.1448
145.0	225.0	4782.9271
146.00000000000003	225.0	4693.5329
147.00000000000003	225.0	4579.8367
148.0	225.0	4442.2612
149.0	225.0	4281.8048
149.99999999999997	225.0	4100.0485
151.00000000000003	225.0	3899.1411
152.0	225.0	3681.7629
153.0	225.0	3451.0677
154.0	225.0	3210.6049
155.00000000000003	225.0	2964.225
156.00000000000003	225.0	2715.9699
157.0	225.0	2469.9538
158.0	225.0	2230.2376
158.99999999999997	225.0	2000.7025
160.00000000000003	225.0	1784.9278
161.0	225.0	1586.0764
162.0	225.0	1406.7946
163.0	225.0	1249.1284
164.00000000000003	225.0	1114.4621
165.00000000000003	225.0	1003.479
166.0	225.0	916.1493
167.0	225.0	851.7431
167.99999999999997	225.0	808.8703
169.00000000000003	225.0	785.5457
169.99999999999997	225.0	779.2757
170.99999999999997	225.0	787.1658
172.0	225.0	806.0428
173.00000000000003	225.0	832.5875
174.00000000000003	225.0	863.474
175.0	225.0	895.5083
175.99999999999997	225.0	925.7622
176.99999999999994	225.0	951.6961
178.00000000000006	225.0	971.2673
179.0000000000001	225.0	983.0168
180.0	225.0	986.1347
179.0000000000001	45.0	980.4978
178.00000000000006	45.0	966.6805
176.99999999999994	45.0	945.9367
176.00000000000006	45.0	920.1547
175.0	45.0	891.7849
174.00000000000003	45.0	863.7451
172.99999999999997	45.0	839.3052
172.0	45.0	821.9569
171.00000000000003	45.0	815.2728
170.00000000000003	45.0	822.7598
168.99999999999997	45.0	847.7146
167.99999999999997	45.0	893.0834
167.00000000000003	45.0	961.3349
166.00000000000003	45.0	1054.3482
165.00000000000003	45.0	1173.3224
163.99999999999997	45.0	1318.7096
163.0	45.0	1490.1748
162.00000000000003	45.0	1686.5833
161.00000000000003	45.0	1906.0172
160.0	45.0	2145.819
159.0	45.0	2402.6609
158.00000000000003	45.0	2672.6382
157.00000000000003	45.0	2951.3812
156.00000000000003	45.0	3234.1829
154.99999999999997	45.0	3516.1371
154.0	45.0	3792.2821
153.00000000000003	45.0	4057.7441
152.0	45.0	4307.8758
150.99999999999997	45.0	4538.3849
150.0	45.0	4745.4487
149.0	45.0	4925.8108
148.0	45.0	5076.856
147.00000000000003	45.0	5196.6635
146.0	45.0	5284.0351
145.0	45.0	5338.4997
144.00000000000003	45.0	5360.2943
143.0	45.0	5350.3233
142.0	45.0	5310.0986
140.99999999999997	45.0	5241.6638
140.00000000000003	45.0	5147.5062
139.00000000000003	45.0	5030.4599
138.00000000000003	45.0	4893.6059
137.0	45.0	4740.1713
136.0	45.0	4573.4328
135.00000000000003	45.0	4396.6282
134.00000000000003	45.0	4212.8781
132.99999999999997	45.0	4025.1214
131.99999999999997	45.0	3836.0652
131.00000000000003	45.0	3648.1505
130.00000000000003	45.0	3463.5345
129.00000000000003	45.0	3284.0876
128.0	45.0	3111.4052
126.99999999999999	45.0	2946.8302
126.00000000000003	45.0	2791.4867
125.00000000000004	45.0	2646.3192
123.99999999999997	45.0	2512.1355
122.99999999999999	45.0	2389.6501
122.0	45.0	2279.525
121.0	45.0	2182.4039
120.00000000000001	45.0	2098.9396
119.0	45.0	2029.8106
118.00000000000001	45.0	1975.7261
117.00000000000003	45.0	1937.4197
116.00000000000004	45.0	1915.6303
115.0	45.0	1911.0726
114.00000000000001	45.0	1924.3973
113.00000000000001	45.0	1956.1434
112.00000000000003	45.0	2006.6858
111.00000000000004	45.0	2076.1805
110.0	45.0	2164.5106
109.00000000000001	45.0	2271.2362
108.00000000000003	45.0	2395.5524
107.00000000000004	45.0	2536.2567
106.0	45.0	2691.73
105.0	45.0	2859.9319
104.00000000000001	45.0	3038.413
103.00000000000001	45.0	3224.3435
102.00000000000003	45.0	3414.5591
100.99999999999999	45.0	3605.6233
100.0	45.0	3793.9038
99.00000000000001	45.0	3975.6619
98.00000000000003	45.0	4147.1501
96.99999999999999	45.0	4304.7172
96.0	45.0	4444.9142
95.0	45.0	4564.5992
94.00000000000001	45.0	4661.0367
93.00000000000003	45.0	4731.9861
91.99999999999999	45.0	4775.7785
91.0	45.0	4791.3755
90.0	0.0	4221.3009
89.29291116952395	0.7071426817872533	4193.1051
88.58593006627854	1.4145007934175506	4148.1698
87.87916453235917	2.122289895867879	4087.0733
87.1727226397129	2.8307258121018455	4011.2971
86.4667128053692	3.540024757356371	3923.1743
85.76124390703504	4.250403468570711	3825.7947
85.05642539917308	4.962079332655645	3722.8699
84.3523674296794	5.675270513286652	3618.5657
83.64918095727445	6.390196075887154	3517.3078
82.94697786971682	7.107076110446535	3423.5719
82.24587110294536	7.826131851792348	3341.6665
81.54597476125012	8.547585796906942	3275.5187
80.84740423856572	9.271661818845425	3228.4746
80.15027634097487	9.998585276774412	3203.1222
79.45470941050044	10.728583121609057	3201.1463
78.76082345025607	11.461883996679509	3223.2225
78.0687402510143	12.198718332806749	3268.9565
77.37858351923944	12.939318437111838	3336.8697
76.69047900661849	13.683918574821595	3424.4362
76.00455464110858	14.432755043267381	3528.1664
75.32094065950206	15.186066237202516	3643.7364
74.63976974149092	15.944092704486447	3766.1572
73.96117714519126	16.707077191101824	3889.9758
73.28530084406378	17.47526467438212	4009.5005
72.61228166514054	18.2489023832344	4119.0397
71.94226342843773	19.028239804042187	4213.1442
71.27539308740191	19.813528670829413	4286.8407
70.61182087020094	20.605022938156644	4335.8482
69.95170042163069	21.402978735106455	4356.7649
69.29518894536457	22.207654298596484	4347.2187
68.64244734622547	23.019309884136224	4305.973
67.99364037210603	23.838207652018653	4232.9841
67.34893675510656	24.664611526811417	4129.4055
66.70850935139694	25.498787027884514	3997.5397
66.07253527924108	26.34100106858589	3840.74
65.44119605454999	27.191521721553002	3663.2637
64.81467772324949	28.05061794753063	3470.0871
64.19317098966519	28.918559284955432	3266.6864
63.57687134003648	29.79561549746857	3058.7978
62.965979160175145	30.68205617643342	2852.1653
62.36069984618289	31.5781502954692	2652.289
61.761243907035045	32.484165713968785	2464.1853
61.16782705772538	33.400368626554155	2292.1702
60.58067030155157	34.32702295544232	2139.6758
59.99999999999999	35.264389682754654	2009.1094
59.42604792856702	36.212726119908915	1901.762
58.8590513167294	37.17228511139536	1817.7704
58.29925287015328	38.143314170462425	1756.1373
57.74690077310915	39.12605454453247	1714.8064
57.20224866894282	40.12074020854298	1690.7925
56.66555561634145	41.12759678487194	1680.3594
56.13708601903233	42.14684038906587	1679.2391
55.61710952646371	43.178676401255004	1682.8821
55.10590090294487	44.223298163918535	1686.7274
54.60373986267208	45.28088560756104	1686.4811
54.11091086804023	46.3516038068849	1678.3881
53.62770288864506	47.435601471194154	1659.487
53.154409118419395	48.53300937404573	1627.8327
52.691326648427214	49.643938728569864	1582.6778
52.23875609296496	50.76847951640774	1524.6012
51.79700116679687	51.90669877984987	1455.5773
51.36636821158484	53.05863888848747	1378.9806
50.94716566986906	54.22431579349069	1299.5223
50.539703505316	55.40371728447302	1223.1207
50.14429256838126	56.59680126575802	1156.7075
49.76124390703504	57.80349407069134	1107.978
49.390868022772075	59.02368883439022	1085.0918
49.03347407277117	60.25724394694163	1096.3371
48.68936901978189	61.503981610489745	1149.771
48.35885673209022	62.76368652482927	1252.85
48.04223703674405	64.03610472697835	1412.0665
47.73980473009234	65.32094261067617	1632.6062
47.45184855059514	66.61786615176922	1918.0411
47.178650119779434	67.92650036495783	2270.0724
46.920482858129056	69.2464290163152	2688.3349
46.677610883583455	70.57719461432482	3170.2732
46.450287901158305	71.91829869987819	3711.0954
46.23875609296496	73.2692024527246	4303.8104
46.043245018569806	74.62932762827676	4939.348
45.86397053617525	75.99805783448308	5606.7601
45.701133755495384	77.37474015373697	6293.4973
45.554920033420714	78.7586871095844	6985.7516
45.42549802359849	80.14917897242118	7668.8546
45.31301879088406	81.5454663925662	8327.7162
45.21761500123496	82.94677334320139	8947.2895
45.1394001970194	84.35230034984485	9513.0437
45.07846816689916	85.76122797743554	10011.4286
45.03489241843145	87.17272054092642	10430.3137
45.00872576033472	88.58593000067151	10759.3845
45.0	90.0	10990.4822
45.00872576033472	91.41406999932849	11117.8732
45.03489241843145	92.82727945907358	11138.4392
45.07846816689916	94.23877202256445	11051.7797
45.1394001970194	95.64769965015516	10860.2234
45.21761500123496	97.05322665679864	10568.7487
45.31301879088406	98.45453360743382	10184.8147
45.42549802359848	99.85082102757882	9718.1113
45.554920033420714	101.2413128904156	9180.2357
45.701133755495384	102.62525984626303	8584.3086
45.86397053617525	104.00194216551692	7944.5445
46.043245018569806	105.37067237172324	7275.7918
46.238756092964955	106.73079754727539	6593.0601
46.450287901158305	108.08170130012182	5911.051
46.677610883583455	109.42280538567519	5243.7114
46.920482858129056	110.7535709836848	4603.8238
47.178650119779434	112.07349963504215	4002.6481
47.45184855059512	113.38213384823077	3449.6277
47.73980473009234	114.67905738932384	2952.1696
48.04223703674405	115.96389527302166	2515.5039
48.3588567320902	117.23631347517073	2142.6271
48.68936901978189	118.49601838951025	1834.3289
49.03347407277117	119.74275605305839	1589.2993
49.39086802277208	120.9763111656098	1404.3093
49.76124390703504	122.19650592930867	1274.4565
50.14429256838125	123.40319873424197	1193.4642
50.539703505316005	124.59628271552698	1154.0196
50.94716566986905	125.77568420650928	1148.1378
51.36636821158484	126.94136111151253	1167.5355
51.79700116679685	128.09330122015012	1203.9984
52.23875609296496	129.23152048359225	1249.7292
52.691326648427214	130.35606127143015	1297.6604
53.154409118419395	131.46699062595425	1341.722
53.62770288864506	132.56439852880584	1377.0534
54.11091086804023	133.64839619311508	1400.152
54.60373986267208	134.71911439243897	1408.9559
55.10590090294487	135.7767018360815	1402.8568
55.617109526463715	136.821323598745	1382.6478
56.13708601903233	137.8531596109341	1350.4069
56.66555561634144	138.87240321512806	1309.327
57.20224866894282	139.879259791457	1263.498
57.74690077310915	140.87394545546752	1217.6551
58.29925287015328	141.85668582953758	1176.9029
58.8590513167294	142.82771488860465	1146.4306
59.42604792856702	143.7872738800911	1131.2293
59.99999999999999	144.73561031724535	1135.8262
60.58067030155157	145.6729770445577	1164.0459
61.16782705772538	146.59963137344585	1218.8093
61.76124390703503	147.5158342860312	1301.9792
62.36069984618289	148.4218497045308	1414.2583
62.96597916017513	149.31794382356657	1555.1429
63.57687134003648	150.20438450253144	1722.9337
64.19317098966519	151.08144071504458	1914.8027
64.81467772324949	151.9493820524694	2126.9112
65.44119605454999	152.808478278447	2354.5733
66.0725352792411	153.65899893141415	2592.4567
66.70850935139694	154.5012129721155	2834.811
67.34893675510656	155.3353884731886	3075.7123
67.99364037210603	156.16179234798136	3309.3126
68.64244734622547	156.98069011586378	3530.0843
69.29518894536457	157.79234570140352	3733.0454
69.95170042163069	158.59702126489356	3913.959
70.61182087020094	159.39497706184335	4069.4954
71.2753930874019	160.1864713291706	4197.3521
71.94226342843773	160.9717601959578	4296.3254
72.61228166514054	161.7510976167656	4366.3319
73.28530084406377	162.52473532561788	4408.3793
73.96117714519126	163.29292280889817	4424.4885
74.63976974149092	164.05590729551355	4417.5715
75.32094065950206	164.8139337627975	4391.2717
76.00455464110858	165.56724495673262	4349.7737
76.6904790066185	166.31608142517842	4297.5929
77.37858351923944	167.06068156288816	4239.3546
78.0687402510143	167.80128166719328	4179.5722
78.76082345025605	168.5381160033205	4122.4371
79.45470941050044	169.27141687839094	4071.6271
80.15027634097487	170.0014147232256	4030.1456
80.84740423856572	170.72833818115458	4000.1948
81.54597476125012	171.45241420309307	3983.0928
82.24587110294536	172.17386814820765	3979.2342
82.94697786971682	172.8929238895535	3988.0981
83.64918095727445	173.60980392411287	4008.3023
84.3523674296794	174.32472948671335	4037.6989
85.05642539917308	175.03792066734437	4073.5091
85.76124390703502	175.7495965314293	4112.4876
86.4667128053692	176.45997524264365	4151.1107
87.17272263971289	177.16927418789817	4185.7769
87.87916453235917	177.87771010413212	4213.0112
88.58593006627854	178.58549920658245	4229.6629
89.29291116952395	179.29285731821275	4233.0873
90.0	180.0	4221.3009
90.70708883047607	180.70714268178725	4193.1051
91.41406993372146	181.41450079341755	4148.1698
92.12083546764083	182.12228989586788	4087.0733
92.82727736028711	182.83072581210183	4011.2971
93.5332871946308	183.54002475735635	3923.1743
94.23875609296496	184.2504034685707	3825.7947
94.94357460082692	184.96207933265563	3722.8699
95.64763257032061	185.67527051328665	3618.5657
96.35081904272555	186.39019607588713	3517.3078
97.05302213028318	187.1070761104465	3423.5719
97.75412889705464	187.82613185179233	3341.6665
98.45402523874989	188.54758579690696	3275.5187
99.15259576143428	189.27166181884542	3228.4746
99.84972365902512	189.9985852767744	3203.1222
100.54529058949956	190.72858312160906	3201.1463
101.23917654974393	191.4618839966795	3223.2225
101.93125974898571	192.19871833280675	3268.9565
102.62141648076054	192.93931843711184	3336.8697
103.30952099338153	193.68391857482158	3424.4362
103.99544535889142	194.43275504326738	3528.1664
104.67905934049796	195.18606623720254	3643.7364
105.36023025850908	195.94409270448645	3766.1572
106.03882285480874	196.7070771911018	3889.9758
106.71469915593623	197.4752646743821	4009.5005
107.38771833485946	198.2489023832344	4119.0397
108.05773657156229	199.0282398040422	4213.1442
108.7246069125981	199.8135286708294	4286.8407
109.38817912979906	200.60502293815665	4335.8482
110.04829957836931	201.40297873510644	4356.7649
110.70481105463544	202.20765429859648	4347.2187
111.35755265377453	203.01930988413622	4305.973
112.00635962789397	203.83820765201864	4232.9841
112.65106324489344	204.6646115268114	4129.4055
113.29149064860306	205.49878702788448	3997.5397
113.92746472075892	206.34100106858588	3840.74
114.55880394545001	207.191521721553	3663.2637
115.18532227675053	208.05061794753064	3470.0871
115.8068290103348	208.91855928495542	3266.6864
116.42312865996352	209.79561549746856	3058.7978
117.03402083982486	210.68205617643343	2852.1653
117.63930015381712	211.5781502954692	2652.289
118.23875609296496	212.48416571396876	2464.1853
118.83217294227461	213.40036862655413	2292.1702
119.41932969844842	214.32702295544232	2139.6758
120.00000000000001	215.26438968275463	2009.1094
120.573952071433	216.2127261199089	1901.762
121.14094868327061	217.17228511139535	1817.7704
121.70074712984672	218.14331417046245	1756.1373
122.25309922689084	219.12605454453248	1714.8064
122.79775133105717	220.12074020854297	1690.7925
123.33444438365854	221.1275967848719	1680.3594
123.86291398096766	222.1468403890659	1679.2391
124.38289047353629	223.17867640125502	1682.8821
124.89409909705513	224.2232981639185	1686.7274
125.39626013732791	225.28088560756103	1686.4811
125.88908913195978	226.35160380688492	1678.3881
126.37229711135494	227.43560147119416	1659.487
126.84559088158062	228.53300937404572	1627.8327
127.30867335157278	229.64393872856982	1582.6778
127.76124390703504	230.7684795164077	1524.6012
128.20299883320317	231.90669877984988	1455.5773
128.6336317884152	233.05863888848748	1378.9806
129.05283433013093	234.2243157934907	1299.5223
129.460296494684	235.40371728447298	1223.1207
129.85570743161875	236.59680126575802	1156.7075
130.23875609296496	237.80349407069136	1107.978
130.60913197722795	239.0236888343902	1085.0918
130.96652592722884	240.25724394694157	1096.3371
131.31063098021812	241.50398161048972	1149.771
131.6411432679098	242.7636865248293	1252.85
131.95776296325596	244.03610472697835	1412.0665
132.26019526990768	245.32094261067616	1632.6062
132.54815144940486	246.6178661517692	1918.0411
132.8213498802206	247.92650036495786	2270.0724
133.07951714187095	249.2464290163152	2688.3349
133.32238911641656	250.5771946143248	3170.2732
133.5497120988417	251.91829869987816	3711.0954
133.76124390703504	253.26920245272458	4303.8104
133.9567549814302	254.62932762827677	4939.348
134.13602946382477	255.99805783448306	5606.7601
134.2988662445046	257.374740153737	6293.4973
134.44507996657927	258.75868710958434	6985.7516
134.57450197640154	260.14917897242117	7668.8546
134.68698120911597	261.5454663925662	8327.7162
134.78238499876502	262.94677334320136	8947.2895
134.8605998029806	264.3523003498448	9513.0437
134.92153183310086	265.7612279774355	10011.4286
134.96510758156856	267.17272054092643	10430.3137
134.99127423966527	268.5859300006715	10759.3845
135.0	270.0	10990.4822
134.99127423966527	271.4140699993285	11117.8732
134.96510758156856	272.82727945907357	11138.4392
134.92153183310086	274.2387720225645	11051.7797
134.8605998029806	275.6476996501551	10860.2234
134.78238499876502	277.0532266567986	10568.7487
134.68698120911597	278.45453360743375	10184.8147
134.57450197640154	279.85082102757883	9718.1113
134.44507996657927	281.2413128904156	9180.2357
134.2988662445046	282.625259846263	8584.3086
134.13602946382477	284.0019421655169	7944.5445
133.9567549814302	285.37067237172323	7275.7918
133.76124390703504	286.7307975472754	6593.0601
133.5497120988417	288.08170130012184	5911.051
133.32238911641656	289.42280538567513	5243.7114
133.07951714187095	290.75357098368477	4603.8238
132.82134988022057	292.0734996350422	4002.6481
132.54815144940488	293.38213384823075	3449.6277
132.26019526990768	294.6790573893238	2952.1696
131.95776296325596	295.9638952730216	2515.5039
131.6411432679098	297.23631347517073	2142.6271
131.31063098021812	298.49601838951025	1834.3289
130.96652592722884	299.7427560530584	1589.2993
130.60913197722795	300.9763111656098	1404.3093
130.23875609296496	302.1965059293086	1274.4565
129.85570743161873	303.403198734242	1193.4642
129.46029649468403	304.59628271552697	1154.0196
129.05283433013096	305.7756842065093	1148.1378
128.6336317884152	306.9413611115125	1167.5355
128.20299883320317	308.0933012201501	1203.9984
127.76124390703505	309.23152048359225	1249.7292
127.3086733515728	310.3560612714301	1297.6604
126.84559088158062	311.4669906259543	1341.722
126.37229711135495	312.5643985288058	1377.0534
125.88908913195978	313.6483961931151	1400.152
125.39626013732794	314.71911439243894	1408.9559
124.89409909705515	315.77670183608143	1402.8568
124.38289047353632	316.821323598745	1382.6478
123.86291398096766	317.85315961093414	1350.4069
123.33444438365856	318.8724032151281	1309.327
122.7977513310572	319.879259791457	1263.498
122.25309922689087	320.8739454554675	1217.6551
121.70074712984675	321.8566858295375	1176.9029
121.14094868327061	322.82771488860465	1146.4306
120.57395207143298	323.7872738800911	1131.2293
120.00000000000001	324.73561031724535	1135.8262
119.41932969844845	325.6729770445577	1164.0459
118.83217294227461	326.59963137344585	1218.8093
118.23875609296496	327.51583428603124	1301.9792
117.63930015381712	328.4218497045308	1414.2583
117.03402083982486	329.31794382356657	1555.1429
116.42312865996352	330.2043845025314	1722.9337
115.8068290103348	331.08144071504455	1914.8027
115.18532227675053	331.9493820524694	2126.9112
114.55880394545002	332.808478278447	2354.5733
113.92746472075895	333.6589989314141	2592.4567
113.29149064860304	334.5012129721155	2834.811
112.65106324489344	335.3353884731886	3075.7123
112.00635962789399	336.16179234798136	3309.3126
111.35755265377455	336.98069011586375	3530.0843
110.70481105463546	337.79234570140346	3733.0454
110.04829957836931	338.59702126489356	3913.959
109.38817912979906	339.39497706184335	4069.4954
108.7246069125981	340.18647132917056	4197.3521
108.05773657156229	340.9717601959578	4296.3254
107.38771833485946	341.7510976167656	4366.3319
106.71469915593623	342.5247353256179	4408.3793
106.03882285480876	343.2929228088982	4424.4885
105.36023025850909	344.0559072955135	4417.5715
104.67905934049797	344.8139337627975	4391.2717
103.99544535889142	345.5672449567326	4349.7737
103.30952099338151	346.3160814251784	4297.5929
102.62141648076056	347.06068156288813	4239.3546
101.93125974898572	347.8012816671932	4179.5722
101.23917654974393	348.5381160033205	4122.4371
100.54529058949956	349.27141687839094	4071.6271
99.84972365902513	350.0014147232256	4030.1456
99.15259576143428	350.7283381811546	4000.1948
98.4540252387499	351.45241420309304	3983.0928
97.75412889705464	352.17386814820765	3979.2342
97.05302213028318	352.89292388955346	3988.0981
96.35081904272556	353.60980392411284	4008.3023
95.64763257032062	354.32472948671335	4037.6989
94.94357460082692	355.03792066734434	4073.5091
94.23875609296496	355.7495965314293	4112.4876
93.53328719463082	356.4599752426436	4151.1107
92.82727736028713	357.16927418789817	4185.7769
92.12083546764086	357.8777101041321	4213.0112
91.41406993372146	358.5854992065825	4229.6629
90.70708883047607	359.2928573182127	4233.0873
90.0	90.0	2762.3501
89.29291116952395	89.29285731821274	2776.5482
88.58593006627854	88.58549920658245	2799.6859
87.87916453235917	87.87771010413212	2831.2301
87.1727226397129	87.16927418789815	2870.4609
86.4667128053692	86.45997524264364	2916.495
85.76124390703504	85.74959653142929	2968.3126
85.05642539917308	85.03792066734437	3024.7881
84.3523674296794	84.32472948671335	3084.7228
83.64918095727445	83.60980392411285	3146.878
82.94697786971682	82.89292388955346	3210.0085
82.24587110294536	82.17386814820766	3272.8942
81.54597476125012	81.45241420309306	3334.369
80.84740423856572	80.72833818115458	3393.3474
80.15027634097487	80.0014147232256	3448.8457
79.45470941050044	79.27141687839094	3499.999
78.76082345025607	78.5381160033205	3546.0737
78.0687402510143	77.80128166719327	3586.4738
77.37858351923944	77.06068156288816	3620.7424
76.69047900661849	76.31608142517841	3648.5592
76.00455464110858	75.56724495673262	3669.7322
75.32094065950206	74.81393376279749	3684.1865
74.63976974149092	74.05590729551355	3691.9504
73.96117714519126	73.29292280889818	3693.1389
73.28530084406378	72.52473532561788	3687.9358
72.61228166514054	71.7510976167656	3676.5764
71.94226342843773	70.97176019595781	3659.3306
71.27539308740191	70.18647132917059	3636.4869
70.61182087020094	69.39497706184336	3608.3393
69.95170042163069	68.59702126489356	3575.1774
69.29518894536457	67.79234570140352	3537.2783
68.64244734622547	66.98069011586378	3494.9039
67.99364037210603	66.16179234798135	3448.3002
67.34893675510656	65.33538847318859	3397.7009
66.70850935139694	64.50121297211548	3343.3334
66.07253527924108	63.65899893141411	3285.4283
65.44119605454999	62.808478278447	3224.2297
64.81467772324949	61.94938205246937	3160.0077
64.19317098966519	61.081440715044565	3093.0708
63.57687134003648	60.20438450253143	3023.7776
62.965979160175145	59.31794382356658	2952.5479
62.36069984618289	58.4218497045308	2879.8709
61.761243907035045	57.515834286031215	2806.3112
61.16782705772538	56.59963137344585	2732.5111
60.58067030155157	55.67297704455769	2659.1887
59.99999999999999	54.735610317245346	2587.133
59.42604792856702	53.787273880091085	2517.1934
58.8590513167294	52.827714888604646	2450.2664
58.29925287015328	51.85668582953758	2387.2778
57.74690077310915	50.87394545546753	2329.162
57.20224866894282	49.87925979145702	2276.8386
56.66555561634145	48.87240321512806	2231.1875
56.13708601903233	47.85315961093413	2193.0231
55.61710952646371	46.821323598745	2163.0685
55.10590090294487	45.776701836081465	2141.9311
54.60373986267208	44.71911439243896	2130.0802
54.11091086804023	43.6483961931151	2127.8279
53.62770288864506	42.564398528805846	2135.3139
53.154409118419395	41.46699062595427	2152.4949
52.691326648427214	40.356061271430136	2179.1391
52.23875609296496	39.23152048359226	2214.8265
51.79700116679687	38.09330122015014	2258.9547
51.36636821158484	36.941361111512535	2310.7503
50.94716566986906	35.77568420650932	2369.2853
50.539703505316	34.59628271552699	2433.4994
50.14429256838126	33.40319873424199	2502.2249
49.76124390703504	32.19650592930866	2574.2159
49.390868022772075	30.976311165609783	2648.1796
49.03347407277117	29.742756053058372	2722.809
48.68936901978189	28.496018389510258	2796.8151
48.35885673209022	27.236313475170732	2868.959
48.04223703674405	25.963895273021652	2938.0817
47.73980473009234	24.679057389323834	3003.1303
47.45184855059514	23.382133848230776	3063.1815
47.178650119779434	22.07349963504216	3117.4594
46.920482858129056	20.753570983684796	3165.3493
46.677610883583455	19.422805385675183	3206.4047
46.450287901158305	18.08170130012181	3240.35
46.23875609296496	16.730797547275397	3267.0774
46.043245018569806	15.370672371723243	3286.6382
45.86397053617525	14.001942165516926	3299.2297
45.701133755495384	12.625259846263035	3305.1787
45.554920033420714	11.241312890415616	3304.9202
45.42549802359849	9.850821027578828	3298.976
45.31301879088406	8.454533607433808	3287.9296
45.21761500123496	7.053226656798624	3272.4023
45.1394001970194	5.647699650155149	3253.0297
45.07846816689916	4.238772022564465	3230.4387
45.03489241843145	2.8272794590735852	3205.228
45.00872576033472	1.414069999328503	3177.9511
45.0	4.961562726608714e-15	3149.1023
45.00872576033472	358.5859300006715	3119.108
45.03489241843145	357.17272054092643	3088.3203
45.07846816689916	355.76122797743557	3057.0164
45.1394001970194	354.3523003498448	3025.4004
45.21761500123496	352.94677334320136	2993.6102
45.31301879088406	351.5454663925662	2961.7258
45.42549802359848	350.14917897242117	2929.7815
45.554920033420714	348.7586871095844	2897.779
45.701133755495384	347.374740153737	2865.7017
45.86397053617525	345.99805783448306	2833.5293
46.043245018569806	344.62932762827677	2801.2513
46.238756092964955	343.26920245272464	2768.8802
46.450287901158305	341.91829869987816	2736.4617
46.677610883583455	340.5771946143248	2704.0829
46.920482858129056	339.2464290163152	2671.878
47.178650119779434	337.92650036495786	2640.0301
47.45184855059512	336.61786615176925	2608.7708
47.73980473009234	335.3209426106762	2578.3759
48.04223703674405	334.03610472697835	2549.1586
48.3588567320902	332.76368652482927	2521.4606
48.68936901978189	331.50398161048975	2495.6405
49.03347407277117	330.2572439469416	2472.0613
49.39086802277208	329.0236888343902	2451.0774
49.76124390703504	327.80349407069133	2433.0208
50.14429256838125	326.596801265758	2418.1889
50.539703505316005	325.40371728447303	2406.8326
50.94716566986905	324.2243157934907	2399.1472
51.36636821158484	323.05863888848745	2395.2648
51.79700116679685	321.9066987798499	2395.2505
52.23875609296496	320.76847951640775	2399.1001
52.691326648427214	319.6439387285699	2406.742
53.154409118419395	318.5330093740457	2418.0419
53.62770288864506	317.43560147119416	2432.8092
54.11091086804023	316.3516038068849	2450.8071
54.60373986267208	315.28088560756106	2471.7637
55.10590090294487	314.2232981639185	2495.3846
55.617109526463715	313.17867640125496	2521.366
56.13708601903233	312.14684038906586	2549.4081
56.66555561634144	311.12759678487197	2579.227
57.20224866894282	310.120740208543	2610.5661
57.74690077310915	309.1260545445325	2643.2048
58.29925287015328	308.1433141704624	2676.9647
58.8590513167294	307.17228511139535	2711.7134
59.42604792856702	306.2127261199089	2747.3642
59.99999999999999	305.26438968275465	2783.8737
60.58067030155157	304.3270229554423	2821.2353
61.16782705772538	303.40036862655415	2859.4704
61.76124390703503	302.4841657139688	2898.6168
62.36069984618289	301.5781502954692	2938.7149
62.96597916017513	300.68205617643343	2979.7934
63.57687134003648	299.7956154974686	3021.8534
64.19317098966519	298.91855928495545	3064.854
64.81467772324949	298.0506179475306	3108.6974
65.44119605454999	297.191521721553	3153.2174
66.0725352792411	296.3410010685859	3198.1699
66.70850935139694	295.49878702788453	3243.2264
67.34893675510656	294.6646115268114	3287.9719
67.99364037210603	293.83820765201864	3331.9065
68.64244734622547	293.0193098841362	3374.452
69.29518894536457	292.2076542985965	3414.9623
69.95170042163069	291.40297873510644	3452.7386
70.61182087020094	290.60502293815665	3487.0477
71.2753930874019	289.81352867082944	3517.1445
71.94226342843773	289.0282398040422	3542.2962
72.61228166514054	288.2489023832344	3561.8086
73.28530084406377	287.4752646743821	3575.0534
73.96117714519126	286.7070771911018	3581.494
74.63976974149092	285.9440927044865	3580.7115
75.32094065950206	285.1860662372025	3572.4265
76.00455464110858	284.4327550432674	3556.5189
76.6904790066185	283.6839185748216	3533.0422
77.37858351923944	282.93931843711187	3502.2338
78.0687402510143	282.1987183328067	3464.5184
78.76082345025605	281.4618839966795	3420.5062
79.45470941050044	280.72858312160906	3370.9847
80.15027634097487	279.9985852767744	3316.9047
80.84740423856572	279.2716618188454	3259.3596
81.54597476125012	278.54758579690696	3199.5606
82.24587110294536	277.82613185179235	3138.8069
82.94697786971682	277.10707611044654	3078.4521
83.64918095727445	276.39019607588716	3019.8688
84.3523674296794	275.67527051328665	2964.4112
85.05642539917308	274.96207933265566	2913.378
85.76124390703502	274.2504034685707	2867.9767
86.4667128053692	273.5400247573564	2829.2898
87.17272263971289	272.83072581210183	2798.245
87.87916453235917	272.1222898958679	2775.5895
88.58593006627854	271.4145007934176	2761.8703
89.29291116952395	270.7071426817872	2757.4203
90.0	270.0	2762.3501
90.70708883047607	269.2928573182127	2776.5482
91.41406993372146	268.5854992065824	2799.6859
92.12083546764083	267.8777101041321	2831.2301
92.82727736028711	267.16927418789817	2870.4609
93.5332871946308	266.4599752426436	2916.495
94.23875609296496	265.7495965314293	2968.3126
94.94357460082692	265.03792066734434	3024.7881
95.64763257032061	264.32472948671335	3084.7228
96.35081904272555	263.60980392411284	3146.878
97.05302213028318	262.89292388955346	3210.0085
97.75412889705464	262.17386814820765	3272.8942
98.45402523874989	261.45241420309304	3334.369
99.15259576143428	260.7283381811546	3393.3474
99.84972365902512	260.0014147232256	3448.8457
100.54529058949956	259.27141687839094	3499.999
101.23917654974393	258.5381160033205	3546.0737
101.93125974898571	257.8012816671933	3586.4738
102.62141648076054	257.06068156288813	3620.7424
103.30952099338153	256.31608142517837	3648.5592
103.99544535889142	255.56724495673262	3669.7322
104.67905934049796	254.8139337627975	3684.1865
105.36023025850908	254.05590729551355	3691.9504
106.03882285480874	253.2929228088982	3693.1389
106.71469915593623	252.52473532561788	3687.9358
107.38771833485946	251.7510976167656	3676.5764
108.05773657156229	250.9717601959578	3659.3306
108.7246069125981	250.18647132917056	3636.4869
109.38817912979906	249.39497706184335	3608.3393
110.04829957836931	248.59702126489356	3575.1774
110.70481105463544	247.79234570140352	3537.2783
111.35755265377453	246.98069011586378	3494.9039
112.00635962789397	246.16179234798136	3448.3002
112.65106324489344	245.33538847318857	3397.7009
113.29149064860306	244.50121297211547	3343.3334
113.92746472075892	243.6589989314141	3285.4283
114.55880394545001	242.808478278447	3224.2297
115.18532227675053	241.9493820524694	3160.0077
115.8068290103348	241.08144071504458	3093.0708
116.42312865996352	240.2043845025314	3023.7776
117.03402083982486	239.31794382356657	2952.5479
117.63930015381712	238.4218497045308	2879.8709
118.23875609296496	237.5158342860312	2806.3112
118.83217294227461	236.59963137344585	2732.5111
119.41932969844842	235.67297704455768	2659.1887
120.00000000000001	234.73561031724535	2587.133
120.573952071433	233.78727388009108	2517.1934
121.14094868327061	232.82771488860465	2450.2664
121.70074712984672	231.85668582953755	2387.2778
122.25309922689084	230.87394545546752	2329.162
122.79775133105717	229.879259791457	2276.8386
123.33444438365854	228.8724032151281	2231.1875
123.86291398096766	227.8531596109341	2193.0231
124.38289047353629	226.82132359874498	2163.0685
124.89409909705513	225.7767018360815	2141.9311
125.39626013732791	224.71911439243897	2130.0802
125.88908913195978	223.64839619311508	2127.8279
126.37229711135494	222.56439852880584	2135.3139
126.84559088158062	221.46699062595428	2152.4949
127.30867335157278	220.35606127143015	2179.1391
127.76124390703504	219.23152048359228	2214.8265
128.20299883320317	218.0933012201501	2258.9547
128.6336317884152	216.94136111151252	2310.7503
129.05283433013093	215.7756842065093	2369.2853
129.460296494684	214.59628271552702	2433.4994
129.85570743161875	213.40319873424195	2502.2249
130.23875609296496	212.19650592930864	2574.2159
130.60913197722795	210.9763111656098	2648.1796
130.96652592722884	209.74275605305837	2722.809
131.31063098021812	208.49601838951028	2796.8151
131.6411432679098	207.2363134751707	2868.959
131.95776296325596	205.96389527302162	2938.0817
132.26019526990768	204.67905738932384	3003.1303
132.54815144940486	203.38213384823078	3063.1815
132.8213498802206	202.07349963504214	3117.4594
133.07951714187095	200.75357098368477	3165.3493
133.32238911641656	199.4228053856752	3206.4047
133.5497120988417	198.08170130012184	3240.35
133.76124390703504	196.73079754727542	3267.0774
133.9567549814302	195.3706723717232	3286.6382
134.13602946382477	194.0019421655169	3299.2297
134.2988662445046	192.62525984626305	3305.1787
134.44507996657927	191.24131289041563	3304.9202
134.57450197640154	189.8508210275788	3298.976
134.68698120911597	188.4545336074338	3287.9296
134.78238499876502	187.0532266567986	3272.4023
134.8605998029806	185.64769965015518	3253.0297
134.92153183310086	184.2387720225645	3230.4387
134.96510758156856	182.82727945907357	3205.228
134.99127423966527	181.4140699993285	3177.9511
135.0	180.0	3149.1023
134.99127423966527	178.58593000067157	3119.108
134.96510758156856	177.1727205409264	3088.3203
134.92153183310086	175.76122797743554	3057.0164
134.8605998029806	174.35230034984485	3025.4004
134.78238499876502	172.94677334320141	2993.6102
134.68698120911597	171.54546639256625	2961.7258
134.57450197640154	170.14917897242117	2929.7815
134.44507996657927	168.7586871095844	2897.779
134.2988662445046	167.37474015373698	2865.7017
134.13602946382477	165.9980578344831	2833.5293
133.9567549814302	164.62932762827674	2801.2513
133.76124390703504	163.2692024527246	2768.8802
133.5497120988417	161.9182986998782	2736.4617
133.32238911641656	160.57719461432484	2704.0829
133.07951714187095	159.24642901631526	2671.878
132.82134988022057	157.92650036495783	2640.0301
132.54815144940488	156.61786615176925	2608.7708
132.26019526990768	155.32094261067618	2578.3759
131.95776296325596	154.03610472697838	2549.1586
131.6411432679098	152.76368652482927	2521.4606
131.31063098021812	151.50398161048975	2495.6405
130.96652592722884	150.25724394694163	2472.0613
130.60913197722795	149.02368883439024	2451.0774
130.23875609296496	147.80349407069139	2433.0208
129.85570743161873	146.596801265758	2418.1889
129.46029649468403	145.403717284473	2406.8326
129.05283433013096	144.22431579349072	2399.1472
128.6336317884152	143.0586388884875	2395.2648
128.20299883320317	141.90669877984988	2395.2505
127.76124390703505	140.76847951640775	2399.1001
127.3086733515728	139.64393872856988	2406.742
126.84559088158062	138.53300937404575	2418.0419
126.37229711135495	137.4356014711942	2432.8092
125.88908913195978	136.35160380688492	2450.8071
125.39626013732794	135.28088560756106	2471.7637
124.89409909705515	134.22329816391854	2495.3846
124.38289047353632	133.17867640125502	2521.366
123.86291398096766	132.14684038906586	2549.4081
123.33444438365856	131.12759678487194	2579.227
122.7977513310572	130.120740208543	2610.5661
122.25309922689087	129.12605454453248	2643.2048
121.70074712984675	128.14331417046245	2676.9647
121.14094868327061	127.17228511139534	2711.7134
120.57395207143298	126.21272611990892	2747.3642
120.00000000000001	125.26438968275468	2783.8737
119.41932969844845	124.32702295544235	2821.2353
118.83217294227461	123.40036862655414	2859.4704
118.23875609296496	122.48416571396879	2898.6168
117.63930015381712	121.57815029546921	2938.7149
117.03402083982486	120.68205617643345	2979.7934
116.42312865996352	119.79561549746859	3021.8534
115.8068290103348	118.91855928495542	3064.854
115.18532227675053	118.05061794753063	3108.6974
114.55880394545002	117.19152172155302	3153.2174
113.92746472075895	116.34100106858591	3198.1699
113.29149064860304	115.49878702788452	3243.2264
112.65106324489344	114.66461152681141	3287.9719
112.00635962789399	113.83820765201867	3331.9065
111.35755265377455	113.01930988413625	3374.452
110.70481105463546	112.20765429859652	3414.9623
110.04829957836931	111.40297873510644	3452.7386
109.38817912979906	110.60502293815665	3487.0477
108.7246069125981	109.81352867082943	3517.1445
108.05773657156229	109.02823980404222	3542.2962
107.38771833485946	108.2489023832344	3561.8086
106.71469915593623	107.47526467438213	3575.0534
106.03882285480876	106.70707719110183	3581.494
105.36023025850909	105.94409270448648	3580.7115
104.67905934049797	105.18606623720254	3572.4265
103.99544535889142	104.43275504326738	3556.5189
103.30952099338151	103.68391857482159	3533.0422
102.62141648076056	102.93931843711185	3502.2338
101.93125974898572	102.19871833280676	3464.5184
101.23917654974393	101.4618839966795	3420.5062
100.54529058949956	100.72858312160906	3370.9847
99.84972365902513	99.99858527677442	3316.9047
99.15259576143428	99.27166181884544	3259.3596
98.4540252387499	98.54758579690696	3199.5606
97.75412889705464	97.82613185179234	3138.8069
97.05302213028318	97.10707611044654	3078.4521
96.35081904272556	96.39019607588716	3019.8688
95.64763257032062	95.67527051328666	2964.4112
94.94357460082692	94.96207933265563	2913.378
94.23875609296496	94.25040346857071	2867.9767
93.53328719463082	93.54002475735638	2829.2898
92.82727736028713	92.83072581210186	2798.245
92.12083546764086	92.12228989586791	2775.5895
91.41406993372146	91.41450079341756	2761.8703
90.70708883047607	90.70714268178726	2757.4203
90.0	0.0	3416.7176
90.0	1.0	3419.4033
90.0	2.0	3420.2251
90.0	3.0000000000000004	3418.4271
90.0	4.0	3413.9095
90.0	5.0	3407.2328
90.0	6.000000000000001	3399.5875
90.0	7.0	3392.7299
90.0	8.0	3388.8862
90.0	9.0	3390.6314
90.0	10.0	3400.7475
90.0	11.0	3422.0676
90.0	12.0	3457.3142
90.0	13.0	3508.9383
90.0	14.0	3578.968
90.0	14.999999999999998	3668.8734
90.0	16.0	3779.4547
90.0	17.000000000000004	3910.7581
90.0	18.0	4062.0258
90.0	19.0	4231.6805
90.0	20.0	4417.3479
90.0	21.0	4615.9149
90.0	22.0	4823.6226
90.0	23.0	5036.1897
90.0	24.000000000000004	5248.9621
90.0	25.0	5457.081
90.0	26.0	5655.6632
90.0	26.999999999999996	5839.9864
90.0	28.0	6005.6699
90.0	29.000000000000004	6148.8435
90.0	29.999999999999996	6266.2982
90.0	31.0	6355.6099
90.0	32.0	6415.2321
90.0	33.0	6444.5534
90.0	34.00000000000001	6443.9162
90.0	35.0	6414.5966
90.0	36.0	6358.7456
90.0	37.0	6279.295
90.0	38.0	6179.8313
90.0	39.0	6064.4431
90.0	40.0	5937.55
90.0	41.0	5803.7183
90.0	42.0	5667.4748
90.0	43.0	5533.1237
90.0	44.0	5404.5777
90.0	45.0	5285.2092
90.0	46.00000000000001	5177.7287
90.0	47.0	5084.0966
90.0	48.00000000000001	5005.4711
90.0	49.00000000000001	4942.1968
90.0	50.0	4893.8316
90.0	51.0	4859.214
90.0	52.0	4836.5649
90.0	53.0	4823.6217
90.0	54.0	4817.7959
90.0	55.0	4816.3505
90.0	56.0	4816.5845
90.0	57.00000000000001	4816.0199
90.0	58.00000000000001	4812.5795
90.0	59.00000000000001	4804.7476
90.0	59.99999999999999	4791.7065
90.0	61.0	4773.44
90.0	62.0	4750.7998
90.0	63.0	4725.5294
90.0	64.0	4700.2439
90.0	65.0	4678.3659
90.0	66.0	4664.0167
90.0	67.0	4661.8697
90.0	68.0	4676.9685
90.0	69.0	4714.518
90.0	70.0	4779.6566
90.0	71.0	4877.2183
90.0	72.0	5011.4958
90.0	73.0	5186.0128
90.0	74.0	5403.317
90.0	75.0	5664.8022
90.0	76.0	5970.5685
90.0	77.0	6319.3259
90.0	78.0	6708.3479
90.0	79.0	7133.4777
90.0	80.0	7589.1881
90.0	81.0	8068.6937
90.0	82.0	8564.1128
90.0	83.0	9066.6739
90.0	84.0	9566.9585
90.0	85.0	10055.1736
90.0	86.0	10521.4425
90.0	87.0	10956.1037
90.0	88.0	11350.0077
90.0	89.0	11694.7992
90.0	90.0	11983.1759
90.0	91.0	12209.113
90.0	92.0	12368.0453
90.0	93.0	12457.0012
90.0	94.0	12474.6826
90.0	95.0	12421.4885
90.0	96.00000000000001	12299.4819
90.0	97.0	12112.3013
90.0	98.0	11865.0213
90.0	99.0	11563.9668
90.0	100.0	11216.4896
90.0	101.0	10830.7155
90.0	102.0	10415.272
90.0	103.0	9979.0073
90.0	104.0	9530.7104
90.0	105.00000000000001	9078.8449
90.0	106.0	8631.3034
90.0	107.0	8195.194
90.0	108.0	7776.6648
90.0	109.0	7380.7718
90.0	110.0	7011.3952
90.0	111.0	6671.2049
90.0	112.0	6361.6749
90.0	113.0	6083.1452
90.0	114.00000000000001	5834.9256
90.0	115.0	5615.4359
90.0	116.00000000000001	5422.3766
90.0	117.0	5252.9189
90.0	118.00000000000001	5103.9071
90.0	119.0	4972.0639
90.0	119.99999999999999	4854.1874
90.0	121.0	4747.3334
90.0	122.0	4648.9735
90.0	123.00000000000001	4557.1225
90.0	124.0	4470.4313
90.0	125.00000000000001	4388.2398
90.0	126.0	4310.5896
90.0	127.00000000000001	4238.1961
90.0	128.0	4172.3828
90.0	129.0	4114.9808
90.0	130.0	4068.1991
90.0	131.0	4034.4732
90.0	132.0	4016.2987
90.0	133.0	4016.0581
90.0	134.0	4035.8507
90.0	135.0	4077.3318
90.0	136.0	4141.5716
90.0	137.0	4228.9386
90.0	138.0	4339.0143
90.0	139.0	4470.5439
90.0	140.0	4621.4249
90.0	141.0	4788.7354
90.0	142.0	4968.8004
90.0	143.0	5157.2948
90.0	144.0	5349.3778
90.0	145.0	5539.8533
90.0	146.0	5723.3502
90.0	147.0	5894.5142
90.0	148.0	6048.2032
90.0	149.0	6179.6774
90.0	150.0	6284.7772
90.0	151.0	6360.0791
90.0	152.0	6403.0256
90.0	153.0	6412.0205
90.0	154.0	6386.4884
90.0	155.0	6326.8938
90.0	156.0	6234.7198
90.0	157.0	6112.4077
90.0	158.0	5963.2596
90.0	159.0	5791.3081
90.0	160.0	5601.1596
90.0	161.0	5397.817
90.0	162.0	5186.4906
90.0	163.0	4972.4031
90.0	164.0	4760.6002
90.0	165.0	4555.7711
90.0	166.0	4362.0897
90.0	167.0	4183.0809
90.0	168.0	4021.5174
90.0	169.0	3879.3527
90.0	170.0	3757.6903
90.0	171.0	3656.7915
90.0	172.0	3576.12
90.0	173.0	3514.4203
90.0	174.0	3469.8272
90.0	175.0	3439.9988
90.0	176.0	3422.2683
90.0	177.0	3413.8061
90.0	178.0	3411.7848
90.0	179.0	3413.5399
90.0	180.0	3416.7176
90.0	181.0	3419.4033
90.0	181.99999999999997	3420.2251
90.0	182.99999999999997	3418.4271
90.0	183.99999999999997	3413.9095
90.0	184.99999999999997	3407.2328
90.0	185.99999999999997	3399.5875
90.0	186.99999999999997	3392.7299
90.0	188.0	3388.8862
90.0	188.99999999999997	3390.6314
90.0	190.0	3400.7475
90.0	190.99999999999997	3422.0676
90.0	192.0	3457.3142
90.0	192.99999999999997	3508.9383
90.0	193.99999999999997	3578.968
90.0	194.99999999999997	3668.8734
90.0	195.99999999999997	3779.4547
90.0	197.0	3910.7581
90.0	197.99999999999997	4062.0258
90.0	199.0	4231.6805
90.0	199.99999999999997	4417.3479
90.0	201.0	4615.9149
90.0	201.99999999999997	4823.6226
90.0	203.0	5036.1897
90.0	203.99999999999997	5248.9621
90.0	204.99999999999997	5457.081
90.0	206.0	5655.6632
90.0	206.99999999999997	5839.9864
90.0	208.0	6005.6699
90.0	208.99999999999997	6148.8435
90.0	210.0	6266.2982
90.0	210.99999999999997	6355.6099
90.0	212.0	6415.2321
90.0	212.99999999999997	6444.5534
90.0	214.0	6443.9162
90.0	215.0	6414.5966
90.0	216.0	6358.7456
90.0	217.0	6279.295
90.0	217.99999999999997	6179.8313
90.0	219.00000000000003	6064.4431
90.0	219.99999999999997	5937.55
90.0	220.99999999999997	5803.7183
90.0	221.99999999999997	5667.4748
90.0	223.0	5533.1237
90.0	224.0	5404.5777
90.0	224.99999999999997	5285.2092
90.0	226.0	5177.7287
90.0	227.0	5084.0966
90.0	228.0	5005.4711
90.0	229.0	4942.1968
90.0	230.0	4893.8316
90.0	230.99999999999997	4859.214
90.0	232.00000000000003	4836.5649
90.0	233.0	4823.6217
90.0	233.99999999999997	4817.7959
90.0	234.99999999999994	4816.3505
90.0	236.0	4816.5845
90.0	237.0	4816.0199
90.0	238.0	4812.5795
90.0	239.0	4804.7476
90.0	239.99999999999994	4791.7065
90.0	241.0	4773.44
90.0	242.0	4750.7998
90.0	242.99999999999997	4725.5294
90.0	243.99999999999994	4700.2439
90.0	245.0	4678.3659
90.0	246.0	4664.0167
90.0	247.0	4661.8697
90.0	248.0	4676.9685
90.0	248.99999999999997	4714.518
90.0	250.0	4779.6566
90.0	251.0	4877.2183
90.0	252.0	5011.4958
90.0	252.99999999999997	5186.0128
90.0	254.0	5403.317
90.0	255.0	5664.8022
90.0	256.0	5970.5685
90.0	257.0	6319.3259
90.0	258.0	6708.3479
90.0	259.0	7133.4777
90.0	260.0	7589.1881
90.0	261.0	8068.6937
90.0	262.0	8564.1128
90.0	263.0	9066.6739
90.0	264.0	9566.9585
90.0	265.0	10055.1736
90.0	266.0	10521.4425
90.0	267.0	10956.1037
90.0	268.0	11350.0077
90.0	269.0	11694.7992
90.0	270.0	11983.1759
90.0	271.0	12209.113
90.0	272.0	12368.0453
90.0	273.0	12457.0012
90.0	274.0	12474.6826
90.0	275.0	12421.4885
90.0	276.0	12299.4819
90.0	277.0	12112.3013
90.0	278.0	11865.0213
90.0	279.0	11563.9668
90.0	280.0	11216.4896
90.0	281.0	10830.7155
90.0	282.0	10415.272
90.0	283.0	9979.0073
90.0	284.0	9530.7104
90.0	285.0	9078.8449
90.0	286.0	8631.3034
90.0	287.0	8195.194
90.0	288.0	7776.6648
90.0	289.0	7380.7718
90.0	290.0	7011.3952
90.0	291.0	6671.2049
90.0	292.0	6361.6749
90.0	293.0	6083.1452
90.0	294.0	5834.9256
90.0	295.0	5615.4359
90.0	296.0	5422.3766
90.0	297.0	5252.9189
90.0	298.0	5103.9071
90.0	299.0	4972.0639
90.0	300.0	4854.1874
90.0	301.0	4747.3334
90.0	302.0	4648.9735
90.0	303.0	4557.1225
90.0	304.0	4470.4313
90.0	305.0	4388.2398
90.0	306.0	4310.5896
90.0	307.0	4238.1961
90.0	308.0	4172.3828
90.0	309.0	4114.9808
90.0	310.0	4068.1991
90.0	311.0	4034.4732
90.0	311.99999999999994	4016.2987
90.0	313.0	4016.0581
90.0	314.0	4035.8507
90.0	315.0	4077.3318
90.0	316.0	4141.5716
90.0	317.0	4228.9386
90.0	318.0	4339.0143
90.0	319.0	4470.5439
90.0	320.0	4621.4249
90.0	321.0	4788.7354
90.0	322.0	4968.8004
90.0	323.0	5157.2948
90.0	324.0	5349.3778
90.0	325.0	5539.8533
90.0	326.0	5723.3502
90.0	327.0	5894.5142
90.0	328.0	6048.2032
90.0	329.0	6179.6774
90.0	330.0	6284.7772
90.0	331.0	6360.0791
90.0	332.0	6403.0256
90.0	333.0	6412.0205
90.0	334.0	6386.4884
90.0	335.0	6326.8938
90.0	336.0	6234.7198
90.0	337.0	6112.4077
90.0	338.0	5963.2596
90.0	338.99999999999994	5791.3081
90.0	340.0	5601.1596
90.0	341.0	5397.817
90.0	342.0	5186.4906
90.0	343.0	4972.4031
90.0	344.0	4760.6002
90.0	345.0	4555.7711
90.0	346.0	4362.0897
90.0	347.0	4183.0809
90.0	347.99999999999994	4021.5174
90.0	349.0	3879.3527
90.0	350.0	3757.6903
90.0	351.0	3656.7915
90.0	352.0	3576.12
90.0	353.0	3514.4203
90.0	354.0	3469.8272
90.0	355.0	3439.9988
90.0	356.0	3422.2683
90.0	356.99999999999994	3413.8061
90.0	358.0	3411.7848
90.0	359.0	3413.5399
