Polar Angle 	 Azimuth Angle 	 Intensity 
90.0	0.0	38189.2803
89.0	0.0	37837.8604
88.0	0.0	37287.5502
87.00000000000001	0.0	36550.9341
86.0	0.0	35645.1999
85.0	0.0	34591.5801
84.0	0.0	33414.656
83.0	0.0	32141.5508
82.0	0.0	30801.0428
81.0	0.0	29422.6355
80.0	0.0	28035.6173
79.0	0.0	26668.1516
78.00000000000001	0.0	25346.4281
77.0	0.0	24093.9109
76.0	0.0	22930.7097
75.0	0.0	21873.0966
74.0	0.0	20933.1871
73.0	0.0	20118.7915
72.0	0.0	19433.4416
71.0	0.0	18876.5865
70.0	0.0	18443.9453
69.00000000000001	0.0	18127.9972
68.0	0.0	17918.5869
67.0	0.0	17803.6127
66.0	0.0	17769.7688
65.0	0.0	17803.3047
64.0	0.0	17890.7684
63.0	0.0	18019.7004
62.0	0.0	18179.2466
61.0	0.0	18360.6638
60.00000000000001	0.0	18557.6958
59.00000000000001	0.0	18766.8049
58.00000000000001	0.0	18987.2483
57.00000000000001	0.0	19220.9993
55.99999999999999	0.0	19472.5162
55.00000000000001	0.0	19748.3724
54.0	0.0	20056.7665
53.00000000000001	0.0	20406.9332
52.0	0.0	20808.4877
51.00000000000001	0.0	21270.7305
50.00000000000001	0.0	21801.9492
49.00000000000001	0.0	22408.7492
48.0	0.0	23095.4454
47.0	0.0	23863.5458
46.00000000000001	0.0	24711.3518
45.0	0.0	25633.6953
44.0	0.0	26621.8294
43.0	0.0	27663.4778
42.0	0.0	28743.0465
41.0	0.0	29841.9894
40.00000000000001	0.0	30939.3163
39.0	0.0	32012.2235
37.99999999999999	0.0	33036.8211
37.0	0.0	33988.93
36.0	0.0	34844.9138
35.0	0.0	35582.5134
34.0	0.0	36181.6479
33.0	0.0	36625.1506
31.99999999999999	0.0	36899.4082
31.0	0.0	36994.8762
30.000000000000004	0.0	36906.4505
29.00000000000001	0.0	36633.6776
28.000000000000007	0.0	36180.7969
27.00000000000001	0.0	35556.6104
25.999999999999996	0.0	34774.1888
25.000000000000004	0.0	33850.4223
24.000000000000004	0.0	32805.4383
22.999999999999993	0.0	31661.9077
21.999999999999996	0.0	30444.2695
21.0	0.0	29177.906
20.00000000000001	0.0	27888.3013
19.000000000000014	0.0	26600.2187
18.00000000000001	0.0	25336.9284
17.000000000000007	0.0	24119.5186
15.999999999999995	0.0	22966.3141
14.999999999999996	0.0	21892.427
14.0	0.0	20909.4536
12.999999999999996	0.0	20025.3281
12.000000000000018	0.0	19244.3355
10.999999999999993	0.0	18567.279
10.000000000000012	0.0	17991.7922
8.999999999999984	0.0	17512.7764
7.999999999999981	0.0	17122.9427
7.000000000000025	0.0	16813.4304
6.000000000000026	0.0	16574.4721
4.999999999999992	0.0	16396.0725
4.000000000000042	0.0	16268.6696
3.0000000000000444	0.0	16183.7463
1.9999999999999472	0.0	16134.3639
0.9999999999999002	0.0	16115.5912
0.0	0.0	16124.8111
0.9999999999999002	180.0	16161.8885
1.9999999999999472	180.0	16229.1918
3.0000000000000444	180.0	16331.4672
4.000000000000042	180.0	16475.572
4.999999999999992	180.0	16670.0768
6.000000000000026	180.0	16924.7582
6.9999999999999725	180.0	17250.0019
7.999999999999981	180.0	17656.1474
8.999999999999984	180.0	18152.8022
10.000000000000012	180.0	18748.1592
10.999999999999993	180.0	19448.3494
11.999999999999988	180.0	20256.8611
12.999999999999996	180.0	21174.0545
14.0	180.0	22196.795
14.999999999999996	180.0	23318.2266
15.999999999999995	180.0	24527.6975
16.99999999999999	180.0	25810.8451
17.999999999999986	180.0	27149.8417
18.999999999999996	180.0	28523.7925
19.999999999999993	180.0	29909.273
21.0	180.0	31280.9863
21.999999999999996	180.0	32612.5158
23.00000000000001	180.0	33877.1422
24.000000000000004	180.0	35048.695
24.99999999999999	180.0	36102.4029
26.000000000000007	180.0	37015.7097
26.999999999999996	180.0	37769.0232
28.000000000000007	180.0	38346.3661
28.999999999999996	180.0	38735.9038
29.999999999999993	180.0	38930.3272
31.0	180.0	38927.0762
31.99999999999999	180.0	38728.3952
33.0	180.0	38341.2178
34.0	180.0	37776.8889
35.000000000000014	180.0	37050.734
36.0	180.0	36181.4953
37.000000000000014	180.0	35190.6585
37.99999999999999	180.0	34101.6981
38.99999999999999	180.0	32939.2731
40.00000000000001	180.0	31728.4057
40.999999999999986	180.0	30493.6764
42.0	180.0	29258.469
43.0	180.0	28044.293
44.00000000000001	180.0	26870.212
45.0	180.0	25752.3966
46.000000000000014	180.0	24703.8203
47.0	180.0	23734.103
47.999999999999986	180.0	22849.5093
49.00000000000001	180.0	22053.0921
49.99999999999999	180.0	21344.974
51.00000000000001	180.0	20722.7475
51.99999999999999	180.0	20181.9717
53.000000000000014	180.0	19716.7399
53.99999999999999	180.0	19320.2874
55.000000000000014	180.0	18985.6101
55.99999999999999	180.0	18706.0608
56.999999999999986	180.0	18475.8955
58.00000000000001	180.0	18290.74
58.99999999999999	180.0	18147.9563
60.00000000000001	180.0	18046.8869
61.0	180.0	17988.968
62.000000000000014	180.0	17977.7024
63.0	180.0	18018.4941
64.00000000000001	180.0	18118.3508
65.0	180.0	18285.4695
65.99999999999999	180.0	18528.7213
67.0	180.0	18857.0633
68.0	180.0	19278.9031
69.00000000000001	180.0	19801.4475
70.0	180.0	20430.0674
71.00000000000001	180.0	21167.7113
72.0	180.0	22014.3952
73.00000000000001	180.0	22966.7995
74.0	180.0	24017.9925
74.99999999999999	180.0	25157.2996
76.0	180.0	26370.33
77.0	180.0	27639.1632
78.00000000000001	180.0	28942.6961
79.0	180.0	30257.1376
80.00000000000001	180.0	31556.6378
81.0	180.0	32814.0272
82.00000000000001	180.0	34001.6402
83.0	180.0	35092.1898
83.99999999999999	180.0	36059.6617
85.0	180.0	36880.1899
86.0	180.0	37532.8807
87.00000000000001	180.0	38000.5503
88.0	180.0	38270.3463
89.00000000000001	180.0	38334.2274
90.0	180.0	38189.2803
91.00000000000001	180.0	37837.8604
92.0	180.0	37287.5502
92.99999999999999	180.0	36550.9341
94.0	180.0	35645.1999
95.0	180.0	34591.5801
96.00000000000001	180.0	33414.656
97.0	180.0	32141.5508
98.00000000000001	180.0	30801.0428
99.0	180.0	29422.6355
100.00000000000001	180.0	28035.6173
101.0	180.0	26668.1516
102.00000000000001	180.0	25346.4281
103.0	180.0	24093.9109
104.0	180.0	22930.7097
105.00000000000001	180.0	21873.0966
106.0	180.0	20933.1871
107.00000000000001	180.0	20118.7915
108.0	180.0	19433.4416
109.00000000000001	180.0	18876.5865
110.0	180.0	18443.9453
111.00000000000001	180.0	18127.9972
112.0	180.0	17918.5869
113.0	180.0	17803.6127
114.00000000000001	180.0	17769.7688
115.0	180.0	17803.3047
116.00000000000001	180.0	17890.7684
117.0	180.0	18019.7004
118.00000000000001	180.0	18179.2466
119.0	180.0	18360.6638
120.00000000000001	180.0	18557.6958
121.0	180.0	18766.8049
122.0	180.0	18987.2483
123.00000000000001	180.0	19220.9993
124.0	180.0	19472.5162
125.00000000000001	180.0	19748.3724
126.0	180.0	20056.7665
127.00000000000001	180.0	20406.9332
128.0	180.0	20808.4877
129.00000000000003	180.0	21270.7305
130.0	180.0	21801.9492
131.0	180.0	22408.7492
132.0	180.0	23095.4454
133.0	180.0	23863.5458
134.0	180.0	24711.3518
135.0	180.0	25633.6953
136.0	180.0	26621.8294
137.0	180.0	27663.4778
138.00000000000003	180.0	28743.0465
139.0	180.0	29841.9894
140.0	180.0	30939.3163
140.99999999999997	180.0	32012.2235
142.00000000000003	180.0	33036.8211
143.0	180.0	33988.93
144.0	180.0	34844.9138
145.0	180.0	35582.5134
146.00000000000003	180.0	36181.6479
147.00000000000003	180.0	36625.1506
148.0	180.0	36899.4082
149.0	180.0	36994.8762
149.99999999999997	180.0	36906.4505
151.00000000000003	180.0	36633.6776
152.0	180.0	36180.7969
153.0	180.0	35556.6104
154.0	180.0	34774.1888
155.00000000000003	180.0	33850.4223
156.00000000000003	180.0	32805.4383
157.0	180.0	31661.9077
158.0	180.0	30444.2695
158.99999999999997	180.0	29177.906
160.00000000000003	180.0	27888.3013
161.0	180.0	26600.2187
162.0	180.0	25336.9284
163.0	180.0	24119.5186
164.00000000000003	180.0	22966.3141
165.00000000000003	180.0	21892.427
166.0	180.0	20909.4536
167.0	180.0	20025.3281
167.99999999999997	180.0	19244.3355
169.00000000000003	180.0	18567.279
169.99999999999997	180.0	17991.7922
170.99999999999997	180.0	17512.7764
172.0	180.0	17122.9427
173.00000000000003	180.0	16813.4304
174.00000000000003	180.0	16574.4721
175.0	180.0	16396.0725
175.99999999999997	180.0	16268.6696
176.99999999999994	180.0	16183.7463
178.00000000000006	180.0	16134.3639
179.0000000000001	180.0	16115.5912
180.0	180.0	16124.8111
179.0000000000001	0.0	16161.8885
178.00000000000006	0.0	16229.1918
176.99999999999994	0.0	16331.4672
176.00000000000006	0.0	16475.572
175.0	0.0	16670.0768
174.00000000000003	0.0	16924.7582
172.99999999999997	0.0	17250.0019
172.0	0.0	17656.1474
171.00000000000003	0.0	18152.8022
170.00000000000003	0.0	18748.1592
168.99999999999997	0.0	19448.3494
167.99999999999997	0.0	20256.8611
167.00000000000003	0.0	21174.0545
166.00000000000003	0.0	22196.795
165.00000000000003	0.0	23318.2266
163.99999999999997	0.0	24527.6975
163.0	0.0	25810.8451
162.00000000000003	0.0	27149.8417
161.00000000000003	0.0	28523.7925
160.0	0.0	29909.273
159.0	0.0	31280.9863
158.00000000000003	0.0	32612.5158
157.00000000000003	0.0	33877.1422
156.00000000000003	0.0	35048.695
154.99999999999997	0.0	36102.4029
154.0	0.0	37015.7097
153.00000000000003	0.0	37769.0232
152.0	0.0	38346.3661
150.99999999999997	0.0	38735.9038
150.0	0.0	38930.3272
149.0	0.0	38927.0762
148.0	0.0	38728.3952
147.00000000000003	0.0	38341.2178
146.0	0.0	37776.8889
145.0	0.0	37050.734
144.00000000000003	0.0	36181.4953
143.0	0.0	35190.6585
142.0	0.0	34101.6981
140.99999999999997	0.0	32939.2731
140.00000000000003	0.0	31728.4057
139.00000000000003	0.0	30493.6764
138.00000000000003	0.0	29258.469
137.0	0.0	28044.293
136.0	0.0	26870.212
135.00000000000003	0.0	25752.3966
134.00000000000003	0.0	24703.8203
132.99999999999997	0.0	23734.103
131.99999999999997	0.0	22849.5093
131.00000000000003	0.0	22053.0921
130.00000000000003	0.0	21344.974
129.00000000000003	0.0	20722.7475
128.0	0.0	20181.9717
126.99999999999999	0.0	19716.7399
126.00000000000003	0.0	19320.2874
125.00000000000004	0.0	18985.6101
123.99999999999997	0.0	18706.0608
122.99999999999999	0.0	18475.8955
122.0	0.0	18290.74
121.0	0.0	18147.9563
120.00000000000001	0.0	18046.8869
119.0	0.0	17988.968
118.00000000000001	0.0	17977.7024
117.00000000000003	0.0	18018.4941
116.00000000000004	0.0	18118.3508
115.0	0.0	18285.4695
114.00000000000001	0.0	18528.7213
113.00000000000001	0.0	18857.0633
112.00000000000003	0.0	19278.9031
111.00000000000004	0.0	19801.4475
110.0	0.0	20430.0674
109.00000000000001	0.0	21167.7113
108.00000000000003	0.0	22014.3952
107.00000000000004	0.0	22966.7995
106.0	0.0	24017.9925
105.0	0.0	25157.2996
104.00000000000001	0.0	26370.33
103.00000000000001	0.0	27639.1632
102.00000000000003	0.0	28942.6961
100.99999999999999	0.0	30257.1376
100.0	0.0	31556.6378
99.00000000000001	0.0	32814.0272
98.00000000000003	0.0	34001.6402
96.99999999999999	0.0	35092.1898
96.0	0.0	36059.6617
95.0	0.0	36880.1899
94.00000000000001	0.0	37532.8807
93.00000000000003	0.0	38000.5503
91.99999999999999	0.0	38270.3463
91.0	0.0	38334.2274
90.0	90.0	15589.7905
89.0	90.0	15466.6694
88.0	90.0	15368.1646
87.00000000000001	90.0	15295.0967
86.0	90.0	15247.3477
85.0	90.0	15223.911
84.0	90.0	15222.9837
83.0	90.0	15242.0952
82.0	90.0	15278.2669
81.0	90.0	15328.1947
80.0	90.0	15388.4463
79.0	90.0	15455.6634
78.00000000000001	90.0	15526.76
77.0	90.0	15599.1069
76.0	90.0	15670.6947
75.0	90.0	15740.2664
74.0	90.0	15807.4146
73.0	90.0	15872.6368
72.0	90.0	15937.3476
71.0	90.0	16003.8454
70.0	90.0	16075.2347
69.00000000000001	90.0	16155.3072
68.0	90.0	16248.3855
67.0	90.0	16359.1364
66.0	90.0	16492.3609
65.0	90.0	16652.7694
64.0	90.0	16844.7514
63.0	90.0	17072.1499
62.0	90.0	17338.0488
61.0	90.0	17644.5834
60.00000000000001	90.0	17992.7811
59.00000000000001	90.0	18382.4405
58.00000000000001	90.0	18812.0524
57.00000000000001	90.0	19278.7685
55.99999999999999	90.0	19778.4181
55.00000000000001	90.0	20305.5736
54.0	90.0	20853.6621
53.00000000000001	90.0	21415.1203
52.0	90.0	21981.5857
51.00000000000001	90.0	22544.1193
50.00000000000001	90.0	23093.4496
49.00000000000001	90.0	23620.23
48.0	90.0	24115.3009
47.0	90.0	24569.9459
46.00000000000001	90.0	24976.1334
45.0	90.0	25326.7358
44.0	90.0	25615.718
43.0	90.0	25838.2891
42.0	90.0	25991.0135
41.0	90.0	26071.8772
40.00000000000001	90.0	26080.3084
39.0	90.0	26017.1536
37.99999999999999	90.0	25884.6101
37.0	90.0	25686.1198
36.0	90.0	25426.2288
35.0	90.0	25110.4196
34.0	90.0	24744.9219
33.0	90.0	24336.5119
31.99999999999999	90.0	23892.3054
31.0	90.0	23419.5545
30.000000000000004	90.0	22925.4544
29.00000000000001	90.0	22416.9667
28.000000000000007	90.0	21900.6656
27.00000000000001	90.0	21382.6109
25.999999999999996	90.0	20868.2502
25.000000000000004	90.0	20362.354
24.000000000000004	90.0	19868.9816
22.999999999999993	90.0	19391.478
21.999999999999996	90.0	18932.4994
21.0	90.0	18494.0624
20.00000000000001	90.0	18077.6142
19.000000000000014	90.0	17684.1173
18.00000000000001	90.0	17314.1437
17.000000000000007	90.0	16967.9726
15.999999999999995	90.0	16645.6865
14.999999999999996	90.0	16347.2605
14.0	90.0	16072.6394
12.999999999999996	90.0	15821.8008
12.000000000000018	90.0	15594.8005
10.999999999999993	90.0	15391.7982
10.000000000000012	90.0	15213.0648
8.999999999999984	90.0	15058.9706
7.999999999999981	90.0	14929.9573
7.000000000000025	90.0	14826.4964
6.000000000000026	90.0	14749.0365
4.999999999999992	90.0	14697.946
4.000000000000042	90.0	14673.4528
3.0000000000000444	90.0	14675.5879
1.9999999999999472	90.0	14704.1362
0.9999999999999002	90.0	14758.5974
0.0	90.0	14838.1631
0.9999999999999002	270.0	14941.7091
1.9999999999999472	270.0	15067.8067
3.0000000000000444	270.0	15214.7529
4.000000000000042	270.0	15380.6179
4.999999999999992	270.0	15563.3094
6.000000000000026	270.0	15760.6492
6.9999999999999725	270.0	15970.4602
7.999999999999981	270.0	16190.6582
8.999999999999984	270.0	16419.3438
10.000000000000012	270.0	16654.8894
10.999999999999993	270.0	16896.0159
11.999999999999988	270.0	17141.8548
12.999999999999996	270.0	17391.9905
14.0	270.0	17646.4805
14.999999999999996	270.0	17905.8492
15.999999999999995	270.0	18171.0563
16.99999999999999	270.0	18443.4372
17.999999999999986	270.0	18724.6191
18.999999999999996	270.0	19016.413
19.999999999999993	270.0	19320.6873
21.0	270.0	19639.2271
21.999999999999996	270.0	19973.5853
23.00000000000001	270.0	20324.9313
24.000000000000004	270.0	20693.9059
24.99999999999999	270.0	21080.4878
26.000000000000007	270.0	21483.8796
26.999999999999996	270.0	21902.419
28.000000000000007	270.0	22333.5216
28.999999999999996	270.0	22773.6586
29.999999999999993	270.0	23218.3732
31.0	270.0	23662.3371
31.99999999999999	270.0	24099.4468
33.0	270.0	24522.9582
34.0	270.0	24925.6553
35.000000000000014	270.0	25300.0494
36.0	270.0	25638.6005
37.000000000000014	270.0	25933.9545
37.99999999999999	270.0	26179.1875
38.99999999999999	270.0	26368.0473
40.00000000000001	270.0	26495.184
40.999999999999986	270.0	26556.3588
42.0	270.0	26548.6247
43.0	270.0	26470.4687
44.00000000000001	270.0	26321.9117
45.0	270.0	26104.5589
46.000000000000014	270.0	25821.5987
47.0	270.0	25477.7492
47.999999999999986	270.0	25079.1521
49.00000000000001	270.0	24633.2169
49.99999999999999	270.0	24148.421
51.00000000000001	270.0	23634.0712
51.99999999999999	270.0	23100.0353
53.000000000000014	270.0	22556.4527
53.99999999999999	270.0	22013.4345
55.000000000000014	270.0	21480.7631
55.99999999999999	270.0	20967.6033
56.999999999999986	270.0	20482.2342
58.00000000000001	270.0	20031.812
58.99999999999999	270.0	19622.173
60.00000000000001	270.0	19257.6824
61.0	270.0	18941.1355
62.000000000000014	270.0	18673.7144
63.0	270.0	18455.001
64.00000000000001	270.0	18283.0461
65.0	270.0	18154.4909
65.99999999999999	270.0	18064.7363
67.0	270.0	18008.1532
68.0	270.0	17978.325
69.00000000000001	270.0	17968.3132
70.0	270.0	17970.9353
71.00000000000001	270.0	17979.0449
72.0	270.0	17985.802
73.00000000000001	270.0	17984.9251
74.0	270.0	17970.9138
74.99999999999999	270.0	17939.2349
76.0	270.0	17886.4653
77.0	270.0	17810.3868
78.00000000000001	270.0	17710.0294
79.0	270.0	17585.6643
80.00000000000001	270.0	17438.7459
81.0	270.0	17271.8074
82.00000000000001	270.0	17088.3156
83.0	270.0	16892.4912
83.99999999999999	270.0	16689.103
85.0	270.0	16483.2457
86.0	270.0	16280.1111
87.00000000000001	270.0	16084.7615
88.0	270.0	15901.9167
89.00000000000001	270.0	15735.7629
90.0	270.0	15589.7905
91.00000000000001	270.0	15466.6694
92.0	270.0	15368.1646
92.99999999999999	270.0	15295.0967
94.0	270.0	15247.3477
95.0	270.0	15223.911
96.00000000000001	270.0	15222.9837
97.0	270.0	15242.0952
98.00000000000001	270.0	15278.2669
99.0	270.0	15328.1947
100.00000000000001	270.0	15388.4463
101.0	270.0	15455.6634
102.00000000000001	270.0	15526.76
103.0	270.0	15599.1069
104.0	270.0	15670.6947
105.00000000000001	270.0	15740.2664
106.0	270.0	15807.4146
107.00000000000001	270.0	15872.6368
108.0	270.0	15937.3476
109.00000000000001	270.0	16003.8454
110.0	270.0	16075.2347
111.00000000000001	270.0	16155.3072
112.0	270.0	16248.3855
113.0	270.0	16359.1364
114.00000000000001	270.0	16492.3609
115.0	270.0	16652.7694
116.00000000000001	270.0	16844.7514
117.0	270.0	17072.1499
118.00000000000001	270.0	17338.0488
119.0	270.0	17644.5834
120.00000000000001	270.0	17992.7811
121.0	270.0	18382.4405
122.0	270.0	18812.0524
123.00000000000001	270.0	19278.7685
124.0	270.0	19778.4181
125.00000000000001	270.0	20305.5736
126.0	270.0	20853.6621
127.00000000000001	270.0	21415.1203
128.0	270.0	21981.5857
129.00000000000003	270.0	22544.1193
130.0	270.0	23093.4496
131.0	270.0	23620.23
132.0	270.0	24115.3009
133.0	270.0	24569.9459
134.0	270.0	24976.1334
135.0	270.0	25326.7358
136.0	270.0	25615.718
137.0	270.0	25838.2891
138.00000000000003	270.0	25991.0135
139.0	270.0	26071.8772
140.0	270.0	26080.3084
140.99999999999997	270.0	26017.1536
142.00000000000003	270.0	25884.6101
143.0	270.0	25686.1198
144.0	270.0	25426.2288
145.0	270.0	25110.4196
146.00000000000003	270.0	24744.9219
147.00000000000003	270.0	24336.5119
148.0	270.0	23892.3054
149.0	270.0	23419.5545
149.99999999999997	270.0	22925.4544
151.00000000000003	270.0	22416.9667
152.0	270.0	21900.6656
153.0	270.0	21382.6109
154.0	270.0	20868.2502
155.00000000000003	270.0	20362.354
156.00000000000003	270.0	19868.9816
157.0	270.0	19391.478
158.0	270.0	18932.4994
158.99999999999997	270.0	18494.0624
160.00000000000003	270.0	18077.6142
161.0	270.0	17684.1173
162.0	270.0	17314.1437
163.0	270.0	16967.9726
164.00000000000003	270.0	16645.6865
165.00000000000003	270.0	16347.2605
166.0	270.0	16072.6394
167.0	270.0	15821.8008
167.99999999999997	270.0	15594.8005
169.00000000000003	270.0	15391.7982
169.99999999999997	270.0	15213.0648
170.99999999999997	270.0	15058.9706
172.0	270.0	14929.9573
173.00000000000003	270.0	14826.4964
174.00000000000003	270.0	14749.0365
175.0	270.0	14697.946
175.99999999999997	270.0	14673.4528
176.99999999999994	270.0	14675.5879
178.00000000000006	270.0	14704.1362
179.0000000000001	270.0	14758.5974
180.0	270.0	14838.1631
179.0000000000001	90.0	14941.7091
178.00000000000006	90.0	15067.8067
176.99999999999994	90.0	15214.7529
176.00000000000006	90.0	15380.6179
175.0	90.0	15563.3094
174.00000000000003	90.0	15760.6492
172.99999999999997	90.0	15970.4602
172.0	90.0	16190.6582
171.00000000000003	90.0	16419.3438
170.00000000000003	90.0	16654.8894
168.99999999999997	90.0	16896.0159
167.99999999999997	90.0	17141.8548
167.00000000000003	90.0	17391.9905
166.00000000000003	90.0	17646.4805
165.00000000000003	90.0	17905.8492
163.99999999999997	90.0	18171.0563
163.0	90.0	18443.4372
162.00000000000003	90.0	18724.6191
161.00000000000003	90.0	19016.413
160.0	90.0	19320.6873
159.0	90.0	19639.2271
158.00000000000003	90.0	19973.5853
157.00000000000003	90.0	20324.9313
156.00000000000003	90.0	20693.9059
154.99999999999997	90.0	21080.4878
154.0	90.0	21483.8796
153.00000000000003	90.0	21902.419
152.0	90.0	22333.5216
150.99999999999997	90.0	22773.6586
150.0	90.0	23218.3732
149.0	90.0	23662.3371
148.0	90.0	24099.4468
147.00000000000003	90.0	24522.9582
146.0	90.0	24925.6553
145.0	90.0	25300.0494
144.00000000000003	90.0	25638.6005
143.0	90.0	25933.9545
142.0	90.0	26179.1875
140.99999999999997	90.0	26368.0473
140.00000000000003	90.0	26495.184
139.00000000000003	90.0	26556.3588
138.00000000000003	90.0	26548.6247
137.0	90.0	26470.4687
136.0	90.0	26321.9117
135.00000000000003	90.0	26104.5589
134.00000000000003	90.0	25821.5987
132.99999999999997	90.0	25477.7492
131.99999999999997	90.0	25079.1521
131.00000000000003	90.0	24633.2169
130.00000000000003	90.0	24148.421
129.00000000000003	90.0	23634.0712
128.0	90.0	23100.0353
126.99999999999999	90.0	22556.4527
126.00000000000003	90.0	22013.4345
125.00000000000004	90.0	21480.7631
123.99999999999997	90.0	20967.6033
122.99999999999999	90.0	20482.2342
122.0	90.0	20031.812
121.0	90.0	19622.173
120.00000000000001	90.0	19257.6824
119.0	90.0	18941.1355
118.00000000000001	90.0	18673.7144
117.00000000000003	90.0	18455.001
116.00000000000004	90.0	18283.0461
115.0	90.0	18154.4909
114.00000000000001	90.0	18064.7363
113.00000000000001	90.0	18008.1532
112.00000000000003	90.0	17978.325
111.00000000000004	90.0	17968.3132
110.0	90.0	17970.9353
109.00000000000001	90.0	17979.0449
108.00000000000003	90.0	17985.802
107.00000000000004	90.0	17984.9251
106.0	90.0	17970.9138
105.0	90.0	17939.2349
104.00000000000001	90.0	17886.4653
103.00000000000001	90.0	17810.3868
102.00000000000003	90.0	17710.0294
100.99999999999999	90.0	17585.6643
100.0	90.0	17438.7459
99.00000000000001	90.0	17271.8074
98.00000000000003	90.0	17088.3156
96.99999999999999	90.0	16892.4912
96.0	90.0	16689.103
95.0	90.0	16483.2457
94.00000000000001	90.0	16280.1111
93.00000000000003	90.0	16084.7615
91.99999999999999	90.0	15901.9167
91.0	90.0	15735.7629
90.0	45.0	29267.173
89.0	45.0	28954.7604
88.0	45.0	28580.8072
87.00000000000001	45.0	28153.307
86.0	45.0	27681.0258
85.0	45.0	27173.2946
84.0	45.0	26639.7969
83.0	45.0	26090.3567
82.0	45.0	25534.7349
81.0	45.0	24982.4369
80.0	45.0	24442.5395
79.0	45.0	23923.5388
78.00000000000001	45.0	23433.2247
77.0	45.0	22978.5823
76.0	45.0	22565.723
75.0	45.0	22199.8443
74.0	45.0	21885.2178
73.0	45.0	21625.2032
72.0	45.0	21422.2847
71.0	45.0	21278.1268
70.0	45.0	21193.6447
69.00000000000001	45.0	21169.0838
68.0	45.0	21204.1047
67.0	45.0	21297.8667
66.0	45.0	21449.1077
65.0	45.0	21656.2136
64.0	45.0	21917.2762
63.0	45.0	22230.1347
62.0	45.0	22592.4012
61.0	45.0	23001.4681
60.00000000000001	45.0	23454.4991
59.00000000000001	45.0	23948.4038
58.00000000000001	45.0	24479.8008
57.00000000000001	45.0	25044.9698
55.99999999999999	45.0	25639.7995
55.00000000000001	45.0	26259.735
54.0	45.0	26899.7285
53.00000000000001	45.0	27554.2004
52.0	45.0	28217.014
51.00000000000001	45.0	28881.4695
50.00000000000001	45.0	29540.3195
49.00000000000001	45.0	30185.8101
48.0	45.0	30809.7489
47.0	45.0	31403.6008
46.00000000000001	45.0	31958.6102
45.0	45.0	32465.9486
44.0	45.0	32916.8837
43.0	45.0	33302.966
42.0	45.0	33616.2276
41.0	45.0	33849.3863
40.00000000000001	45.0	33996.0486
39.0	45.0	34050.9045
37.99999999999999	45.0	34009.9063
37.0	45.0	33870.4244
36.0	45.0	33631.374
35.0	45.0	33293.3057
34.0	45.0	32858.4568
33.0	45.0	32330.7586
31.99999999999999	45.0	31715.7976
31.0	45.0	31020.7312
30.000000000000004	45.0	30254.158
29.00000000000001	45.0	29425.9456
28.000000000000007	45.0	28547.0206
27.00000000000001	45.0	27629.1265
25.999999999999996	45.0	26684.5562
25.000000000000004	45.0	25725.8675
24.000000000000004	45.0	24765.59
22.999999999999993	45.0	23815.9332
21.999999999999996	45.0	22888.5047
21.0	45.0	21994.0475
20.00000000000001	45.0	21142.2054
19.000000000000014	45.0	20341.3237
18.00000000000001	45.0	19598.292
17.000000000000007	45.0	18918.4335
15.999999999999995	45.0	18305.4452
14.999999999999996	45.0	17761.3895
14.0	45.0	17286.7386
12.999999999999996	45.0	16880.4676
12.000000000000018	45.0	16540.1945
10.999999999999993	45.0	16262.3611
10.000000000000012	45.0	16042.4473
8.999999999999984	45.0	15875.2123
7.999999999999981	45.0	15754.952
7.000000000000025	45.0	15675.7649
6.000000000000026	45.0	15631.8159
4.999999999999992	45.0	15617.5884
4.000000000000042	45.0	15628.1164
3.0000000000000444	45.0	15659.1875
1.9999999999999472	45.0	15707.5095
0.9999999999999002	45.0	15770.8366
0.0	45.0	15848.0479
0.9999999999999002	225.0	15939.1787
1.9999999999999472	225.0	16045.4015
3.0000000000000444	225.0	16168.9592
4.000000000000042	225.0	16313.0521
4.999999999999992	225.0	16481.6841
6.000000000000026	225.0	16679.4732
6.9999999999999725	225.0	16911.4334
7.999999999999981	225.0	17182.7369
8.999999999999984	225.0	17498.4631
10.000000000000012	225.0	17863.3463
10.999999999999993	225.0	18281.529
11.999999999999988	225.0	18756.33
12.999999999999996	225.0	19290.0357
14.0	225.0	19883.722
14.999999999999996	225.0	20537.1124
15.999999999999995	225.0	21248.4771
16.99999999999999	225.0	22014.577
17.999999999999986	225.0	22830.6537
18.999999999999996	225.0	23690.4666
19.999999999999993	225.0	24586.3749
21.0	225.0	25509.462
21.999999999999996	225.0	26449.6991
23.00000000000001	225.0	27396.1412
24.000000000000004	225.0	28337.1509
24.99999999999999	225.0	29260.6423
26.000000000000007	225.0	30154.3383
26.999999999999996	225.0	31006.0327
28.000000000000007	225.0	31803.8517
28.999999999999996	225.0	32536.5063
29.999999999999993	225.0	33193.529
31.0	225.0	33765.4903
31.99999999999999	225.0	34244.1889
33.0	225.0	34622.812
34.0	225.0	34896.0633
35.000000000000014	225.0	35060.2563
36.0	225.0	35113.3725
37.000000000000014	225.0	35055.0849
37.99999999999999	225.0	34886.7471
38.99999999999999	225.0	34611.3515
40.00000000000001	225.0	34233.4582
40.999999999999986	225.0	33759.0976
42.0	225.0	33195.6511
43.0	225.0	32551.713
44.00000000000001	225.0	31836.9377
45.0	225.0	31061.875
46.000000000000014	225.0	30237.799
47.0	225.0	29376.5315
47.999999999999986	225.0	28490.264
49.00000000000001	225.0	27591.3812
49.99999999999999	225.0	26692.287
51.00000000000001	225.0	25805.2356
51.99999999999999	225.0	24942.1681
53.000000000000014	225.0	24114.5575
53.99999999999999	225.0	23333.2608
55.000000000000014	225.0	22608.3809
55.99999999999999	225.0	21949.1374
56.999999999999986	225.0	21363.748
58.00000000000001	225.0	20859.3215
58.99999999999999	225.0	20441.7618
60.00000000000001	225.0	20115.6859
61.0	225.0	19884.3554
62.000000000000014	225.0	19749.6241
63.0	225.0	19711.9016
64.00000000000001	225.0	19770.1368
65.0	225.0	19921.8197
65.99999999999999	225.0	20163.0056
67.0	225.0	20488.3612
68.0	225.0	20891.2331
69.00000000000001	225.0	21363.7417
70.0	225.0	21896.8961
71.00000000000001	225.0	22480.7339
72.0	225.0	23104.4807
73.00000000000001	225.0	23756.73
74.0	225.0	24425.6391
74.99999999999999	225.0	25099.1386
76.0	225.0	25765.1508
77.0	225.0	26411.8131
78.00000000000001	225.0	27027.7009
79.0	225.0	27602.0458
80.00000000000001	225.0	28124.9416
81.0	225.0	28587.5364
82.00000000000001	225.0	28982.2014
83.0	225.0	29302.676
83.99999999999999	225.0	29544.182
85.0	225.0	29703.5054
86.0	225.0	29779.0431
87.00000000000001	225.0	29770.8126
88.0	225.0	29680.4246
89.00000000000001	225.0	29511.0202
90.0	225.0	29267.173
91.00000000000001	225.0	28954.7604
92.0	225.0	28580.8072
92.99999999999999	225.0	28153.307
94.0	225.0	27681.0258
95.0	225.0	27173.2946
96.00000000000001	225.0	26639.7969
97.0	225.0	26090.3567
98.00000000000001	225.0	25534.7349
99.0	225.0	24982.4369
100.00000000000001	225.0	24442.5395
101.0	225.0	23923.5388
102.00000000000001	225.0	23433.2247
103.0	225.0	22978.5823
104.0	225.0	22565.723
105.00000000000001	225.0	22199.8443
106.0	225.0	21885.2178
107.00000000000001	225.0	21625.2032
108.0	225.0	21422.2847
109.00000000000001	225.0	21278.1268
110.0	225.0	21193.6447
111.00000000000001	225.0	21169.0838
112.0	225.0	21204.1047
113.0	225.0	21297.8667
114.00000000000001	225.0	21449.1077
115.0	225.0	21656.2136
116.00000000000001	225.0	21917.2762
117.0	225.0	22230.1347
118.00000000000001	225.0	22592.4012
119.0	225.0	23001.4681
120.00000000000001	225.0	23454.4991
121.0	225.0	23948.4038
122.0	225.0	24479.8008
123.00000000000001	225.0	25044.9698
124.0	225.0	25639.7995
125.00000000000001	225.0	26259.735
126.0	225.0	26899.7285
127.00000000000001	225.0	27554.2004
128.0	225.0	28217.014
129.00000000000003	225.0	28881.4695
130.0	225.0	29540.3195
131.0	225.0	30185.8101
132.0	225.0	30809.7489
133.0	225.0	31403.6008
134.0	225.0	31958.6102
135.0	225.0	32465.9486
136.0	225.0	32916.8837
137.0	225.0	33302.966
138.00000000000003	225.0	33616.2276
139.0	225.0	33849.3863
140.0	225.0	33996.0486
140.99999999999997	225.0	34050.9045
142.00000000000003	225.0	34009.9063
143.0	225.0	33870.4244
144.0	225.0	33631.374
145.0	225.0	33293.3057
146.00000000000003	225.0	32858.4568
147.00000000000003	225.0	32330.7586
148.0	225.0	31715.7976
149.0	225.0	31020.7312
149.99999999999997	225.0	30254.158
151.00000000000003	225.0	29425.9456
152.0	225.0	28547.0206
153.0	225.0	27629.1265
154.0	225.0	26684.5562
155.00000000000003	225.0	25725.8675
156.00000000000003	225.0	24765.59
157.0	225.0	23815.9332
158.0	225.0	22888.5047
158.99999999999997	225.0	21994.0475
160.00000000000003	225.0	21142.2054
161.0	225.0	20341.3237
162.0	225.0	19598.292
163.0	225.0	18918.4335
164.00000000000003	225.0	18305.4452
165.00000000000003	225.0	17761.3895
166.0	225.0	17286.7386
167.0	225.0	16880.4676
167.99999999999997	225.0	16540.1945
169.00000000000003	225.0	16262.3611
169.99999999999997	225.0	16042.4473
170.99999999999997	225.0	15875.2123
172.0	225.0	15754.952
173.00000000000003	225.0	15675.7649
174.00000000000003	225.0	15631.8159
175.0	225.0	15617.5884
175.99999999999997	225.0	15628.1164
176.99999999999994	225.0	15659.1875
178.00000000000006	225.0	15707.5095
179.0000000000001	225.0	15770.8366
180.0	225.0	15848.0479
179.0000000000001	45.0	15939.1787
178.00000000000006	45.0	16045.4015
176.99999999999994	45.0	16168.9592
176.00000000000006	45.0	16313.0521
175.0	45.0	16481.6841
174.00000000000003	45.0	16679.4732
172.99999999999997	45.0	16911.4334
172.0	45.0	17182.7369
171.00000000000003	45.0	17498.4631
170.00000000000003	45.0	17863.3463
168.99999999999997	45.0	18281.529
167.99999999999997	45.0	18756.33
167.00000000000003	45.0	19290.0357
166.00000000000003	45.0	19883.722
165.00000000000003	45.0	20537.1124
163.99999999999997	45.0	21248.4771
163.0	45.0	22014.577
162.00000000000003	45.0	22830.6537
161.00000000000003	45.0	23690.4666
160.0	45.0	24586.3749
159.0	45.0	25509.462
158.00000000000003	45.0	26449.6991
157.00000000000003	45.0	27396.1412
156.00000000000003	45.0	28337.1509
154.99999999999997	45.0	29260.6423
154.0	45.0	30154.3383
153.00000000000003	45.0	31006.0327
152.0	45.0	31803.8517
150.99999999999997	45.0	32536.5063
150.0	45.0	33193.529
149.0	45.0	33765.4903
148.0	45.0	34244.1889
147.00000000000003	45.0	34622.812
146.0	45.0	34896.0633
145.0	45.0	35060.2563
144.00000000000003	45.0	35113.3725
143.0	45.0	35055.0849
142.0	45.0	34886.7471
140.99999999999997	45.0	34611.3515
140.00000000000003	45.0	34233.4582
139.00000000000003	45.0	33759.0976
138.00000000000003	45.0	33195.6511
137.0	45.0	32551.713
136.0	45.0	31836.9377
135.00000000000003	45.0	31061.875
134.00000000000003	45.0	30237.799
132.99999999999997	45.0	29376.5315
131.99999999999997	45.0	28490.264
131.00000000000003	45.0	27591.3812
130.00000000000003	45.0	26692.287
129.00000000000003	45.0	25805.2356
128.0	45.0	24942.1681
126.99999999999999	45.0	24114.5575
126.00000000000003	45.0	23333.2608
125.00000000000004	45.0	22608.3809
123.99999999999997	45.0	21949.1374
122.99999999999999	45.0	21363.748
122.0	45.0	20859.3215
121.0	45.0	20441.7618
120.00000000000001	45.0	20115.6859
119.0	45.0	19884.3554
118.00000000000001	45.0	19749.6241
117.00000000000003	45.0	19711.9016
116.00000000000004	45.0	19770.1368
115.0	45.0	19921.8197
114.00000000000001	45.0	20163.0056
113.00000000000001	45.0	20488.3612
112.00000000000003	45.0	20891.2331
111.00000000000004	45.0	21363.7417
110.0	45.0	21896.8961
109.00000000000001	45.0	22480.7339
108.00000000000003	45.0	23104.4807
107.00000000000004	45.0	23756.73
106.0	45.0	24425.6391
105.0	45.0	25099.1386
104.00000000000001	45.0	25765.1508
103.00000000000001	45.0	26411.8131
102.00000000000003	45.0	27027.7009
100.99999999999999	45.0	27602.0458
100.0	45.0	28124.9416
99.00000000000001	45.0	28587.5364
98.00000000000003	45.0	28982.2014
96.99999999999999	45.0	29302.676
96.0	45.0	29544.182
95.0	45.0	29703.5054
94.00000000000001	45.0	29779.0431
93.00000000000003	45.0	29770.8126
91.99999999999999	45.0	29680.4246
91.0	45.0	29511.0202
90.0	0.0	23397.3728
89.29291116952395	0.7071426817872533	23027.5216
88.58593006627854	1.4145007934175506	22738.8846
87.87916453235917	2.122289895867879	22536.0163
87.1727226397129	2.8307258121018455	22421.8909
86.4667128053692	3.540024757356371	22397.8386
85.76124390703504	4.250403468570711	22463.5048
85.05642539917308	4.962079332655645	22616.8354
84.3523674296794	5.675270513286652	22854.09
83.64918095727445	6.390196075887154	23169.8834
82.94697786971682	7.107076110446535	23557.258
82.24587110294536	7.826131851792348	24007.7874
81.54597476125012	8.547585796906942	24511.7108
80.84740423856572	9.271661818845425	25058.0989
80.15027634097487	9.998585276774412	25635.0479
79.45470941050044	10.728583121609057	26229.9016
78.76082345025607	11.461883996679509	26829.4959
78.0687402510143	12.198718332806749	27420.4235
77.37858351923944	12.939318437111838	27989.3116
76.69047900661849	13.683918574821595	28523.1084
76.00455464110858	14.432755043267381	29009.3695
75.32094065950206	15.186066237202516	29436.5385
74.63976974149092	15.944092704486447	29794.2136
73.96117714519126	16.707077191101824	30073.3922
73.28530084406378	17.47526467438212	30266.6853
72.61228166514054	18.2489023832344	30368.4968
71.94226342843773	19.028239804042187	30375.159
71.27539308740191	19.813528670829413	30285.02
70.61182087020094	20.605022938156644	30098.4799
69.95170042163069	21.402978735106455	29817.9718
69.29518894536457	22.207654298596484	29447.8885
68.64244734622547	23.019309884136224	28994.4546
67.99364037210603	23.838207652018653	28465.548
67.34893675510656	24.664611526811417	27870.4749
66.70850935139694	25.498787027884514	27219.7052
66.07253527924108	26.34100106858589	26524.5757
65.44119605454999	27.191521721553002	25796.9712
64.81467772324949	28.05061794753063	25048.9935
64.19317098966519	28.918559284955432	24292.629
63.57687134003648	29.79561549746857	23539.426
62.965979160175145	30.68205617643342	22800.1943
62.36069984618289	31.5781502954692	22084.7349
61.761243907035045	32.484165713968785	21401.6124
61.16782705772538	33.400368626554155	20757.9753
60.58067030155157	34.32702295544232	20159.4335
59.99999999999999	35.264389682754654	19609.9949
59.42604792856702	36.212726119908915	19112.0647
58.8590513167294	37.17228511139536	18666.5074
58.29925287015328	38.143314170462425	18272.7682
57.74690077310915	39.12605454453247	17929.0489
57.20224866894282	40.12074020854298	17632.5318
56.66555561634145	41.12759678487194	17379.6429
56.13708601903233	42.14684038906587	17166.3413
55.61710952646371	43.178676401255004	16988.426
55.10590090294487	44.223298163918535	16841.8448
54.60373986267208	45.28088560756104	16722.9935
54.11091086804023	46.3516038068849	16628.9913
53.62770288864506	47.435601471194154	16557.9211
53.154409118419395	48.53300937404573	16509.0233
52.691326648427214	49.643938728569864	16482.8332
52.23875609296496	50.76847951640774	16481.2553
51.79700116679687	51.90669877984987	16507.5692
51.36636821158484	53.05863888848747	16566.3647
50.94716566986906	54.22431579349069	16663.4074
50.539703505316	55.40371728447302	16805.437
50.14429256838126	56.59680126575802	16999.9055
49.76124390703504	57.80349407069134	17254.663
49.390868022772075	59.02368883439022	17577.6034
49.03347407277117	60.25724394694163	17976.2815
48.68936901978189	61.503981610489745	18457.517
48.35885673209022	62.76368652482927	19027.0004
48.04223703674405	64.03610472697835	19688.9157
47.73980473009234	65.32094261067617	20445.5967
47.45184855059514	66.61786615176922	21297.2302
47.178650119779434	67.92650036495783	22241.6202
46.920482858129056	69.2464290163152	23274.0231
46.677610883583455	70.57719461432482	24387.0642
46.450287901158305	71.91829869987819	25570.7407
46.23875609296496	73.2692024527246	26812.5131
46.043245018569806	74.62932762827676	28097.4877
45.86397053617525	75.99805783448308	29408.6827
45.701133755495384	77.37474015373697	30727.3753
45.554920033420714	78.7586871095844	32033.5164
45.42549802359849	80.14917897242118	33306.2038
45.31301879088406	81.5454663925662	34524.1965
45.21761500123496	82.94677334320139	35666.4565
45.1394001970194	84.35230034984485	36712.6981
45.07846816689916	85.76122797743554	37643.929
45.03489241843145	87.17272054092642	38442.9635
45.00872576033472	88.58593000067151	39094.8926
45.0	90.0	39587.4929
45.00872576033472	91.41406999932849	39911.5635
45.03489241843145	92.82727945907358	40061.1766
45.07846816689916	94.23877202256445	40033.8364
45.1394001970194	95.64769965015516	39830.5385
45.21761500123496	97.05322665679864	39455.7292
45.31301879088406	98.45453360743382	38917.1669
45.42549802359848	99.85082102757882	38225.689
45.554920033420714	101.2413128904156	37394.8931
45.701133755495384	102.62525984626303	36440.7445
45.86397053617525	104.00194216551692	35381.1216
46.043245018569806	105.37067237172324	34235.3159
46.238756092964955	106.73079754727539	33023.5033
46.450287901158305	108.08170130012182	31766.2041
46.677610883583455	109.42280538567519	30483.7486
46.920482858129056	110.7535709836848	29195.7681
47.178650119779434	112.07349963504215	27920.7241
47.45184855059512	113.38213384823077	26675.4928
47.73980473009234	114.67905738932384	25475.0162
48.04223703674405	115.96389527302166	24332.0295
48.3588567320902	117.23631347517073	23256.8715
48.68936901978189	118.49601838951025	22257.3827
49.03347407277117	119.74275605305839	21338.8898
49.39086802277208	120.9763111656098	20504.2761
49.76124390703504	122.19650592930867	19754.1307
50.14429256838125	123.40319873424197	19086.969
50.539703505316005	124.59628271552698	18499.5132
50.94716566986905	125.77568420650928	17987.0207
51.36636821158484	126.94136111151253	17543.6467
51.79700116679685	128.09330122015012	17162.8246
52.23875609296496	129.23152048359225	16837.6512
52.691326648427214	130.35606127143015	16561.2602
53.154409118419395	131.46699062595425	16327.1709
53.62770288864506	132.56439852880584	16129.5985
54.11091086804023	133.64839619311508	15963.716
54.60373986267208	134.71911439243897	15825.8589
55.10590090294487	135.7767018360815	15713.6659
55.617109526463715	136.821323598745	15626.1513
56.13708601903233	137.8531596109341	15563.7109
56.66555561634144	138.87240321512806	15528.0589
57.20224866894282	139.879259791457	15522.1037
57.74690077310915	140.87394545546752	15549.7669
58.29925287015328	141.85668582953758	15615.7549
58.8590513167294	142.82771488860465	15725.2928
59.42604792856702	143.7872738800911	15883.8323
59.99999999999999	144.73561031724535	16096.7454
60.58067030155157	145.6729770445577	16369.0161
61.16782705772538	146.59963137344585	16704.9426
61.76124390703503	147.5158342860312	17107.8612
62.36069984618289	148.4218497045308	17579.9023
62.96597916017513	149.31794382356657	18121.7875
63.57687134003648	150.20438450253144	18732.6748
64.19317098966519	151.08144071504458	19410.0581
64.81467772324949	151.9493820524694	20149.7227
65.44119605454999	152.808478278447	20945.7596
66.0725352792411	153.65899893141415	21790.6362
66.70850935139694	154.5012129721155	22675.3215
67.34893675510656	155.3353884731886	23589.4602
67.99364037210603	156.16179234798136	24521.5902
68.64244734622547	156.98069011586378	25459.3953
69.29518894536457	157.79234570140352	26389.9846
69.95170042163069	158.59702126489356	27300.1897
70.61182087020094	159.39497706184335	28176.8705
71.2753930874019	160.1864713291706	29007.2193
71.94226342843773	160.9717601959578	29779.0557
72.61228166514054	161.7510976167656	30481.1032
73.28530084406377	162.52473532561788	31103.2401
73.96117714519126	163.29292280889817	31636.7193
74.63976974149092	164.05590729551355	32074.352
75.32094065950206	164.8139337627975	32410.6511
76.00455464110858	165.56724495673262	32641.9332
76.6904790066185	166.31608142517842	32766.3776
77.37858351923944	167.06068156288816	32784.0439
78.0687402510143	167.80128166719328	32696.8478
78.76082345025605	168.5381160033205	32508.5005
79.45470941050044	169.27141687839094	32224.4123
80.15027634097487	170.0014147232256	31851.5669
80.84740423856572	170.72833818115458	31398.3684
81.54597476125012	171.45241420309307	30874.4675
82.24587110294536	172.17386814820765	30290.5706
82.94697786971682	172.8929238895535	29658.2365
83.64918095727445	173.60980392411287	28989.6646
84.3523674296794	174.32472948671335	28297.4794
85.05642539917308	175.03792066734437	27594.5134
85.76124390703502	175.7495965314293	26893.5926
86.4667128053692	176.45997524264365	26207.3273
87.17272263971289	177.16927418789817	25547.9091
87.87916453235917	177.87771010413212	24926.9176
88.58593006627854	178.58549920658245	24355.1379
89.29291116952395	179.29285731821275	23842.3901
90.0	180.0	23397.3728
90.70708883047607	180.70714268178725	23027.5216
91.41406993372146	181.41450079341755	22738.8846
92.12083546764083	182.12228989586788	22536.0163
92.82727736028711	182.83072581210183	22421.8909
93.5332871946308	183.54002475735635	22397.8386
94.23875609296496	184.2504034685707	22463.5048
94.94357460082692	184.96207933265563	22616.8354
95.64763257032061	185.67527051328665	22854.09
96.35081904272555	186.39019607588713	23169.8834
97.05302213028318	187.1070761104465	23557.258
97.75412889705464	187.82613185179233	24007.7874
98.45402523874989	188.54758579690696	24511.7108
99.15259576143428	189.27166181884542	25058.0989
99.84972365902512	189.9985852767744	25635.0479
100.54529058949956	190.72858312160906	26229.9016
101.23917654974393	191.4618839966795	26829.4959
101.93125974898571	192.19871833280675	27420.4235
102.62141648076054	192.93931843711184	27989.3116
103.30952099338153	193.68391857482158	28523.1084
103.99544535889142	194.43275504326738	29009.3695
104.67905934049796	195.18606623720254	29436.5385
105.36023025850908	195.94409270448645	29794.2136
106.03882285480874	196.7070771911018	30073.3922
106.71469915593623	197.4752646743821	30266.6853
107.38771833485946	198.2489023832344	30368.4968
108.05773657156229	199.0282398040422	30375.159
108.7246069125981	199.8135286708294	30285.02
109.38817912979906	200.60502293815665	30098.4799
110.04829957836931	201.40297873510644	29817.9718
110.70481105463544	202.20765429859648	29447.8885
111.35755265377453	203.01930988413622	28994.4546
112.00635962789397	203.83820765201864	28465.548
112.65106324489344	204.6646115268114	27870.4749
113.29149064860306	205.49878702788448	27219.7052
113.92746472075892	206.34100106858588	26524.5757
114.55880394545001	207.191521721553	25796.9712
115.18532227675053	208.05061794753064	25048.9935
115.8068290103348	208.91855928495542	24292.629
116.42312865996352	209.79561549746856	23539.426
117.03402083982486	210.68205617643343	22800.1943
117.63930015381712	211.5781502954692	22084.7349
118.23875609296496	212.48416571396876	21401.6124
118.83217294227461	213.40036862655413	20757.9753
119.41932969844842	214.32702295544232	20159.4335
120.00000000000001	215.26438968275463	19609.9949
120.573952071433	216.2127261199089	19112.0647
121.14094868327061	217.17228511139535	18666.5074
121.70074712984672	218.14331417046245	18272.7682
122.25309922689084	219.12605454453248	17929.0489
122.79775133105717	220.12074020854297	17632.5318
123.33444438365854	221.1275967848719	17379.6429
123.86291398096766	222.1468403890659	17166.3413
124.38289047353629	223.17867640125502	16988.426
124.89409909705513	224.2232981639185	16841.8448
125.39626013732791	225.28088560756103	16722.9935
125.88908913195978	226.35160380688492	16628.9913
126.37229711135494	227.43560147119416	16557.9211
126.84559088158062	228.53300937404572	16509.0233
127.30867335157278	229.64393872856982	16482.8332
127.76124390703504	230.7684795164077	16481.2553
128.20299883320317	231.90669877984988	16507.5692
128.6336317884152	233.05863888848748	16566.3647
129.05283433013093	234.2243157934907	16663.4074
129.460296494684	235.40371728447298	16805.437
129.85570743161875	236.59680126575802	16999.9055
130.23875609296496	237.80349407069136	17254.663
130.60913197722795	239.0236888343902	17577.6034
130.96652592722884	240.25724394694157	17976.2815
131.31063098021812	241.50398161048972	18457.517
131.6411432679098	242.7636865248293	19027.0004
131.95776296325596	244.03610472697835	19688.9157
132.26019526990768	245.32094261067616	20445.5967
132.54815144940486	246.6178661517692	21297.2302
132.8213498802206	247.92650036495786	22241.6202
133.07951714187095	249.2464290163152	23274.0231
133.32238911641656	250.5771946143248	24387.0642
133.5497120988417	251.91829869987816	25570.7407
133.76124390703504	253.26920245272458	26812.5131
133.9567549814302	254.62932762827677	28097.4877
134.13602946382477	255.99805783448306	29408.6827
134.2988662445046	257.374740153737	30727.3753
134.44507996657927	258.75868710958434	32033.5164
134.57450197640154	260.14917897242117	33306.2038
134.68698120911597	261.5454663925662	34524.1965
134.78238499876502	262.94677334320136	35666.4565
134.8605998029806	264.3523003498448	36712.6981
134.92153183310086	265.7612279774355	37643.929
134.96510758156856	267.17272054092643	38442.9635
134.99127423966527	268.5859300006715	39094.8926
135.0	270.0	39587.4929
134.99127423966527	271.4140699993285	39911.5635
134.96510758156856	272.82727945907357	40061.1766
134.92153183310086	274.2387720225645	40033.8364
134.8605998029806	275.6476996501551	39830.5385
134.78238499876502	277.0532266567986	39455.7292
134.68698120911597	278.45453360743375	38917.1669
134.57450197640154	279.85082102757883	38225.689
134.44507996657927	281.2413128904156	37394.8931
134.2988662445046	282.625259846263	36440.7445
134.13602946382477	284.0019421655169	35381.1216
133.9567549814302	285.37067237172323	34235.3159
133.76124390703504	286.7307975472754	33023.5033
133.5497120988417	288.08170130012184	31766.2041
133.32238911641656	289.42280538567513	30483.7486
133.07951714187095	290.75357098368477	29195.7681
132.82134988022057	292.0734996350422	27920.7241
132.54815144940488	293.38213384823075	26675.4928
132.26019526990768	294.6790573893238	25475.0162
131.95776296325596	295.9638952730216	24332.0295
131.6411432679098	297.23631347517073	23256.8715
131.31063098021812	298.49601838951025	22257.3827
130.96652592722884	299.7427560530584	21338.8898
130.60913197722795	300.9763111656098	20504.2761
130.23875609296496	302.1965059293086	19754.1307
129.85570743161873	303.403198734242	19086.969
129.46029649468403	304.59628271552697	18499.5132
129.05283433013096	305.7756842065093	17987.0207
128.6336317884152	306.9413611115125	17543.6467
128.20299883320317	308.0933012201501	17162.8246
127.76124390703505	309.23152048359225	16837.6512
127.3086733515728	310.3560612714301	16561.2602
126.84559088158062	311.4669906259543	16327.1709
126.37229711135495	312.5643985288058	16129.5985
125.88908913195978	313.6483961931151	15963.716
125.39626013732794	314.71911439243894	15825.8589
124.89409909705515	315.77670183608143	15713.6659
124.38289047353632	316.821323598745	15626.1513
123.86291398096766	317.85315961093414	15563.7109
123.33444438365856	318.8724032151281	15528.0589
122.7977513310572	319.879259791457	15522.1037
122.25309922689087	320.8739454554675	15549.7669
121.70074712984675	321.8566858295375	15615.7549
121.14094868327061	322.82771488860465	15725.2928
120.57395207143298	323.7872738800911	15883.8323
120.00000000000001	324.73561031724535	16096.7454
119.41932969844845	325.6729770445577	16369.0161
118.83217294227461	326.59963137344585	16704.9426
118.23875609296496	327.51583428603124	17107.8612
117.63930015381712	328.4218497045308	17579.9023
117.03402083982486	329.31794382356657	18121.7875
116.42312865996352	330.2043845025314	18732.6748
115.8068290103348	331.08144071504455	19410.0581
115.18532227675053	331.9493820524694	20149.7227
114.55880394545002	332.808478278447	20945.7596
113.92746472075895	333.6589989314141	21790.6362
113.29149064860304	334.5012129721155	22675.3215
112.65106324489344	335.3353884731886	23589.4602
112.00635962789399	336.16179234798136	24521.5902
111.35755265377455	336.98069011586375	25459.3953
110.70481105463546	337.79234570140346	26389.9846
110.04829957836931	338.59702126489356	27300.1897
109.38817912979906	339.39497706184335	28176.8705
108.7246069125981	340.18647132917056	29007.2193
108.05773657156229	340.9717601959578	29779.0557
107.38771833485946	341.7510976167656	30481.1032
106.71469915593623	342.5247353256179	31103.2401
106.03882285480876	343.2929228088982	31636.7193
105.36023025850909	344.0559072955135	32074.352
104.67905934049797	344.8139337627975	32410.6511
103.99544535889142	345.5672449567326	32641.9332
103.30952099338151	346.3160814251784	32766.3776
102.62141648076056	347.06068156288813	32784.0439
101.93125974898572	347.8012816671932	32696.8478
101.23917654974393	348.5381160033205	32508.5005
100.54529058949956	349.27141687839094	32224.4123
99.84972365902513	350.0014147232256	31851.5669
99.15259576143428	350.7283381811546	31398.3684
98.4540252387499	351.45241420309304	30874.4675
97.75412889705464	352.17386814820765	30290.5706
97.05302213028318	352.89292388955346	29658.2365
96.35081904272556	353.60980392411284	28989.6646
95.64763257032062	354.32472948671335	28297.4794
94.94357460082692	355.03792066734434	27594.5134
94.23875609296496	355.7495965314293	26893.5926
93.53328719463082	356.4599752426436	26207.3273
92.82727736028713	357.16927418789817	25547.9091
92.12083546764086	357.8777101041321	24926.9176
91.41406993372146	358.5854992065825	24355.1379
90.70708883047607	359.2928573182127	23842.3901
90.0	90.0	15830.3219
89.29291116952395	89.29285731821274	15691.7677
88.58593006627854	88.58549920658245	15598.192
87.87916453235917	87.87771010413212	15550.7844
87.1727226397129	87.16927418789815	15549.8965
86.4667128053692	86.45997524264364	15595.0398
85.76124390703504	85.74959653142929	15684.9134
85.05642539917308	85.03792066734437	15817.4605
84.3523674296794	84.32472948671335	15989.9493
83.64918095727445	83.60980392411285	16199.0765
82.94697786971682	82.89292388955346	16441.0865
82.24587110294536	82.17386814820766	16711.9022
81.54597476125012	81.45241420309306	17007.2616
80.84740423856572	80.72833818115458	17322.8518
80.15027634097487	80.0014147232256	17654.4384
79.45470941050044	79.27141687839094	17997.9807
78.76082345025607	78.5381160033205	18349.7307
78.0687402510143	77.80128166719327	18706.3109
77.37858351923944	77.06068156288816	19064.7674
76.69047900661849	76.31608142517841	19422.5985
76.00455464110858	75.56724495673262	19777.756
75.32094065950206	74.81393376279749	20128.6222
74.63976974149092	74.05590729551355	20473.9637
73.96117714519126	73.29292280889818	20812.8656
73.28530084406378	72.52473532561788	21144.65
72.61228166514054	71.7510976167656	21468.785
71.94226342843773	70.97176019595781	21784.7879
71.27539308740191	70.18647132917059	22092.1302
70.61182087020094	69.39497706184336	22390.1494
69.95170042163069	68.59702126489356	22677.9728
69.29518894536457	67.79234570140352	22954.4589
68.64244734622547	66.98069011586378	23218.1596
67.99364037210603	66.16179234798135	23467.3067
67.34893675510656	65.33538847318859	23699.8249
66.70850935139694	64.50121297211548	23913.3701
66.07253527924108	63.65899893141411	24105.3944
65.44119605454999	62.808478278447	24273.2332
64.81467772324949	61.94938205246937	24414.2127
64.19317098966519	61.081440715044565	24525.7722
63.57687134003648	60.20438450253143	24605.5958
62.965979160175145	59.31794382356658	24651.7478
62.36069984618289	58.4218497045308	24662.8041
61.761243907035045	57.515834286031215	24637.9739
61.16782705772538	56.59963137344585	24577.2051
60.58067030155157	55.67297704455769	24481.2666
59.99999999999999	54.735610317245346	24351.8031
59.42604792856702	53.787273880091085	24191.3588
58.8590513167294	52.827714888604646	24003.3655
58.29925287015328	51.85668582953758	23792.0956
57.74690077310915	50.87394545546753	23562.5794
57.20224866894282	49.87925979145702	23320.4882
56.66555561634145	48.87240321512806	23071.9871
56.13708601903233	47.85315961093413	22823.5624
55.61710952646371	46.821323598745	22581.8283
55.10590090294487	45.776701836081465	22353.3215
54.60373986267208	44.71911439243896	22144.2913
54.11091086804023	43.6483961931151	21960.4917
53.62770288864506	42.564398528805846	21806.9863
53.154409118419395	41.46699062595427	21687.9717
52.691326648427214	40.356061271430136	21606.6287
52.23875609296496	39.23152048359226	21565.0063
51.79700116679687	38.09330122015014	21563.9444
51.36636821158484	36.941361111512535	21603.0392
50.94716566986906	35.77568420650932	21680.6531
50.539703505316	34.59628271552699	21793.9686
50.14429256838126	33.40319873424199	21939.0869
49.76124390703504	32.19650592930866	22111.1656
49.390868022772075	30.976311165609783	22304.5921
49.03347407277117	29.742756053058372	22513.1854
48.68936901978189	28.496018389510258	22730.4202
48.35885673209022	27.236313475170732	22949.6623
48.04223703674405	25.963895273021652	23164.4085
47.73980473009234	24.679057389323834	23368.5201
47.45184855059514	23.382133848230776	23556.442
47.178650119779434	22.07349963504216	23723.3977
46.920482858129056	20.753570983684796	23865.5526
46.677610883583455	19.422805385675183	23980.14
46.450287901158305	18.08170130012181	24065.5436
46.23875609296496	16.730797547275397	24121.3343
46.043245018569806	15.370672371723243	24148.2583
45.86397053617525	14.001942165516926	24148.1794
45.701133755495384	12.625259846263035	24123.9755
45.554920033420714	11.241312890415616	24079.3955
45.42549802359849	9.850821027578828	24018.8808
45.31301879088406	8.454533607433808	23947.3608
45.21761500123496	7.053226656798624	23870.0293
45.1394001970194	5.647699650155149	23792.1114
45.07846816689916	4.238772022564465	23718.6313
45.03489241843145	2.8272794590735852	23654.1902
45.00872576033472	1.414069999328503	23602.7631
45.0	4.961562726608714e-15	23567.5244
45.00872576033472	358.5859300006715	23550.7074
45.03489241843145	357.17272054092643	23553.5068
45.07846816689916	355.76122797743557	23576.0248
45.1394001970194	354.3523003498448	23617.2658
45.21761500123496	352.94677334320136	23675.1792
45.31301879088406	351.5454663925662	23746.748
45.42549802359848	350.14917897242117	23828.1206
45.554920033420714	348.7586871095844	23914.78
45.701133755495384	347.374740153737	24001.7428
45.86397053617525	345.99805783448306	24083.7817
46.043245018569806	344.62932762827677	24155.6593
46.238756092964955	343.26920245272464	24212.3667
46.450287901158305	341.91829869987816	24249.3547
46.677610883583455	340.5771946143248	24262.7486
46.920482858129056	339.2464290163152	24249.538
47.178650119779434	337.92650036495786	24207.7332
47.45184855059512	336.61786615176925	24136.4814
47.73980473009234	335.3209426106762	24036.1377
48.04223703674405	334.03610472697835	23908.2884
48.3588567320902	332.76368652482927	23755.7242
48.68936901978189	331.50398161048975	23582.365
49.03347407277117	330.2572439469416	23393.138
49.39086802277208	329.0236888343902	23193.8152
49.76124390703504	327.80349407069133	22990.8151
50.14429256838125	326.596801265758	22790.9772
50.539703505316005	325.40371728447303	22601.3175
50.94716566986905	324.2243157934907	22428.7748
51.36636821158484	323.05863888848745	22279.958
51.79700116679685	321.9066987798499	22160.9034
52.23875609296496	320.76847951640775	22076.8521
52.691326648427214	319.6439387285699	22032.0557
53.154409118419395	318.5330093740457	22029.6175
53.62770288864506	317.43560147119416	22071.3755
54.11091086804023	316.3516038068849	22157.8314
54.60373986267208	315.28088560756106	22288.1271
55.10590090294487	314.2232981639185	22460.0708
55.617109526463715	313.17867640125496	22670.2097
56.13708601903233	312.14684038906586	22913.9461
56.66555561634144	311.12759678487197	23185.6935
57.20224866894282	310.120740208543	23479.0639
57.74690077310915	309.1260545445325	23787.0805
58.29925287015328	308.1433141704624	24102.4059
58.8590513167294	307.17228511139535	24417.5784
59.42604792856702	306.2127261199089	24725.2454
59.99999999999999	305.26438968275465	25018.3863
60.58067030155157	304.3270229554423	25290.5163
61.16782705772538	303.40036862655415	25535.8637
61.76124390703503	302.4841657139688	25749.5147
62.36069984618289	301.5781502954692	25927.5211
62.96597916017513	300.68205617643343	26066.9679
63.57687134003648	299.7956154974686	26165.9998
64.19317098966519	298.91855928495545	26223.806
64.81467772324949	298.0506179475306	26240.5676
65.44119605454999	297.191521721553	26217.3691
66.0725352792411	296.3410010685859	26156.0806
66.70850935139694	295.49878702788453	26059.2164
67.34893675510656	294.6646115268114	25929.7768
67.99364037210603	293.83820765201864	25771.0817
68.64244734622547	293.0193098841362	25586.6023
69.29518894536457	292.2076542985965	25379.8
69.95170042163069	291.40297873510644	25153.9783
70.61182087020094	290.60502293815665	24912.1546
71.2753930874019	289.81352867082944	24656.9576
71.94226342843773	289.0282398040422	24390.5527
72.61228166514054	288.2489023832344	24114.5997
73.28530084406377	287.4752646743821	23830.2422
73.96117714519126	286.7070771911018	23538.1293
74.63976974149092	285.9440927044865	23238.467
75.32094065950206	285.1860662372025	22931.0958
76.00455464110858	284.4327550432674	22615.5903
76.6904790066185	283.6839185748216	22291.3747
77.37858351923944	282.93931843711187	21957.8489
78.0687402510143	282.1987183328067	21614.5166
78.76082345025605	281.4618839966795	21261.1118
79.45470941050044	280.72858312160906	20897.7135
80.15027634097487	279.9985852767744	20524.8458
80.84740423856572	279.2716618188454	20143.556
81.54597476125012	278.54758579690696	19755.468
82.24587110294536	277.82613185179235	19362.8071
82.94697786971682	277.10707611044654	18968.395
83.64918095727445	276.39019607588716	18575.6149
84.3523674296794	275.67527051328665	18188.3474
85.05642539917308	274.96207933265566	17810.8805
85.76124390703502	274.2504034685707	17447.7966
86.4667128053692	273.5400247573564	17103.842
87.17272263971289	272.83072581210183	16783.7838
87.87916453235917	272.1222898958679	16492.2615
88.58593006627854	271.4145007934176	16233.6382
89.29291116952395	270.7071426817872	16011.859
90.0	270.0	15830.3219
90.70708883047607	269.2928573182127	15691.7677
91.41406993372146	268.5854992065824	15598.192
92.12083546764083	267.8777101041321	15550.7844
92.82727736028711	267.16927418789817	15549.8965
93.5332871946308	266.4599752426436	15595.0398
94.23875609296496	265.7495965314293	15684.9134
94.94357460082692	265.03792066734434	15817.4605
95.64763257032061	264.32472948671335	15989.9493
96.35081904272555	263.60980392411284	16199.0765
97.05302213028318	262.89292388955346	16441.0865
97.75412889705464	262.17386814820765	16711.9022
98.45402523874989	261.45241420309304	17007.2616
99.15259576143428	260.7283381811546	17322.8518
99.84972365902512	260.0014147232256	17654.4384
100.54529058949956	259.27141687839094	17997.9807
101.23917654974393	258.5381160033205	18349.7307
101.93125974898571	257.8012816671933	18706.3109
102.62141648076054	257.06068156288813	19064.7674
103.30952099338153	256.31608142517837	19422.5985
103.99544535889142	255.56724495673262	19777.756
104.67905934049796	254.8139337627975	20128.6222
105.36023025850908	254.05590729551355	20473.9637
106.03882285480874	253.2929228088982	20812.8656
106.71469915593623	252.52473532561788	21144.65
107.38771833485946	251.7510976167656	21468.785
108.05773657156229	250.9717601959578	21784.7879
108.7246069125981	250.18647132917056	22092.1302
109.38817912979906	249.39497706184335	22390.1494
110.04829957836931	248.59702126489356	22677.9728
110.70481105463544	247.79234570140352	22954.4589
111.35755265377453	246.98069011586378	23218.1596
112.00635962789397	246.16179234798136	23467.3067
112.65106324489344	245.33538847318857	23699.8249
113.29149064860306	244.50121297211547	23913.3701
113.92746472075892	243.6589989314141	24105.3944
114.55880394545001	242.808478278447	24273.2332
115.18532227675053	241.9493820524694	24414.2127
115.8068290103348	241.08144071504458	24525.7722
116.42312865996352	240.2043845025314	24605.5958
117.03402083982486	239.31794382356657	24651.7478
117.63930015381712	238.4218497045308	24662.8041
118.23875609296496	237.5158342860312	24637.9739
118.83217294227461	236.59963137344585	24577.2051
119.41932969844842	235.67297704455768	24481.2666
120.00000000000001	234.73561031724535	24351.8031
120.573952071433	233.78727388009108	24191.3588
121.14094868327061	232.82771488860465	24003.3655
121.70074712984672	231.85668582953755	23792.0956
122.25309922689084	230.87394545546752	23562.5794
122.79775133105717	229.879259791457	23320.4882
123.33444438365854	228.8724032151281	23071.9871
123.86291398096766	227.8531596109341	22823.5624
124.38289047353629	226.82132359874498	22581.8283
124.89409909705513	225.7767018360815	22353.3215
125.39626013732791	224.71911439243897	22144.2913
125.88908913195978	223.64839619311508	21960.4917
126.37229711135494	222.56439852880584	21806.9863
126.84559088158062	221.46699062595428	21687.9717
127.30867335157278	220.35606127143015	21606.6287
127.76124390703504	219.23152048359228	21565.0063
128.20299883320317	218.0933012201501	21563.9444
128.6336317884152	216.94136111151252	21603.0392
129.05283433013093	215.7756842065093	21680.6531
129.460296494684	214.59628271552702	21793.9686
129.85570743161875	213.40319873424195	21939.0869
130.23875609296496	212.19650592930864	22111.1656
130.60913197722795	210.9763111656098	22304.5921
130.96652592722884	209.74275605305837	22513.1854
131.31063098021812	208.49601838951028	22730.4202
131.6411432679098	207.2363134751707	22949.6623
131.95776296325596	205.96389527302162	23164.4085
132.26019526990768	204.67905738932384	23368.5201
132.54815144940486	203.38213384823078	23556.442
132.8213498802206	202.07349963504214	23723.3977
133.07951714187095	200.75357098368477	23865.5526
133.32238911641656	199.4228053856752	23980.14
133.5497120988417	198.08170130012184	24065.5436
133.76124390703504	196.73079754727542	24121.3343
133.9567549814302	195.3706723717232	24148.2583
134.13602946382477	194.0019421655169	24148.1794
134.2988662445046	192.62525984626305	24123.9755
134.44507996657927	191.24131289041563	24079.3955
134.57450197640154	189.8508210275788	24018.8808
134.68698120911597	188.4545336074338	23947.3608
134.78238499876502	187.0532266567986	23870.0293
134.8605998029806	185.64769965015518	23792.1114
134.92153183310086	184.2387720225645	23718.6313
134.96510758156856	182.82727945907357	23654.1902
134.99127423966527	181.4140699993285	23602.7631
135.0	180.0	23567.5244
134.99127423966527	178.58593000067157	23550.7074
134.96510758156856	177.1727205409264	23553.5068
134.92153183310086	175.76122797743554	23576.0248
134.8605998029806	174.35230034984485	23617.2658
134.78238499876502	172.94677334320141	23675.1792
134.68698120911597	171.54546639256625	23746.748
134.57450197640154	170.14917897242117	23828.1206
134.44507996657927	168.7586871095844	23914.78
134.2988662445046	167.37474015373698	24001.7428
134.13602946382477	165.9980578344831	24083.7817
133.9567549814302	164.62932762827674	24155.6593
133.76124390703504	163.2692024527246	24212.3667
133.5497120988417	161.9182986998782	24249.3547
133.32238911641656	160.57719461432484	24262.7486
133.07951714187095	159.24642901631526	24249.538
132.82134988022057	157.92650036495783	24207.7332
132.54815144940488	156.61786615176925	24136.4814
132.26019526990768	155.32094261067618	24036.1377
131.95776296325596	154.03610472697838	23908.2884
131.6411432679098	152.76368652482927	23755.7242
131.31063098021812	151.50398161048975	23582.365
130.96652592722884	150.25724394694163	23393.138
130.60913197722795	149.02368883439024	23193.8152
130.23875609296496	147.80349407069139	22990.8151
129.85570743161873	146.596801265758	22790.9772
129.46029649468403	145.403717284473	22601.3175
129.05283433013096	144.22431579349072	22428.7748
128.6336317884152	143.0586388884875	22279.958
128.20299883320317	141.90669877984988	22160.9034
127.76124390703505	140.76847951640775	22076.8521
127.3086733515728	139.64393872856988	22032.0557
126.84559088158062	138.53300937404575	22029.6175
126.37229711135495	137.4356014711942	22071.3755
125.88908913195978	136.35160380688492	22157.8314
125.39626013732794	135.28088560756106	22288.1271
124.89409909705515	134.22329816391854	22460.0708
124.38289047353632	133.17867640125502	22670.2097
123.86291398096766	132.14684038906586	22913.9461
123.33444438365856	131.12759678487194	23185.6935
122.7977513310572	130.120740208543	23479.0639
122.25309922689087	129.12605454453248	23787.0805
121.70074712984675	128.14331417046245	24102.4059
121.14094868327061	127.17228511139534	24417.5784
120.57395207143298	126.21272611990892	24725.2454
120.00000000000001	125.26438968275468	25018.3863
119.41932969844845	124.32702295544235	25290.5163
118.83217294227461	123.40036862655414	25535.8637
118.23875609296496	122.48416571396879	25749.5147
117.63930015381712	121.57815029546921	25927.5211
117.03402083982486	120.68205617643345	26066.9679
116.42312865996352	119.79561549746859	26165.9998
115.8068290103348	118.91855928495542	26223.806
115.18532227675053	118.05061794753063	26240.5676
114.55880394545002	117.19152172155302	26217.3691
113.92746472075895	116.34100106858591	26156.0806
113.29149064860304	115.49878702788452	26059.2164
112.65106324489344	114.66461152681141	25929.7768
112.00635962789399	113.83820765201867	25771.0817
111.35755265377455	113.01930988413625	25586.6023
110.70481105463546	112.20765429859652	25379.8
110.04829957836931	111.40297873510644	25153.9783
109.38817912979906	110.60502293815665	24912.1546
108.7246069125981	109.81352867082943	24656.9576
108.05773657156229	109.02823980404222	24390.5527
107.38771833485946	108.2489023832344	24114.5997
106.71469915593623	107.47526467438213	23830.2422
106.03882285480876	106.70707719110183	23538.1293
105.36023025850909	105.94409270448648	23238.467
104.67905934049797	105.18606623720254	22931.0958
103.99544535889142	104.43275504326738	22615.5903
103.30952099338151	103.68391857482159	22291.3747
102.62141648076056	102.93931843711185	21957.8489
101.93125974898572	102.19871833280676	21614.5166
101.23917654974393	101.4618839966795	21261.1118
100.54529058949956	100.72858312160906	20897.7135
99.84972365902513	99.99858527677442	20524.8458
99.15259576143428	99.27166181884544	20143.556
98.4540252387499	98.54758579690696	19755.468
97.75412889705464	97.82613185179234	19362.8071
97.05302213028318	97.10707611044654	18968.395
96.35081904272556	96.39019607588716	18575.6149
95.64763257032062	95.67527051328666	18188.3474
94.94357460082692	94.96207933265563	17810.8805
94.23875609296496	94.25040346857071	17447.7966
93.53328719463082	93.54002475735638	17103.842
92.82727736028713	92.83072581210186	16783.7838
92.12083546764086	92.12228989586791	16492.2615
91.41406993372146	91.41450079341756	16233.6382
90.70708883047607	90.70714268178726	16011.859
90.0	0.0	15346.4465
90.0	1.0	15181.0756
90.0	2.0	15069.9511
90.0	3.0000000000000004	15012.8131
90.0	4.0	15009.0891
90.0	5.0	15057.944
90.0	6.000000000000001	15158.3261
90.0	7.0	15309.0043
90.0	8.0	15508.5987
90.0	9.0	15755.5997
90.0	10.0	16048.3782
90.0	11.0	16385.1859
90.0	12.0	16764.1468
90.0	13.0	17183.2405
90.0	14.0	17640.2808
90.0	14.999999999999998	18132.8894
90.0	16.0	18658.4696
90.0	17.000000000000004	19214.1803
90.0	18.0	19796.9143
90.0	19.0	20403.2827
90.0	20.0	21029.6073
90.0	21.0	21671.9233
90.0	22.0	22325.9926
90.0	23.0	22987.3302
90.0	24.000000000000004	23651.2416
90.0	25.0	24312.8726
90.0	26.0	24967.2696
90.0	26.999999999999996	25609.4491
90.0	28.0	26234.4745
90.0	29.000000000000004	26837.5373
90.0	29.999999999999996	27414.0407
90.0	31.0	27959.6822
90.0	32.0	28470.5326
90.0	33.0	28943.108
90.0	34.00000000000001	29374.4338
90.0	35.0	29762.0959
90.0	36.0	30104.28
90.0	37.0	30399.7962
90.0	38.0	30648.0878
90.0	39.0	30849.2258
90.0	40.0	31003.8885
90.0	41.0	31113.3272
90.0	42.0	31179.3209
90.0	43.0	31204.12
90.0	44.0	31190.384
90.0	45.0	31141.114
90.0	46.00000000000001	31059.5833
90.0	47.0	30949.2695
90.0	48.00000000000001	30813.7902
90.0	49.00000000000001	30656.8442
90.0	50.0	30482.1617
90.0	51.0	30293.4629
90.0	52.0	30094.4277
90.0	53.0	29888.6755
90.0	54.0	29679.7559
90.0	55.0	29471.1478
90.0	56.0	29266.2673
90.0	57.00000000000001	29068.4805
90.0	58.00000000000001	28881.1206
90.0	59.00000000000001	28707.5046
90.0	59.99999999999999	28550.949
90.0	61.0	28414.7799
90.0	62.0	28302.3361
90.0	63.0	28216.9618
90.0	64.0	28161.9883
90.0	65.0	28140.7022
90.0	66.0	28156.3006
90.0	67.0	28211.8319
90.0	68.0	28310.1253
90.0	69.0	28453.7077
90.0	70.0	28644.7135
90.0	71.0	28884.7878
90.0	72.0	29174.9874
90.0	73.0	29515.6849
90.0	74.0	29906.4777
90.0	75.0	30346.1082
90.0	76.0	30832.3987
90.0	77.0	31362.2057
90.0	78.0	31931.3953
90.0	79.0	32534.8456
90.0	80.0	33166.4753
90.0	81.0	33819.3012
90.0	82.0	34485.5258
90.0	83.0	35156.6512
90.0	84.0	35823.6212
90.0	85.0	36476.9857
90.0	86.0	37107.0851
90.0	87.0	37704.25
90.0	88.0	38259.0097
90.0	89.0	38762.3056
90.0	90.0	39205.7006
90.0	91.0	39581.5812
90.0	92.0	39883.3433
90.0	93.0	40105.5577
90.0	94.0	40244.109
90.0	95.0	40296.3043
90.0	96.00000000000001	40260.9464
90.0	97.0	40138.371
90.0	98.0	39930.4452
90.0	99.0	39640.5266
90.0	100.0	39273.3862
90.0	101.0	38835.0953
90.0	102.0	38332.8803
90.0	103.0	37774.9505
90.0	104.0	37170.3038
90.0	105.00000000000001	36528.5156
90.0	106.0	35859.5185
90.0	107.0	35173.3776
90.0	108.0	34480.0709
90.0	109.0	33789.2776
90.0	110.0	33110.1827
90.0	111.0	32451.3031
90.0	112.0	31820.3377
90.0	113.0	31224.0469
90.0	114.00000000000001	30668.1629
90.0	115.0	30157.3324
90.0	116.00000000000001	29695.0914
90.0	117.0	29283.8711
90.0	118.00000000000001	28925.0335
90.0	119.0	28618.932
90.0	119.99999999999999	28364.9959
90.0	121.0	28161.8308
90.0	122.0	28007.3338
90.0	123.00000000000001	27898.8151
90.0	124.0	27833.1231
90.0	125.00000000000001	27806.7674
90.0	126.0	27816.0346
90.0	127.00000000000001	27857.0947
90.0	128.0	27926.0918
90.0	129.0	28019.2205
90.0	130.0	28132.7831
90.0	131.0	28263.2289
90.0	132.0	28407.1753
90.0	133.0	28561.4113
90.0	134.0	28722.8866
90.0	135.0	28888.6877
90.0	136.0	29056.0039
90.0	137.0	29222.089
90.0	138.0	29384.2183
90.0	139.0	29539.6491
90.0	140.0	29685.5846
90.0	141.0	29819.1462
90.0	142.0	29937.3567
90.0	143.0	30037.1359
90.0	144.0	30115.3111
90.0	145.0	30168.6413
90.0	146.0	30193.8574
90.0	147.0	30187.7149
90.0	148.0	30147.0601
90.0	149.0	30068.9045
90.0	150.0	29950.508
90.0	151.0	29789.464
90.0	152.0	29583.7857
90.0	153.0	29331.989
90.0	154.0	29033.1671
90.0	155.0	28687.0557
90.0	156.0	28294.0842
90.0	157.0	27855.4105
90.0	158.0	27372.938
90.0	159.0	26849.3135
90.0	160.0	26287.9046
90.0	161.0	25692.7583
90.0	162.0	25068.5407
90.0	163.0	24420.4601
90.0	164.0	23754.1757
90.0	165.0	23075.695
90.0	166.0	22391.2628
90.0	167.0	21707.2458
90.0	168.0	21030.0168
90.0	169.0	20365.8409
90.0	170.0	19720.7695
90.0	171.0	19100.5419
90.0	172.0	18510.5015
90.0	173.0	17955.5241
90.0	174.0	17439.9641
90.0	175.0	16967.6167
90.0	176.0	16541.6964
90.0	177.0	16164.8336
90.0	178.0	15839.085
90.0	179.0	15565.9579
90.0	180.0	15346.4465
90.0	181.0	15181.0756
90.0	181.99999999999997	15069.9511
90.0	182.99999999999997	15012.8131
90.0	183.99999999999997	15009.0891
90.0	184.99999999999997	15057.944
90.0	185.99999999999997	15158.3261
90.0	186.99999999999997	15309.0043
90.0	188.0	15508.5987
90.0	188.99999999999997	15755.5997
90.0	190.0	16048.3782
90.0	190.99999999999997	16385.1859
90.0	192.0	16764.1468
90.0	192.99999999999997	17183.2405
90.0	193.99999999999997	17640.2808
90.0	194.99999999999997	18132.8894
90.0	195.99999999999997	18658.4696
90.0	197.0	19214.1803
90.0	197.99999999999997	19796.9143
90.0	199.0	20403.2827
90.0	199.99999999999997	21029.6073
90.0	201.0	21671.9233
90.0	201.99999999999997	22325.9926
90.0	203.0	22987.3302
90.0	203.99999999999997	23651.2416
90.0	204.99999999999997	24312.8726
90.0	206.0	24967.2696
90.0	206.99999999999997	25609.4491
90.0	208.0	26234.4745
90.0	208.99999999999997	26837.5373
90.0	210.0	27414.0407
90.0	210.99999999999997	27959.6822
90.0	212.0	28470.5326
90.0	212.99999999999997	28943.108
90.0	214.0	29374.4338
90.0	215.0	29762.0959
90.0	216.0	30104.28
90.0	217.0	30399.7962
90.0	217.99999999999997	30648.0878
90.0	219.00000000000003	30849.2258
90.0	219.99999999999997	31003.8885
90.0	220.99999999999997	31113.3272
90.0	221.99999999999997	31179.3209
90.0	223.0	31204.12
90.0	224.0	31190.384
90.0	224.99999999999997	31141.114
90.0	226.0	31059.5833
90.0	227.0	30949.2695
90.0	228.0	30813.7902
90.0	229.0	30656.8442
90.0	230.0	30482.1617
90.0	230.99999999999997	30293.4629
90.0	232.00000000000003	30094.4277
90.0	233.0	29888.6755
90.0	233.99999999999997	29679.7559
90.0	234.99999999999994	29471.1478
90.0	236.0	29266.2673
90.0	237.0	29068.4805
90.0	238.0	28881.1206
90.0	239.0	28707.5046
90.0	239.99999999999994	28550.949
90.0	241.0	28414.7799
90.0	242.0	28302.3361
90.0	242.99999999999997	28216.9618
90.0	243.99999999999994	28161.9883
90.0	245.0	28140.7022
90.0	246.0	28156.3006
90.0	247.0	28211.8319
90.0	248.0	28310.1253
90.0	248.99999999999997	28453.7077
90.0	250.0	28644.7135
90.0	251.0	28884.7878
90.0	252.0	29174.9874
90.0	252.99999999999997	29515.6849
90.0	254.0	29906.4777
90.0	255.0	30346.1082
90.0	256.0	30832.3987
90.0	257.0	31362.2057
90.0	258.0	31931.3953
90.0	259.0	32534.8456
90.0	260.0	33166.4753
90.0	261.0	33819.3012
90.0	262.0	34485.5258
90.0	263.0	35156.6512
90.0	264.0	35823.6212
90.0	265.0	36476.9857
90.0	266.0	37107.0851
90.0	267.0	37704.25
90.0	268.0	38259.0097
90.0	269.0	38762.3056
90.0	270.0	39205.7006
90.0	271.0	39581.5812
90.0	272.0	39883.3433
90.0	273.0	40105.5577
90.0	274.0	40244.109
90.0	275.0	40296.3043
90.0	276.0	40260.9464
90.0	277.0	40138.371
90.0	278.0	39930.4452
90.0	279.0	39640.5266
90.0	280.0	39273.3862
90.0	281.0	38835.0953
90.0	282.0	38332.8803
90.0	283.0	37774.9505
90.0	284.0	37170.3038
90.0	285.0	36528.5156
90.0	286.0	35859.5185
90.0	287.0	35173.3776
90.0	288.0	34480.0709
90.0	289.0	33789.2776
90.0	290.0	33110.1827
90.0	291.0	32451.3031
90.0	292.0	31820.3377
90.0	293.0	31224.0469
90.0	294.0	30668.1629
90.0	295.0	30157.3324
90.0	296.0	29695.0914
90.0	297.0	29283.8711
90.0	298.0	28925.0335
90.0	299.0	28618.932
90.0	300.0	28364.9959
90.0	301.0	28161.8308
90.0	302.0	28007.3338
90.0	303.0	27898.8151
90.0	304.0	27833.1231
90.0	305.0	27806.7674
90.0	306.0	27816.0346
90.0	307.0	27857.0947
90.0	308.0	27926.0918
90.0	309.0	28019.2205
90.0	310.0	28132.7831
90.0	311.0	28263.2289
90.0	311.99999999999994	28407.1753
90.0	313.0	28561.4113
90.0	314.0	28722.8866
90.0	315.0	28888.6877
90.0	316.0	29056.0039
90.0	317.0	29222.089
90.0	318.0	29384.2183
90.0	319.0	29539.6491
90.0	320.0	29685.5846
90.0	321.0	29819.1462
90.0	322.0	29937.3567
90.0	323.0	30037.1359
90.0	324.0	30115.3111
90.0	325.0	30168.6413
90.0	326.0	30193.8574
90.0	327.0	30187.7149
90.0	328.0	30147.0601
90.0	329.0	30068.9045
90.0	330.0	29950.508
90.0	331.0	29789.464
90.0	332.0	29583.7857
90.0	333.0	29331.989
90.0	334.0	29033.1671
90.0	335.0	28687.0557
90.0	336.0	28294.0842
90.0	337.0	27855.4105
90.0	338.0	27372.938
90.0	338.99999999999994	26849.3135
90.0	340.0	26287.9046
90.0	341.0	25692.7583
90.0	342.0	25068.5407
90.0	343.0	24420.4601
90.0	344.0	23754.1757
90.0	345.0	23075.695
90.0	346.0	22391.2628
90.0	347.0	21707.2458
90.0	347.99999999999994	21030.0168
90.0	349.0	20365.8409
90.0	350.0	19720.7695
90.0	351.0	19100.5419
90.0	352.0	18510.5015
90.0	353.0	17955.5241
90.0	354.0	17439.9641
90.0	355.0	16967.6167
90.0	356.0	16541.6964
90.0	356.99999999999994	16164.8336
90.0	358.0	15839.085
90.0	359.0	15565.9579
