Polar Angle 	 Azimuth Angle 	 Intensity 
90.0	0.0	3089.6821
89.0	0.0	3092.0338
88.0	0.0	3090.9533
87.00000000000001	0.0	3086.8992
86.0	0.0	3080.6379
85.0	0.0	3073.2021
84.0	0.0	3065.8363
83.0	0.0	3059.9301
82.0	0.0	3056.945
81.0	0.0	3058.3357
80.0	0.0	3065.4711
79.0	0.0	3079.5578
78.00000000000001	0.0	3101.5701
77.0	0.0	3132.1899
76.0	0.0	3171.759
75.0	0.0	3220.2464
74.0	0.0	3277.2321
73.0	0.0	3341.9086
72.0	0.0	3413.1007
71.0	0.0	3489.3012
70.0	0.0	3568.7233
69.00000000000001	0.0	3649.3664
68.0	0.0	3729.0928
67.0	0.0	3805.7118
66.0	0.0	3877.0683
65.0	0.0	3941.131
64.0	0.0	3996.0776
63.0	0.0	4040.3725
62.0	0.0	4072.8331
61.0	0.0	4092.6832
60.00000000000001	0.0	4099.5892
59.00000000000001	0.0	4093.679
58.00000000000001	0.0	4075.5416
57.00000000000001	0.0	4046.2076
55.99999999999999	0.0	4007.111
55.00000000000001	0.0	3960.0341
54.0	0.0	3907.038
53.00000000000001	0.0	3850.3798
52.0	0.0	3792.4227
51.00000000000001	0.0	3735.5404
50.00000000000001	0.0	3682.0203
49.00000000000001	0.0	3633.9709
48.0	0.0	3593.2354
47.0	0.0	3561.3165
46.00000000000001	0.0	3539.3152
45.0	0.0	3527.8859
44.0	0.0	3527.2106
43.0	0.0	3536.9919
42.0	0.0	3556.4671
41.0	0.0	3584.441
40.00000000000001	0.0	3619.337
39.0	0.0	3659.2641
37.99999999999999	0.0	3702.0978
37.0	0.0	3745.5698
36.0	0.0	3787.3641
35.0	0.0	3825.2157
34.0	0.0	3857.0064
33.0	0.0	3880.8545
31.99999999999999	0.0	3895.195
31.0	0.0	3898.8461
30.000000000000004	0.0	3891.0595
29.00000000000001	0.0	3871.5531
28.000000000000007	0.0	3840.5233
27.00000000000001	0.0	3798.6379
25.999999999999996	0.0	3747.0093
25.000000000000004	0.0	3687.1483
24.000000000000004	0.0	3620.903
22.999999999999993	0.0	3550.382
21.999999999999996	0.0	3477.8685
21.0	0.0	3405.7265
20.00000000000001	0.0	3336.3042
19.000000000000014	0.0	3271.839
18.00000000000001	0.0	3214.3671
17.000000000000007	0.0	3165.6424
15.999999999999995	0.0	3127.0671
14.999999999999996	0.0	3099.6386
14.0	0.0	3083.9126
12.999999999999996	0.0	3079.986
12.000000000000018	0.0	3087.498
10.999999999999993	0.0	3105.6522
10.000000000000012	0.0	3133.2551
8.999999999999984	0.0	3168.7722
7.999999999999981	0.0	3210.3977
7.000000000000025	0.0	3256.1347
6.000000000000026	0.0	3303.883
4.999999999999992	0.0	3351.5306
4.000000000000042	0.0	3397.044
3.0000000000000444	0.0	3438.5545
1.9999999999999472	0.0	3474.437
0.9999999999999002	0.0	3503.3761
0.0	0.0	3524.4191
0.9999999999999002	180.0	3537.0119
1.9999999999999472	180.0	3541.0177
3.0000000000000444	180.0	3536.7166
4.000000000000042	180.0	3524.787
4.999999999999992	180.0	3506.2702
6.000000000000026	180.0	3482.5182
6.9999999999999725	180.0	3455.1296
7.999999999999981	180.0	3425.8737
8.999999999999984	180.0	3396.6088
10.000000000000012	180.0	3369.1969
10.999999999999993	180.0	3345.4186
11.999999999999988	180.0	3326.8929
12.999999999999996	180.0	3315.0042
14.0	180.0	3310.841
14.999999999999996	180.0	3315.1481
15.999999999999995	180.0	3328.2943
16.99999999999999	180.0	3350.2576
17.999999999999986	180.0	3380.628
18.999999999999996	180.0	3418.6278
19.999999999999993	180.0	3463.1485
21.0	180.0	3512.8026
21.999999999999996	180.0	3565.9875
23.00000000000001	180.0	3620.9592
24.000000000000004	180.0	3675.9122
24.99999999999999	180.0	3729.0617
26.000000000000007	180.0	3778.7246
26.999999999999996	180.0	3823.3964
28.000000000000007	180.0	3861.8186
28.999999999999996	180.0	3893.0355
29.999999999999993	180.0	3916.4374
31.0	180.0	3931.7869
31.99999999999999	180.0	3939.229
33.0	180.0	3939.2835
34.0	180.0	3932.8194
35.000000000000014	180.0	3921.0143
36.0	180.0	3905.2986
37.000000000000014	180.0	3887.2877
37.99999999999999	180.0	3868.7064
38.99999999999999	180.0	3851.3064
40.00000000000001	180.0	3836.7826
40.999999999999986	180.0	3826.6913
42.0	180.0	3822.374
43.0	180.0	3824.8897
44.00000000000001	180.0	3834.9594
45.0	180.0	3852.9258
46.000000000000014	180.0	3878.7284
47.0	180.0	3911.8969
47.999999999999986	180.0	3951.5629
49.00000000000001	180.0	3996.4879
49.99999999999999	180.0	4045.11
51.00000000000001	180.0	4095.6029
51.99999999999999	180.0	4145.9489
53.000000000000014	180.0	4194.02
53.99999999999999	180.0	4237.6646
55.000000000000014	180.0	4274.7966
55.99999999999999	180.0	4303.4823
56.999999999999986	180.0	4322.0214
58.00000000000001	180.0	4329.0198
58.99999999999999	180.0	4323.449
60.00000000000001	180.0	4304.6919
61.0	180.0	4272.5709
62.000000000000014	180.0	4227.3586
63.0	180.0	4169.7703
64.00000000000001	180.0	4100.9379
65.0	180.0	4022.3675
65.99999999999999	180.0	3935.8813
67.0	180.0	3843.5475
68.0	180.0	3747.6004
69.00000000000001	180.0	3650.3546
70.0	180.0	3554.1162
71.00000000000001	180.0	3461.096
72.0	180.0	3373.3274
73.00000000000001	180.0	3292.5928
74.0	180.0	3220.362
74.99999999999999	180.0	3157.7436
76.0	180.0	3105.4542
77.0	180.0	3063.803
78.00000000000001	180.0	3032.6958
79.0	180.0	3011.655
80.00000000000001	180.0	2999.8573
81.0	180.0	2996.1842
82.00000000000001	180.0	2999.2862
83.0	180.0	3007.6553
83.99999999999999	180.0	3019.703
85.0	180.0	3033.8407
86.0	180.0	3048.5591
87.00000000000001	180.0	3062.5014
88.0	180.0	3074.5287
89.00000000000001	180.0	3083.774
90.0	180.0	3089.6821
91.00000000000001	180.0	3092.0338
92.0	180.0	3090.9533
92.99999999999999	180.0	3086.8992
94.0	180.0	3080.6379
95.0	180.0	3073.2021
96.00000000000001	180.0	3065.8363
97.0	180.0	3059.9301
98.00000000000001	180.0	3056.945
99.0	180.0	3058.3357
100.00000000000001	180.0	3065.4711
101.0	180.0	3079.5578
102.00000000000001	180.0	3101.5701
103.0	180.0	3132.1899
104.0	180.0	3171.759
105.00000000000001	180.0	3220.2464
106.0	180.0	3277.2321
107.00000000000001	180.0	3341.9086
108.0	180.0	3413.1007
109.00000000000001	180.0	3489.3012
110.0	180.0	3568.7233
111.00000000000001	180.0	3649.3664
112.0	180.0	3729.0928
113.0	180.0	3805.7118
114.00000000000001	180.0	3877.0683
115.0	180.0	3941.131
116.00000000000001	180.0	3996.0776
117.0	180.0	4040.3725
118.00000000000001	180.0	4072.8331
119.0	180.0	4092.6832
120.00000000000001	180.0	4099.5892
121.0	180.0	4093.679
122.0	180.0	4075.5416
123.00000000000001	180.0	4046.2076
124.0	180.0	4007.111
125.00000000000001	180.0	3960.0341
126.0	180.0	3907.038
127.00000000000001	180.0	3850.3798
128.0	180.0	3792.4227
129.00000000000003	180.0	3735.5404
130.0	180.0	3682.0203
131.0	180.0	3633.9709
132.0	180.0	3593.2354
133.0	180.0	3561.3165
134.0	180.0	3539.3152
135.0	180.0	3527.8859
136.0	180.0	3527.2106
137.0	180.0	3536.9919
138.00000000000003	180.0	3556.4671
139.0	180.0	3584.441
140.0	180.0	3619.337
140.99999999999997	180.0	3659.2641
142.00000000000003	180.0	3702.0978
143.0	180.0	3745.5698
144.0	180.0	3787.3641
145.0	180.0	3825.2157
146.00000000000003	180.0	3857.0064
147.00000000000003	180.0	3880.8545
148.0	180.0	3895.195
149.0	180.0	3898.8461
149.99999999999997	180.0	3891.0595
151.00000000000003	180.0	3871.5531
152.0	180.0	3840.5233
153.0	180.0	3798.6379
154.0	180.0	3747.0093
155.00000000000003	180.0	3687.1483
156.00000000000003	180.0	3620.903
157.0	180.0	3550.382
158.0	180.0	3477.8685
158.99999999999997	180.0	3405.7265
160.00000000000003	180.0	3336.3042
161.0	180.0	3271.839
162.0	180.0	3214.3671
163.0	180.0	3165.6424
164.00000000000003	180.0	3127.0671
165.00000000000003	180.0	3099.6386
166.0	180.0	3083.9126
167.0	180.0	3079.986
167.99999999999997	180.0	3087.498
169.00000000000003	180.0	3105.6522
169.99999999999997	180.0	3133.2551
170.99999999999997	180.0	3168.7722
172.0	180.0	3210.3977
173.00000000000003	180.0	3256.1347
174.00000000000003	180.0	3303.883
175.0	180.0	3351.5306
175.99999999999997	180.0	3397.044
176.99999999999994	180.0	3438.5545
178.00000000000006	180.0	3474.437
179.0000000000001	180.0	3503.3761
180.0	180.0	3524.4191
179.0000000000001	0.0	3537.0119
178.00000000000006	0.0	3541.0177
176.99999999999994	0.0	3536.7166
176.00000000000006	0.0	3524.787
175.0	0.0	3506.2702
174.00000000000003	0.0	3482.5182
172.99999999999997	0.0	3455.1296
172.0	0.0	3425.8737
171.00000000000003	0.0	3396.6088
170.00000000000003	0.0	3369.1969
168.99999999999997	0.0	3345.4186
167.99999999999997	0.0	3326.8929
167.00000000000003	0.0	3315.0042
166.00000000000003	0.0	3310.841
165.00000000000003	0.0	3315.1481
163.99999999999997	0.0	3328.2943
163.0	0.0	3350.2576
162.00000000000003	0.0	3380.628
161.00000000000003	0.0	3418.6278
160.0	0.0	3463.1485
159.0	0.0	3512.8026
158.00000000000003	0.0	3565.9875
157.00000000000003	0.0	3620.9592
156.00000000000003	0.0	3675.9122
154.99999999999997	0.0	3729.0617
154.0	0.0	3778.7246
153.00000000000003	0.0	3823.3964
152.0	0.0	3861.8186
150.99999999999997	0.0	3893.0355
150.0	0.0	3916.4374
149.0	0.0	3931.7869
148.0	0.0	3939.229
147.00000000000003	0.0	3939.2835
146.0	0.0	3932.8194
145.0	0.0	3921.0143
144.00000000000003	0.0	3905.2986
143.0	0.0	3887.2877
142.0	0.0	3868.7064
140.99999999999997	0.0	3851.3064
140.00000000000003	0.0	3836.7826
139.00000000000003	0.0	3826.6913
138.00000000000003	0.0	3822.374
137.0	0.0	3824.8897
136.0	0.0	3834.9594
135.00000000000003	0.0	3852.9258
134.00000000000003	0.0	3878.7284
132.99999999999997	0.0	3911.8969
131.99999999999997	0.0	3951.5629
131.00000000000003	0.0	3996.4879
130.00000000000003	0.0	4045.11
129.00000000000003	0.0	4095.6029
128.0	0.0	4145.9489
126.99999999999999	0.0	4194.02
126.00000000000003	0.0	4237.6646
125.00000000000004	0.0	4274.7966
123.99999999999997	0.0	4303.4823
122.99999999999999	0.0	4322.0214
122.0	0.0	4329.0198
121.0	0.0	4323.449
120.00000000000001	0.0	4304.6919
119.0	0.0	4272.5709
118.00000000000001	0.0	4227.3586
117.00000000000003	0.0	4169.7703
116.00000000000004	0.0	4100.9379
115.0	0.0	4022.3675
114.00000000000001	0.0	3935.8813
113.00000000000001	0.0	3843.5475
112.00000000000003	0.0	3747.6004
111.00000000000004	0.0	3650.3546
110.0	0.0	3554.1162
109.00000000000001	0.0	3461.096
108.00000000000003	0.0	3373.3274
107.00000000000004	0.0	3292.5928
106.0	0.0	3220.362
105.0	0.0	3157.7436
104.00000000000001	0.0	3105.4542
103.00000000000001	0.0	3063.803
102.00000000000003	0.0	3032.6958
100.99999999999999	0.0	3011.655
100.0	0.0	2999.8573
99.00000000000001	0.0	2996.1842
98.00000000000003	0.0	2999.2862
96.99999999999999	0.0	3007.6553
96.0	0.0	3019.703
95.0	0.0	3033.8407
94.00000000000001	0.0	3048.5591
93.00000000000003	0.0	3062.5014
91.99999999999999	0.0	3074.5287
91.0	0.0	3083.774
90.0	90.0	2974.4231
89.0	90.0	2964.8809
88.0	90.0	2953.1879
87.00000000000001	90.0	2939.7542
86.0	90.0	2925.1128
85.0	90.0	2909.8997
84.0	90.0	2894.828
83.0	90.0	2880.6597
82.0	90.0	2868.1734
81.0	90.0	2858.1319
80.0	90.0	2851.2497
79.0	90.0	2848.1619
78.00000000000001	90.0	2849.3963
77.0	90.0	2855.3501
76.0	90.0	2866.2719
75.0	90.0	2882.2491
74.0	90.0	2903.2036
73.0	90.0	2928.8933
72.0	90.0	2958.9215
71.0	90.0	2992.7527
70.0	90.0	3029.7347
69.00000000000001	90.0	3069.1258
68.0	90.0	3110.1266
67.0	90.0	3151.914
66.0	90.0	3193.6768
65.0	90.0	3234.6511
64.0	90.0	3274.1542
63.0	90.0	3311.6148
62.0	90.0	3346.5989
61.0	90.0	3378.83
60.00000000000001	90.0	3408.2025
59.00000000000001	90.0	3434.7874
58.00000000000001	90.0	3458.8312
57.00000000000001	90.0	3480.7457
55.99999999999999	90.0	3501.0915
55.00000000000001	90.0	3520.5539
54.0	90.0	3539.9131
53.00000000000001	90.0	3560.0093
52.0	90.0	3581.7052
51.00000000000001	90.0	3605.845
50.00000000000001	90.0	3633.2149
49.00000000000001	90.0	3664.504
48.0	90.0	3700.2678
47.0	90.0	3740.8977
46.00000000000001	90.0	3786.5944
45.0	90.0	3837.3497
44.0	90.0	3892.9358
43.0	90.0	3952.902
42.0	90.0	4016.5813
41.0	90.0	4083.1042
40.00000000000001	90.0	4151.4211
39.0	90.0	4220.3315
37.99999999999999	90.0	4288.5194
37.0	90.0	4354.5936
36.0	90.0	4417.1308
35.0	90.0	4474.7209
34.0	90.0	4526.012
33.0	90.0	4569.7541
31.99999999999999	90.0	4604.8388
31.0	90.0	4630.3353
30.000000000000004	90.0	4645.52
29.00000000000001	90.0	4649.8988
28.000000000000007	90.0	4643.2221
27.00000000000001	90.0	4625.4922
25.999999999999996	90.0	4596.9612
25.000000000000004	90.0	4558.1223
24.000000000000004	90.0	4509.6925
22.999999999999993	90.0	4452.5897
21.999999999999996	90.0	4387.903
21.0	90.0	4316.8593
20.00000000000001	90.0	4240.7869
19.000000000000014	90.0	4161.0771
18.00000000000001	90.0	4079.146
17.000000000000007	90.0	3996.3976
15.999999999999995	90.0	3914.1887
14.999999999999996	90.0	3833.799
14.0	90.0	3756.4049
12.999999999999996	90.0	3683.0586
12.000000000000018	90.0	3614.6742
10.999999999999993	90.0	3552.0183
10.000000000000012	90.0	3495.7085
8.999999999999984	90.0	3446.2156
7.999999999999981	90.0	3403.8724
7.000000000000025	90.0	3368.886
6.000000000000026	90.0	3341.3531
4.999999999999992	90.0	3321.2788
4.000000000000042	90.0	3308.5948
3.0000000000000444	90.0	3303.1789
1.9999999999999472	90.0	3304.8726
0.9999999999999002	90.0	3313.4968
0.0	90.0	3328.8648
0.9999999999999002	270.0	3350.7912
1.9999999999999472	270.0	3379.0969
3.0000000000000444	270.0	3413.6106
4.000000000000042	270.0	3454.1648
4.999999999999992	270.0	3500.5892
6.000000000000026	270.0	3552.6999
6.9999999999999725	270.0	3610.2868
7.999999999999981	270.0	3673.0983
8.999999999999984	270.0	3740.8257
10.000000000000012	270.0	3813.0885
10.999999999999993	270.0	3889.4201
11.999999999999988	270.0	3969.2566
12.999999999999996	270.0	4051.9288
14.0	270.0	4136.6581
14.999999999999996	270.0	4222.5582
15.999999999999995	270.0	4308.6405
16.99999999999999	270.0	4393.8263
17.999999999999986	270.0	4476.9634
18.999999999999996	270.0	4556.8479
19.999999999999993	270.0	4632.2504
21.0	270.0	4701.9453
21.999999999999996	270.0	4764.7433
23.00000000000001	270.0	4819.524
24.000000000000004	270.0	4865.2697
24.99999999999999	270.0	4901.0971
26.000000000000007	270.0	4926.2865
26.999999999999996	270.0	4940.3072
28.000000000000007	270.0	4942.8376
28.999999999999996	270.0	4933.78
29.999999999999993	270.0	4913.2674
31.0	270.0	4881.6646
31.99999999999999	270.0	4839.5605
33.0	270.0	4787.7543
34.0	270.0	4727.2339
35.000000000000014	270.0	4659.1484
36.0	270.0	4584.7753
37.000000000000014	270.0	4505.4837
37.99999999999999	270.0	4422.694
38.99999999999999	270.0	4337.8367
40.00000000000001	270.0	4252.3114
40.999999999999986	270.0	4167.447
42.0	270.0	4084.4651
43.0	270.0	4004.4481
44.00000000000001	270.0	3928.3122
45.0	270.0	3856.7874
46.000000000000014	270.0	3790.4045
47.0	270.0	3729.4899
47.999999999999986	270.0	3674.1671
49.00000000000001	270.0	3624.3671
49.99999999999999	270.0	3579.844
51.00000000000001	270.0	3540.1982
51.99999999999999	270.0	3504.9037
53.000000000000014	270.0	3473.3393
53.99999999999999	270.0	3444.8227
55.000000000000014	270.0	3418.6452
55.99999999999999	270.0	3394.1063
56.999999999999986	270.0	3370.5458
58.00000000000001	270.0	3347.3732
58.99999999999999	270.0	3324.0924
60.00000000000001	270.0	3300.3212
61.0	270.0	3275.8046
62.000000000000014	270.0	3250.4214
63.0	270.0	3224.1844
64.00000000000001	270.0	3197.234
65.0	270.0	3169.8251
65.99999999999999	270.0	3142.3096
67.0	270.0	3115.1139
68.0	270.0	3088.7126
69.00000000000001	270.0	3063.6009
70.0	270.0	3040.2661
71.00000000000001	270.0	3019.1593
72.0	270.0	3000.6695
73.00000000000001	270.0	2985.1009
74.0	270.0	2972.6543
74.99999999999999	270.0	2963.4138
76.0	270.0	2957.3396
77.0	270.0	2954.2662
78.00000000000001	270.0	2953.9074
79.0	270.0	2955.868
80.00000000000001	270.0	2959.6593
81.0	270.0	2964.7214
82.00000000000001	270.0	2970.4476
83.0	270.0	2976.2131
83.99999999999999	270.0	2981.4038
85.0	270.0	2985.4457
86.0	270.0	2987.8331
87.00000000000001	270.0	2988.1541
88.0	270.0	2986.1121
89.00000000000001	270.0	2981.5423
90.0	270.0	2974.4231
91.00000000000001	270.0	2964.8809
92.0	270.0	2953.1879
92.99999999999999	270.0	2939.7542
94.0	270.0	2925.1128
95.0	270.0	2909.8997
96.00000000000001	270.0	2894.828
97.0	270.0	2880.6597
98.00000000000001	270.0	2868.1734
99.0	270.0	2858.1319
100.00000000000001	270.0	2851.2497
101.0	270.0	2848.1619
102.00000000000001	270.0	2849.3963
103.0	270.0	2855.3501
104.0	270.0	2866.2719
105.00000000000001	270.0	2882.2491
106.0	270.0	2903.2036
107.00000000000001	270.0	2928.8933
108.0	270.0	2958.9215
109.00000000000001	270.0	2992.7527
110.0	270.0	3029.7347
111.00000000000001	270.0	3069.1258
112.0	270.0	3110.1266
113.0	270.0	3151.914
114.00000000000001	270.0	3193.6768
115.0	270.0	3234.6511
116.00000000000001	270.0	3274.1542
117.0	270.0	3311.6148
118.00000000000001	270.0	3346.5989
119.0	270.0	3378.83
120.00000000000001	270.0	3408.2025
121.0	270.0	3434.7874
122.0	270.0	3458.8312
123.00000000000001	270.0	3480.7457
124.0	270.0	3501.0915
125.00000000000001	270.0	3520.5539
126.0	270.0	3539.9131
127.00000000000001	270.0	3560.0093
128.0	270.0	3581.7052
129.00000000000003	270.0	3605.845
130.0	270.0	3633.2149
131.0	270.0	3664.504
132.0	270.0	3700.2678
133.0	270.0	3740.8977
134.0	270.0	3786.5944
135.0	270.0	3837.3497
136.0	270.0	3892.9358
137.0	270.0	3952.902
138.00000000000003	270.0	4016.5813
139.0	270.0	4083.1042
140.0	270.0	4151.4211
140.99999999999997	270.0	4220.3315
142.00000000000003	270.0	4288.5194
143.0	270.0	4354.5936
144.0	270.0	4417.1308
145.0	270.0	4474.7209
146.00000000000003	270.0	4526.012
147.00000000000003	270.0	4569.7541
148.0	270.0	4604.8388
149.0	270.0	4630.3353
149.99999999999997	270.0	4645.52
151.00000000000003	270.0	4649.8988
152.0	270.0	4643.2221
153.0	270.0	4625.4922
154.0	270.0	4596.9612
155.00000000000003	270.0	4558.1223
156.00000000000003	270.0	4509.6925
157.0	270.0	4452.5897
158.0	270.0	4387.903
158.99999999999997	270.0	4316.8593
160.00000000000003	270.0	4240.7869
161.0	270.0	4161.0771
162.0	270.0	4079.146
163.0	270.0	3996.3976
164.00000000000003	270.0	3914.1887
165.00000000000003	270.0	3833.799
166.0	270.0	3756.4049
167.0	270.0	3683.0586
167.99999999999997	270.0	3614.6742
169.00000000000003	270.0	3552.0183
169.99999999999997	270.0	3495.7085
170.99999999999997	270.0	3446.2156
172.0	270.0	3403.8724
173.00000000000003	270.0	3368.886
174.00000000000003	270.0	3341.3531
175.0	270.0	3321.2788
175.99999999999997	270.0	3308.5948
176.99999999999994	270.0	3303.1789
178.00000000000006	270.0	3304.8726
179.0000000000001	270.0	3313.4968
180.0	270.0	3328.8648
179.0000000000001	90.0	3350.7912
178.00000000000006	90.0	3379.0969
176.99999999999994	90.0	3413.6106
176.00000000000006	90.0	3454.1648
175.0	90.0	3500.5892
174.00000000000003	90.0	3552.6999
172.99999999999997	90.0	3610.2868
172.0	90.0	3673.0983
171.00000000000003	90.0	3740.8257
170.00000000000003	90.0	3813.0885
168.99999999999997	90.0	3889.4201
167.99999999999997	90.0	3969.2566
167.00000000000003	90.0	4051.9288
166.00000000000003	90.0	4136.6581
165.00000000000003	90.0	4222.5582
163.99999999999997	90.0	4308.6405
163.0	90.0	4393.8263
162.00000000000003	90.0	4476.9634
161.00000000000003	90.0	4556.8479
160.0	90.0	4632.2504
159.0	90.0	4701.9453
158.00000000000003	90.0	4764.7433
157.00000000000003	90.0	4819.524
156.00000000000003	90.0	4865.2697
154.99999999999997	90.0	4901.0971
154.0	90.0	4926.2865
153.00000000000003	90.0	4940.3072
152.0	90.0	4942.8376
150.99999999999997	90.0	4933.78
150.0	90.0	4913.2674
149.0	90.0	4881.6646
148.0	90.0	4839.5605
147.00000000000003	90.0	4787.7543
146.0	90.0	4727.2339
145.0	90.0	4659.1484
144.00000000000003	90.0	4584.7753
143.0	90.0	4505.4837
142.0	90.0	4422.694
140.99999999999997	90.0	4337.8367
140.00000000000003	90.0	4252.3114
139.00000000000003	90.0	4167.447
138.00000000000003	90.0	4084.4651
137.0	90.0	4004.4481
136.0	90.0	3928.3122
135.00000000000003	90.0	3856.7874
134.00000000000003	90.0	3790.4045
132.99999999999997	90.0	3729.4899
131.99999999999997	90.0	3674.1671
131.00000000000003	90.0	3624.3671
130.00000000000003	90.0	3579.844
129.00000000000003	90.0	3540.1982
128.0	90.0	3504.9037
126.99999999999999	90.0	3473.3393
126.00000000000003	90.0	3444.8227
125.00000000000004	90.0	3418.6452
123.99999999999997	90.0	3394.1063
122.99999999999999	90.0	3370.5458
122.0	90.0	3347.3732
121.0	90.0	3324.0924
120.00000000000001	90.0	3300.3212
119.0	90.0	3275.8046
118.00000000000001	90.0	3250.4214
117.00000000000003	90.0	3224.1844
116.00000000000004	90.0	3197.234
115.0	90.0	3169.8251
114.00000000000001	90.0	3142.3096
113.00000000000001	90.0	3115.1139
112.00000000000003	90.0	3088.7126
111.00000000000004	90.0	3063.6009
110.0	90.0	3040.2661
109.00000000000001	90.0	3019.1593
108.00000000000003	90.0	3000.6695
107.00000000000004	90.0	2985.1009
106.0	90.0	2972.6543
105.0	90.0	2963.4138
104.00000000000001	90.0	2957.3396
103.00000000000001	90.0	2954.2662
102.00000000000003	90.0	2953.9074
100.99999999999999	90.0	2955.868
100.0	90.0	2959.6593
99.00000000000001	90.0	2964.7214
98.00000000000003	90.0	2970.4476
96.99999999999999	90.0	2976.2131
96.0	90.0	2981.4038
95.0	90.0	2985.4457
94.00000000000001	90.0	2987.8331
93.00000000000003	90.0	2988.1541
91.99999999999999	90.0	2986.1121
91.0	90.0	2981.5423
90.0	45.0	3585.9684
89.0	45.0	3597.7856
88.0	45.0	3609.523
87.00000000000001	45.0	3621.3906
86.0	45.0	3633.729
85.0	45.0	3646.9815
84.0	45.0	3661.6603
83.0	45.0	3678.3082
82.0	45.0	3697.458
81.0	45.0	3719.5915
80.0	45.0	3745.0996
79.0	45.0	3774.2468
78.00000000000001	45.0	3807.1404
77.0	45.0	3843.7078
76.0	45.0	3883.6813
75.0	45.0	3926.5926
74.0	45.0	3971.7773
73.0	45.0	4018.3889
72.0	45.0	4065.4228
71.0	45.0	4111.7483
70.0	45.0	4156.149
69.00000000000001	45.0	4197.3674
68.0	45.0	4234.1554
67.0	45.0	4265.3246
66.0	45.0	4289.7977
65.0	45.0	4306.656
64.0	45.0	4315.1833
63.0	45.0	4314.9018
62.0	45.0	4305.6
61.0	45.0	4287.3508
60.00000000000001	45.0	4260.518
59.00000000000001	45.0	4225.7521
58.00000000000001	45.0	4183.9744
57.00000000000001	45.0	4136.3493
55.99999999999999	45.0	4084.2476
55.00000000000001	45.0	4029.2001
54.0	45.0	3972.8445
53.00000000000001	45.0	3916.8672
52.0	45.0	3862.9421
51.00000000000001	45.0	3812.6698
50.00000000000001	45.0	3767.5179
49.00000000000001	45.0	3728.7666
48.0	45.0	3697.4603
47.0	45.0	3674.3689
46.00000000000001	45.0	3659.9583
45.0	45.0	3654.3731
44.0	45.0	3657.4311
43.0	45.0	3668.6306
42.0	45.0	3687.1698
41.0	45.0	3711.9777
40.00000000000001	45.0	3741.7549
39.0	45.0	3775.0238
37.99999999999999	45.0	3810.1844
37.0	45.0	3845.5755
36.0	45.0	3879.5368
35.0	45.0	3910.4715
34.0	45.0	3936.9051
33.0	45.0	3957.5394
31.99999999999999	45.0	3971.2989
31.0	45.0	3977.3682
30.000000000000004	45.0	3975.2182
29.00000000000001	45.0	3964.6219
28.000000000000007	45.0	3945.6574
27.00000000000001	45.0	3918.699
25.999999999999996	45.0	3884.3976
25.000000000000004	45.0	3843.6495
24.000000000000004	45.0	3797.5577
22.999999999999993	45.0	3747.3844
21.999999999999996	45.0	3694.4993
21.0	45.0	3640.325
20.00000000000001	45.0	3586.2807
19.000000000000014	45.0	3533.7288
18.00000000000001	45.0	3483.9246
17.000000000000007	45.0	3437.9722
15.999999999999995	45.0	3396.788
14.999999999999996	45.0	3361.0731
14.0	45.0	3331.2955
12.999999999999996	45.0	3307.6836
12.000000000000018	45.0	3290.229
10.999999999999993	45.0	3278.7003
10.000000000000012	45.0	3272.6664
8.999999999999984	45.0	3271.5268
7.999999999999981	45.0	3274.5494
7.000000000000025	45.0	3280.9125
6.000000000000026	45.0	3289.7495
4.999999999999992	45.0	3300.1944
4.000000000000042	45.0	3311.425
3.0000000000000444	45.0	3322.7034
1.9999999999999472	45.0	3333.4104
0.9999999999999002	45.0	3343.0738
0.0	45.0	3351.3877
0.9999999999999002	225.0	3358.2237
1.9999999999999472	225.0	3363.6319
3.0000000000000444	225.0	3367.8337
4.000000000000042	225.0	3371.205
4.999999999999992	225.0	3374.2519
6.000000000000026	225.0	3377.5793
6.9999999999999725	225.0	3381.8553
7.999999999999981	225.0	3387.7712
8.999999999999984	225.0	3396.0013
10.000000000000012	225.0	3407.1622
10.999999999999993	225.0	3421.7753
11.999999999999988	225.0	3440.2343
12.999999999999996	225.0	3462.7773
14.0	225.0	3489.4681
14.999999999999996	225.0	3520.1845
15.999999999999995	225.0	3554.6167
16.99999999999999	225.0	3592.2743
17.999999999999986	225.0	3632.503
18.999999999999996	225.0	3674.5089
19.999999999999993	225.0	3717.3906
21.0	225.0	3760.1773
21.999999999999996	225.0	3801.8709
23.00000000000001	225.0	3841.4905
24.000000000000004	225.0	3878.1169
24.99999999999999	225.0	3910.9358
26.000000000000007	225.0	3939.277
26.999999999999996	225.0	3962.6477
28.000000000000007	225.0	3980.7591
28.999999999999996	225.0	3993.5433
29.999999999999993	225.0	4001.1622
31.0	225.0	4004.0049
31.99999999999999	225.0	4002.6756
33.0	225.0	3997.9717
34.0	225.0	3990.8525
35.000000000000014	225.0	3982.4008
36.0	225.0	3973.7771
37.000000000000014	225.0	3966.1706
37.99999999999999	225.0	3960.7474
38.99999999999999	225.0	3958.5981
40.00000000000001	225.0	3960.6884
40.999999999999986	225.0	3967.8135
42.0	225.0	3980.5586
43.0	225.0	3999.2678
44.00000000000001	225.0	4024.0222
45.0	225.0	4054.6288
46.000000000000014	225.0	4090.6199
47.0	225.0	4131.2648
47.999999999999986	225.0	4175.5909
49.00000000000001	225.0	4222.4165
49.99999999999999	225.0	4270.3916
51.00000000000001	225.0	4318.0459
51.99999999999999	225.0	4363.8431
53.000000000000014	225.0	4406.2372
53.99999999999999	225.0	4443.7306
55.000000000000014	225.0	4474.9309
55.99999999999999	225.0	4498.6035
56.999999999999986	225.0	4513.7185
58.00000000000001	225.0	4519.4905
58.99999999999999	225.0	4515.4085
60.00000000000001	225.0	4501.2555
61.0	225.0	4477.1171
62.000000000000014	225.0	4443.3785
63.0	225.0	4400.71
64.00000000000001	225.0	4350.0419
65.0	225.0	4292.5304
65.99999999999999	225.0	4229.5142
67.0	225.0	4162.4661
68.0	225.0	4092.9397
69.00000000000001	225.0	4022.5139
70.0	225.0	3952.738
71.00000000000001	225.0	3885.0793
72.0	225.0	3820.8754
73.00000000000001	225.0	3761.292
74.0	225.0	3707.2905
74.99999999999999	225.0	3659.6031
76.0	225.0	3618.7193
77.0	225.0	3584.8822
78.00000000000001	225.0	3558.0954
79.0	225.0	3538.1397
80.00000000000001	225.0	3524.5985
81.0	225.0	3516.8909
82.00000000000001	225.0	3514.3102
83.0	225.0	3516.0671
83.99999999999999	225.0	3521.3341
85.0	225.0	3529.2898
86.0	225.0	3539.1611
87.00000000000001	225.0	3550.2609
88.0	225.0	3562.0202
89.00000000000001	225.0	3574.0122
90.0	225.0	3585.9684
91.00000000000001	225.0	3597.7856
92.0	225.0	3609.523
92.99999999999999	225.0	3621.3906
94.0	225.0	3633.729
95.0	225.0	3646.9815
96.00000000000001	225.0	3661.6603
97.0	225.0	3678.3082
98.00000000000001	225.0	3697.458
99.0	225.0	3719.5915
100.00000000000001	225.0	3745.0996
101.0	225.0	3774.2468
102.00000000000001	225.0	3807.1404
103.0	225.0	3843.7078
104.0	225.0	3883.6813
105.00000000000001	225.0	3926.5926
106.0	225.0	3971.7773
107.00000000000001	225.0	4018.3889
108.0	225.0	4065.4228
109.00000000000001	225.0	4111.7483
110.0	225.0	4156.149
111.00000000000001	225.0	4197.3674
112.0	225.0	4234.1554
113.0	225.0	4265.3246
114.00000000000001	225.0	4289.7977
115.0	225.0	4306.656
116.00000000000001	225.0	4315.1833
117.0	225.0	4314.9018
118.00000000000001	225.0	4305.6
119.0	225.0	4287.3508
120.00000000000001	225.0	4260.518
121.0	225.0	4225.7521
122.0	225.0	4183.9744
123.00000000000001	225.0	4136.3493
124.0	225.0	4084.2476
125.00000000000001	225.0	4029.2001
126.0	225.0	3972.8445
127.00000000000001	225.0	3916.8672
128.0	225.0	3862.9421
129.00000000000003	225.0	3812.6698
130.0	225.0	3767.5179
131.0	225.0	3728.7666
132.0	225.0	3697.4603
133.0	225.0	3674.3689
134.0	225.0	3659.9583
135.0	225.0	3654.3731
136.0	225.0	3657.4311
137.0	225.0	3668.6306
138.00000000000003	225.0	3687.1698
139.0	225.0	3711.9777
140.0	225.0	3741.7549
140.99999999999997	225.0	3775.0238
142.00000000000003	225.0	3810.1844
143.0	225.0	3845.5755
144.0	225.0	3879.5368
145.0	225.0	3910.4715
146.00000000000003	225.0	3936.9051
147.00000000000003	225.0	3957.5394
148.0	225.0	3971.2989
149.0	225.0	3977.3682
149.99999999999997	225.0	3975.2182
151.00000000000003	225.0	3964.6219
152.0	225.0	3945.6574
153.0	225.0	3918.699
154.0	225.0	3884.3976
155.00000000000003	225.0	3843.6495
156.00000000000003	225.0	3797.5577
157.0	225.0	3747.3844
158.0	225.0	3694.4993
158.99999999999997	225.0	3640.325
160.00000000000003	225.0	3586.2807
161.0	225.0	3533.7288
162.0	225.0	3483.9246
163.0	225.0	3437.9722
164.00000000000003	225.0	3396.788
165.00000000000003	225.0	3361.0731
166.0	225.0	3331.2955
167.0	225.0	3307.6836
167.99999999999997	225.0	3290.229
169.00000000000003	225.0	3278.7003
169.99999999999997	225.0	3272.6664
170.99999999999997	225.0	3271.5268
172.0	225.0	3274.5494
173.00000000000003	225.0	3280.9125
174.00000000000003	225.0	3289.7495
175.0	225.0	3300.1944
175.99999999999997	225.0	3311.425
176.99999999999994	225.0	3322.7034
178.00000000000006	225.0	3333.4104
179.0000000000001	225.0	3343.0738
180.0	225.0	3351.3877
179.0000000000001	45.0	3358.2237
178.00000000000006	45.0	3363.6319
176.99999999999994	45.0	3367.8337
176.00000000000006	45.0	3371.205
175.0	45.0	3374.2519
174.00000000000003	45.0	3377.5793
172.99999999999997	45.0	3381.8553
172.0	45.0	3387.7712
171.00000000000003	45.0	3396.0013
170.00000000000003	45.0	3407.1622
168.99999999999997	45.0	3421.7753
167.99999999999997	45.0	3440.2343
167.00000000000003	45.0	3462.7773
166.00000000000003	45.0	3489.4681
165.00000000000003	45.0	3520.1845
163.99999999999997	45.0	3554.6167
163.0	45.0	3592.2743
162.00000000000003	45.0	3632.503
161.00000000000003	45.0	3674.5089
160.0	45.0	3717.3906
159.0	45.0	3760.1773
158.00000000000003	45.0	3801.8709
157.00000000000003	45.0	3841.4905
156.00000000000003	45.0	3878.1169
154.99999999999997	45.0	3910.9358
154.0	45.0	3939.277
153.00000000000003	45.0	3962.6477
152.0	45.0	3980.7591
150.99999999999997	45.0	3993.5433
150.0	45.0	4001.1622
149.0	45.0	4004.0049
148.0	45.0	4002.6756
147.00000000000003	45.0	3997.9717
146.0	45.0	3990.8525
145.0	45.0	3982.4008
144.00000000000003	45.0	3973.7771
143.0	45.0	3966.1706
142.0	45.0	3960.7474
140.99999999999997	45.0	3958.5981
140.00000000000003	45.0	3960.6884
139.00000000000003	45.0	3967.8135
138.00000000000003	45.0	3980.5586
137.0	45.0	3999.2678
136.0	45.0	4024.0222
135.00000000000003	45.0	4054.6288
134.00000000000003	45.0	4090.6199
132.99999999999997	45.0	4131.2648
131.99999999999997	45.0	4175.5909
131.00000000000003	45.0	4222.4165
130.00000000000003	45.0	4270.3916
129.00000000000003	45.0	4318.0459
128.0	45.0	4363.8431
126.99999999999999	45.0	4406.2372
126.00000000000003	45.0	4443.7306
125.00000000000004	45.0	4474.9309
123.99999999999997	45.0	4498.6035
122.99999999999999	45.0	4513.7185
122.0	45.0	4519.4905
121.0	45.0	4515.4085
120.00000000000001	45.0	4501.2555
119.0	45.0	4477.1171
118.00000000000001	45.0	4443.3785
117.00000000000003	45.0	4400.71
116.00000000000004	45.0	4350.0419
115.0	45.0	4292.5304
114.00000000000001	45.0	4229.5142
113.00000000000001	45.0	4162.4661
112.00000000000003	45.0	4092.9397
111.00000000000004	45.0	4022.5139
110.0	45.0	3952.738
109.00000000000001	45.0	3885.0793
108.00000000000003	45.0	3820.8754
107.00000000000004	45.0	3761.292
106.0	45.0	3707.2905
105.0	45.0	3659.6031
104.00000000000001	45.0	3618.7193
103.00000000000001	45.0	3584.8822
102.00000000000003	45.0	3558.0954
100.99999999999999	45.0	3538.1397
100.0	45.0	3524.5985
99.00000000000001	45.0	3516.8909
98.00000000000003	45.0	3514.3102
96.99999999999999	45.0	3516.0671
96.0	45.0	3521.3341
95.0	45.0	3529.2898
94.00000000000001	45.0	3539.1611
93.00000000000003	45.0	3550.2609
91.99999999999999	45.0	3562.0202
91.0	45.0	3574.0122
90.0	0.0	3974.3918
89.29291116952395	0.7071426817872533	3976.6361
88.58593006627854	1.4145007934175506	3968.8992
87.87916453235917	2.122289895867879	3951.3127
87.1727226397129	2.8307258121018455	3924.4301
86.4667128053692	3.540024757356371	3889.2067
85.76124390703504	4.250403468570711	3846.9628
85.05642539917308	4.962079332655645	3799.3309
84.3523674296794	5.675270513286652	3748.19
83.64918095727445	6.390196075887154	3695.5895
82.94697786971682	7.107076110446535	3643.6651
82.24587110294536	7.826131851792348	3594.5514
81.54597476125012	8.547585796906942	3550.2945
80.84740423856572	9.271661818845425	3512.7674
80.15027634097487	9.998585276774412	3483.5929
79.45470941050044	10.728583121609057	3464.0766
78.76082345025607	11.461883996679509	3455.1538
78.0687402510143	12.198718332806749	3457.3503
77.37858351923944	12.939318437111838	3470.7619
76.69047900661849	13.683918574821595	3495.0505
76.00455464110858	14.432755043267381	3529.459
75.32094065950206	15.186066237202516	3572.8436
74.63976974149092	15.944092704486447	3623.7216
73.96117714519126	16.707077191101824	3680.3339
73.28530084406378	17.47526467438212	3740.7181
72.61228166514054	18.2489023832344	3802.7906
71.94226342843773	19.028239804042187	3864.433
71.27539308740191	19.813528670829413	3923.5793
70.61182087020094	20.605022938156644	3978.3006
69.95170042163069	21.402978735106455	4026.8844
69.29518894536457	22.207654298596484	4067.9024
68.64244734622547	23.019309884136224	4100.2678
67.99364037210603	23.838207652018653	4123.2764
67.34893675510656	24.664611526811417	4136.6313
66.70850935139694	25.498787027884514	4140.4504
66.07253527924108	26.34100106858589	4135.2555
65.44119605454999	27.191521721553002	4121.9444
64.81467772324949	28.05061794753063	4101.7464
64.19317098966519	28.918559284955432	4076.1639
63.57687134003648	29.79561549746857	4046.9026
62.965979160175145	30.68205617643342	4015.7926
62.36069984618289	31.5781502954692	3984.7045
61.761243907035045	32.484165713968785	3955.4642
61.16782705772538	33.400368626554155	3929.7697
60.58067030155157	34.32702295544232	3909.1137
59.99999999999999	35.264389682754654	3894.7152
59.42604792856702	36.212726119908915	3887.4633
58.8590513167294	37.17228511139536	3887.8755
58.29925287015328	38.143314170462425	3896.0721
57.74690077310915	39.12605454453247	3911.7685
57.20224866894282	40.12074020854298	3934.2841
56.66555561634145	41.12759678487194	3962.5704
56.13708601903233	42.14684038906587	3995.2529
55.61710952646371	43.178676401255004	4030.6897
55.10590090294487	44.223298163918535	4067.0399
54.60373986267208	45.28088560756104	4102.3423
54.11091086804023	46.3516038068849	4134.5986
53.62770288864506	47.435601471194154	4161.8594
53.154409118419395	48.53300937404573	4182.3078
52.691326648427214	49.643938728569864	4194.338
52.23875609296496	50.76847951640774	4196.6251
51.79700116679687	51.90669877984987	4188.1833
51.36636821158484	53.05863888848747	4168.4102
50.94716566986906	54.22431579349069	4137.1148
50.539703505316	55.40371728447302	4094.5284
50.14429256838126	56.59680126575802	4041.2984
49.76124390703504	57.80349407069134	3978.4642
49.390868022772075	59.02368883439022	3907.4172
49.03347407277117	60.25724394694163	3829.8466
48.68936901978189	61.503981610489745	3747.6723
48.35885673209022	62.76368652482927	3662.9697
48.04223703674405	64.03610472697835	3577.8875
47.73980473009234	65.32094261067617	3494.5635
47.45184855059514	66.61786615176922	3415.0411
47.178650119779434	67.92650036495783	3341.1911
46.920482858129056	69.2464290163152	3274.6406
46.677610883583455	70.57719461432482	3216.713
46.450287901158305	71.91829869987819	3168.3818
46.23875609296496	73.2692024527246	3130.2388
46.043245018569806	74.62932762827676	3102.4793
45.86397053617525	75.99805783448308	3084.9039
45.701133755495384	77.37474015373697	3076.9371
45.554920033420714	78.7586871095844	3077.6617
45.42549802359849	80.14917897242118	3085.8672
45.31301879088406	81.5454663925662	3100.1101
45.21761500123496	82.94677334320139	3118.7833
45.1394001970194	84.35230034984485	3140.1921
45.07846816689916	85.76122797743554	3162.6319
45.03489241843145	87.17272054092642	3184.4662
45.00872576033472	88.58593000067151	3204.1999
45.0	90.0	3220.5456
45.00872576033472	91.41406999932849	3232.4797
45.03489241843145	92.82727945907358	3239.2857
45.07846816689916	94.23877202256445	3240.5838
45.1394001970194	95.64769965015516	3236.3443
45.21761500123496	97.05322665679864	3226.8857
45.31301879088406	98.45453360743382	3212.8563
45.42549802359848	99.85082102757882	3195.2018
45.554920033420714	101.2413128904156	3175.1187
45.701133755495384	102.62525984626303	3153.9973
45.86397053617525	104.00194216551692	3133.3554
46.043245018569806	105.37067237172324	3114.7678
46.238756092964955	106.73079754727539	3099.7915
46.450287901158305	108.08170130012182	3089.8937
46.677610883583455	109.42280538567519	3086.3829
46.920482858129056	110.7535709836848	3090.3478
47.178650119779434	112.07349963504215	3102.6055
47.45184855059512	113.38213384823077	3123.6626
47.73980473009234	114.67905738932384	3153.6898
48.04223703674405	115.96389527302166	3192.5115
48.3588567320902	117.23631347517073	3239.6105
48.68936901978189	118.49601838951025	3294.1482
49.03347407277117	119.74275605305839	3354.9986
49.39086802277208	120.9763111656098	3420.7947
49.76124390703504	122.19650592930867	3489.9859
50.14429256838125	123.40319873424197	3560.9022
50.539703505316005	124.59628271552698	3631.8243
50.94716566986905	125.77568420650928	3701.0546
51.36636821158484	126.94136111151253	3766.9876
51.79700116679685	128.09330122015012	3828.1748
52.23875609296496	129.23152048359225	3883.3831
52.691326648427214	130.35606127143015	3931.6423
53.154409118419395	131.46699062595425	3972.2813
53.62770288864506	132.56439852880584	4004.95
54.11091086804023	133.64839619311508	4029.627
54.60373986267208	134.71911439243897	4046.6124
55.10590090294487	135.7767018360815	4056.5061
55.617109526463715	136.821323598745	4060.1727
56.13708601903233	137.8531596109341	4058.695
56.66555561634144	138.87240321512806	4053.3173
57.20224866894282	139.879259791457	4045.383
57.74690077310915	140.87394545546752	4036.2667
58.29925287015328	141.85668582953758	4027.3067
58.8590513167294	142.82771488860465	4019.739
59.42604792856702	143.7872738800911	4014.637
59.99999999999999	144.73561031724535	4012.8592
60.58067030155157	145.6729770445577	4015.0072
61.16782705772538	146.59963137344585	4021.3966
61.76124390703503	147.5158342860312	4032.0412
62.36069984618289	148.4218497045308	4046.6521
62.96597916017513	149.31794382356657	4064.6518
63.57687134003648	150.20438450253144	4085.2014
64.19317098966519	151.08144071504458	4107.242
64.81467772324949	151.9493820524694	4129.5455
65.44119605454999	152.808478278447	4150.7758
66.0725352792411	153.65899893141415	4169.5545
66.70850935139694	154.5012129721155	4184.5304
67.34893675510656	155.3353884731886	4194.4481
67.99364037210603	156.16179234798136	4198.2138
68.64244734622547	156.98069011586378	4194.9535
69.29518894536457	157.79234570140352	4184.0635
69.95170042163069	158.59702126489356	4165.2473
70.61182087020094	159.39497706184335	4138.5404
71.2753930874019	160.1864713291706	4104.3195
71.94226342843773	160.9717601959578	4063.2967
72.61228166514054	161.7510976167656	4016.4978
73.28530084406377	162.52473532561788	3965.2264
73.96117714519126	163.29292280889817	3911.0148
74.63976974149092	164.05590729551355	3855.5632
75.32094065950206	164.8139337627975	3800.6712
76.00455464110858	165.56724495673262	3748.1629
76.6904790066185	166.31608142517842	3699.8095
77.37858351923944	167.06068156288816	3657.2539
78.0687402510143	167.80128166719328	3621.9381
78.76082345025605	168.5381160033205	3595.0395
79.45470941050044	169.27141687839094	3577.4166
80.15027634097487	170.0014147232256	3569.5682
80.84740423856572	170.72833818115458	3571.6074
81.54597476125012	171.45241420309307	3583.2515
82.24587110294536	172.17386814820765	3603.8287
82.94697786971682	172.8929238895535	3632.3016
83.64918095727445	173.60980392411287	3667.3065
84.3523674296794	174.32472948671335	3707.2068
85.05642539917308	175.03792066734437	3750.159
85.76124390703502	175.7495965314293	3794.1874
86.4667128053692	176.45997524264365	3837.2657
87.17272263971289	177.16927418789817	3877.4016
87.87916453235917	177.87771010413212	3912.7199
88.58593006627854	178.58549920658245	3941.5425
89.29291116952395	179.29285731821275	3962.4598
90.0	180.0	3974.3918
90.70708883047607	180.70714268178725	3976.6361
91.41406993372146	181.41450079341755	3968.8992
92.12083546764083	182.12228989586788	3951.3127
92.82727736028711	182.83072581210183	3924.4301
93.5332871946308	183.54002475735635	3889.2067
94.23875609296496	184.2504034685707	3846.9628
94.94357460082692	184.96207933265563	3799.3309
95.64763257032061	185.67527051328665	3748.19
96.35081904272555	186.39019607588713	3695.5895
97.05302213028318	187.1070761104465	3643.6651
97.75412889705464	187.82613185179233	3594.5514
98.45402523874989	188.54758579690696	3550.2945
99.15259576143428	189.27166181884542	3512.7674
99.84972365902512	189.9985852767744	3483.5929
100.54529058949956	190.72858312160906	3464.0766
101.23917654974393	191.4618839966795	3455.1538
101.93125974898571	192.19871833280675	3457.3503
102.62141648076054	192.93931843711184	3470.7619
103.30952099338153	193.68391857482158	3495.0505
103.99544535889142	194.43275504326738	3529.459
104.67905934049796	195.18606623720254	3572.8436
105.36023025850908	195.94409270448645	3623.7216
106.03882285480874	196.7070771911018	3680.3339
106.71469915593623	197.4752646743821	3740.7181
107.38771833485946	198.2489023832344	3802.7906
108.05773657156229	199.0282398040422	3864.433
108.7246069125981	199.8135286708294	3923.5793
109.38817912979906	200.60502293815665	3978.3006
110.04829957836931	201.40297873510644	4026.8844
110.70481105463544	202.20765429859648	4067.9024
111.35755265377453	203.01930988413622	4100.2678
112.00635962789397	203.83820765201864	4123.2764
112.65106324489344	204.6646115268114	4136.6313
113.29149064860306	205.49878702788448	4140.4504
113.92746472075892	206.34100106858588	4135.2555
114.55880394545001	207.191521721553	4121.9444
115.18532227675053	208.05061794753064	4101.7464
115.8068290103348	208.91855928495542	4076.1639
116.42312865996352	209.79561549746856	4046.9026
117.03402083982486	210.68205617643343	4015.7926
117.63930015381712	211.5781502954692	3984.7045
118.23875609296496	212.48416571396876	3955.4642
118.83217294227461	213.40036862655413	3929.7697
119.41932969844842	214.32702295544232	3909.1137
120.00000000000001	215.26438968275463	3894.7152
120.573952071433	216.2127261199089	3887.4633
121.14094868327061	217.17228511139535	3887.8755
121.70074712984672	218.14331417046245	3896.0721
122.25309922689084	219.12605454453248	3911.7685
122.79775133105717	220.12074020854297	3934.2841
123.33444438365854	221.1275967848719	3962.5704
123.86291398096766	222.1468403890659	3995.2529
124.38289047353629	223.17867640125502	4030.6897
124.89409909705513	224.2232981639185	4067.0399
125.39626013732791	225.28088560756103	4102.3423
125.88908913195978	226.35160380688492	4134.5986
126.37229711135494	227.43560147119416	4161.8594
126.84559088158062	228.53300937404572	4182.3078
127.30867335157278	229.64393872856982	4194.338
127.76124390703504	230.7684795164077	4196.6251
128.20299883320317	231.90669877984988	4188.1833
128.6336317884152	233.05863888848748	4168.4102
129.05283433013093	234.2243157934907	4137.1148
129.460296494684	235.40371728447298	4094.5284
129.85570743161875	236.59680126575802	4041.2984
130.23875609296496	237.80349407069136	3978.4642
130.60913197722795	239.0236888343902	3907.4172
130.96652592722884	240.25724394694157	3829.8466
131.31063098021812	241.50398161048972	3747.6723
131.6411432679098	242.7636865248293	3662.9697
131.95776296325596	244.03610472697835	3577.8875
132.26019526990768	245.32094261067616	3494.5635
132.54815144940486	246.6178661517692	3415.0411
132.8213498802206	247.92650036495786	3341.1911
133.07951714187095	249.2464290163152	3274.6406
133.32238911641656	250.5771946143248	3216.713
133.5497120988417	251.91829869987816	3168.3818
133.76124390703504	253.26920245272458	3130.2388
133.9567549814302	254.62932762827677	3102.4793
134.13602946382477	255.99805783448306	3084.9039
134.2988662445046	257.374740153737	3076.9371
134.44507996657927	258.75868710958434	3077.6617
134.57450197640154	260.14917897242117	3085.8672
134.68698120911597	261.5454663925662	3100.1101
134.78238499876502	262.94677334320136	3118.7833
134.8605998029806	264.3523003498448	3140.1921
134.92153183310086	265.7612279774355	3162.6319
134.96510758156856	267.17272054092643	3184.4662
134.99127423966527	268.5859300006715	3204.1999
135.0	270.0	3220.5456
134.99127423966527	271.4140699993285	3232.4797
134.96510758156856	272.82727945907357	3239.2857
134.92153183310086	274.2387720225645	3240.5838
134.8605998029806	275.6476996501551	3236.3443
134.78238499876502	277.0532266567986	3226.8857
134.68698120911597	278.45453360743375	3212.8563
134.57450197640154	279.85082102757883	3195.2018
134.44507996657927	281.2413128904156	3175.1187
134.2988662445046	282.625259846263	3153.9973
134.13602946382477	284.0019421655169	3133.3554
133.9567549814302	285.37067237172323	3114.7678
133.76124390703504	286.7307975472754	3099.7915
133.5497120988417	288.08170130012184	3089.8937
133.32238911641656	289.42280538567513	3086.3829
133.07951714187095	290.75357098368477	3090.3478
132.82134988022057	292.0734996350422	3102.6055
132.54815144940488	293.38213384823075	3123.6626
132.26019526990768	294.6790573893238	3153.6898
131.95776296325596	295.9638952730216	3192.5115
131.6411432679098	297.23631347517073	3239.6105
131.31063098021812	298.49601838951025	3294.1482
130.96652592722884	299.7427560530584	3354.9986
130.60913197722795	300.9763111656098	3420.7947
130.23875609296496	302.1965059293086	3489.9859
129.85570743161873	303.403198734242	3560.9022
129.46029649468403	304.59628271552697	3631.8243
129.05283433013096	305.7756842065093	3701.0546
128.6336317884152	306.9413611115125	3766.9876
128.20299883320317	308.0933012201501	3828.1748
127.76124390703505	309.23152048359225	3883.3831
127.3086733515728	310.3560612714301	3931.6423
126.84559088158062	311.4669906259543	3972.2813
126.37229711135495	312.5643985288058	4004.95
125.88908913195978	313.6483961931151	4029.627
125.39626013732794	314.71911439243894	4046.6124
124.89409909705515	315.77670183608143	4056.5061
124.38289047353632	316.821323598745	4060.1727
123.86291398096766	317.85315961093414	4058.695
123.33444438365856	318.8724032151281	4053.3173
122.7977513310572	319.879259791457	4045.383
122.25309922689087	320.8739454554675	4036.2667
121.70074712984675	321.8566858295375	4027.3067
121.14094868327061	322.82771488860465	4019.739
120.57395207143298	323.7872738800911	4014.637
120.00000000000001	324.73561031724535	4012.8592
119.41932969844845	325.6729770445577	4015.0072
118.83217294227461	326.59963137344585	4021.3966
118.23875609296496	327.51583428603124	4032.0412
117.63930015381712	328.4218497045308	4046.6521
117.03402083982486	329.31794382356657	4064.6518
116.42312865996352	330.2043845025314	4085.2014
115.8068290103348	331.08144071504455	4107.242
115.18532227675053	331.9493820524694	4129.5455
114.55880394545002	332.808478278447	4150.7758
113.92746472075895	333.6589989314141	4169.5545
113.29149064860304	334.5012129721155	4184.5304
112.65106324489344	335.3353884731886	4194.4481
112.00635962789399	336.16179234798136	4198.2138
111.35755265377455	336.98069011586375	4194.9535
110.70481105463546	337.79234570140346	4184.0635
110.04829957836931	338.59702126489356	4165.2473
109.38817912979906	339.39497706184335	4138.5404
108.7246069125981	340.18647132917056	4104.3195
108.05773657156229	340.9717601959578	4063.2967
107.38771833485946	341.7510976167656	4016.4978
106.71469915593623	342.5247353256179	3965.2264
106.03882285480876	343.2929228088982	3911.0148
105.36023025850909	344.0559072955135	3855.5632
104.67905934049797	344.8139337627975	3800.6712
103.99544535889142	345.5672449567326	3748.1629
103.30952099338151	346.3160814251784	3699.8095
102.62141648076056	347.06068156288813	3657.2539
101.93125974898572	347.8012816671932	3621.9381
101.23917654974393	348.5381160033205	3595.0395
100.54529058949956	349.27141687839094	3577.4166
99.84972365902513	350.0014147232256	3569.5682
99.15259576143428	350.7283381811546	3571.6074
98.4540252387499	351.45241420309304	3583.2515
97.75412889705464	352.17386814820765	3603.8287
97.05302213028318	352.89292388955346	3632.3016
96.35081904272556	353.60980392411284	3667.3065
95.64763257032062	354.32472948671335	3707.2068
94.94357460082692	355.03792066734434	3750.159
94.23875609296496	355.7495965314293	3794.1874
93.53328719463082	356.4599752426436	3837.2657
92.82727736028713	357.16927418789817	3877.4016
92.12083546764086	357.8777101041321	3912.7199
91.41406993372146	358.5854992065825	3941.5425
90.70708883047607	359.2928573182127	3962.4598
90.0	90.0	3007.9188
89.29291116952395	89.29285731821274	2997.8343
88.58593006627854	88.58549920658245	2984.3719
87.87916453235917	87.87771010413212	2967.8049
87.1727226397129	87.16927418789815	2948.5778
86.4667128053692	86.45997524264364	2927.2859
85.76124390703504	85.74959653142929	2904.6509
85.05642539917308	85.03792066734437	2881.4927
84.3523674296794	84.32472948671335	2858.699
83.64918095727445	83.60980392411285	2837.1937
82.94697786971682	82.89292388955346	2817.9048
82.24587110294536	82.17386814820766	2801.734
81.54597476125012	81.45241420309306	2789.5283
80.84740423856572	80.72833818115458	2782.0537
80.15027634097487	80.0014147232256	2779.9741
79.45470941050044	79.27141687839094	2783.8332
78.76082345025607	78.5381160033205	2794.0422
78.0687402510143	77.80128166719327	2810.8718
77.37858351923944	77.06068156288816	2834.4492
76.69047900661849	76.31608142517841	2864.7601
76.00455464110858	75.56724495673262	2901.6549
75.32094065950206	74.81393376279749	2944.8591
74.63976974149092	74.05590729551355	2993.9862
73.96117714519126	73.29292280889818	3048.5538
73.28530084406378	72.52473532561788	3108.0013
72.61228166514054	71.7510976167656	3171.7081
71.94226342843773	70.97176019595781	3239.0125
71.27539308740191	70.18647132917059	3309.2298
70.61182087020094	69.39497706184336	3381.6687
69.95170042163069	68.59702126489356	3455.6466
69.29518894536457	67.79234570140352	3530.5026
68.64244734622547	66.98069011586378	3605.6068
67.99364037210603	66.16179234798135	3680.3688
67.34893675510656	65.33538847318859	3754.2421
66.70850935139694	64.50121297211548	3826.7264
66.07253527924108	63.65899893141411	3897.3675
65.44119605454999	62.808478278447	3965.7558
64.81467772324949	61.94938205246937	4031.5222
64.19317098966519	61.081440715044565	4094.3342
63.57687134003648	60.20438450253143	4153.8902
62.965979160175145	59.31794382356658	4209.9154
62.36069984618289	58.4218497045308	4262.1563
61.761243907035045	57.515834286031215	4310.378
61.16782705772538	56.59963137344585	4354.3611
60.58067030155157	55.67297704455769	4393.9012
59.99999999999999	54.735610317245346	4428.8095
59.42604792856702	53.787273880091085	4458.9156
58.8590513167294	52.827714888604646	4484.071
58.29925287015328	51.85668582953758	4504.1549
57.74690077310915	50.87394545546753	4519.0804
57.20224866894282	49.87925979145702	4528.8022
56.66555561634145	48.87240321512806	4533.3232
56.13708601903233	47.85315961093413	4532.7025
55.61710952646371	46.821323598745	4527.0614
55.10590090294487	45.776701836081465	4516.5889
54.60373986267208	44.71911439243896	4501.545
54.11091086804023	43.6483961931151	4482.2627
53.62770288864506	42.564398528805846	4459.1465
53.154409118419395	41.46699062595427	4432.6696
52.691326648427214	40.356061271430136	4403.3678
52.23875609296496	39.23152048359226	4371.8304
51.79700116679687	38.09330122015014	4338.6897
51.36636821158484	36.941361111512535	4304.6075
50.94716566986906	35.77568420650932	4270.2601
50.539703505316	34.59628271552699	4236.3222
50.14429256838126	33.40319873424199	4203.4496
49.76124390703504	32.19650592930866	4172.2625
49.390868022772075	30.976311165609783	4143.3283
49.03347407277117	29.742756053058372	4117.1469
48.68936901978189	28.496018389510258	4094.1364
48.35885673209022	27.236313475170732	4074.6222
48.04223703674405	25.963895273021652	4058.828
47.73980473009234	24.679057389323834	4046.8704
47.45184855059514	23.382133848230776	4038.7569
47.178650119779434	22.07349963504216	4034.387
46.920482858129056	20.753570983684796	4033.5574
46.677610883583455	19.422805385675183	4035.9692
46.450287901158305	18.08170130012181	4041.2397
46.23875609296496	16.730797547275397	4048.9157
46.043245018569806	15.370672371723243	4058.4891
45.86397053617525	14.001942165516926	4069.4138
45.701133755495384	12.625259846263035	4081.1242
45.554920033420714	11.241312890415616	4093.0525
45.42549802359849	9.850821027578828	4104.6471
45.31301879088406	8.454533607433808	4115.3884
45.21761500123496	7.053226656798624	4124.8038
45.1394001970194	5.647699650155149	4132.4802
45.07846816689916	4.238772022564465	4138.0739
45.03489241843145	2.8272794590735852	4141.3177
45.00872576033472	1.414069999328503	4142.0248
45.0	4.961562726608714e-15	4140.0901
45.00872576033472	358.5859300006715	4135.488
45.03489241843145	357.17272054092643	4128.2685
45.07846816689916	355.76122797743557	4118.5495
45.1394001970194	354.3523003498448	4106.5089
45.21761500123496	352.94677334320136	4092.3744
45.31301879088406	351.5454663925662	4076.4124
45.42549802359848	350.14917897242117	4058.9174
45.554920033420714	348.7586871095844	4040.2009
45.701133755495384	347.374740153737	4020.5821
45.86397053617525	345.99805783448306	4000.3787
46.043245018569806	344.62932762827677	3979.9006
46.238756092964955	343.26920245272464	3959.4444
46.450287901158305	341.91829869987816	3939.2907
46.677610883583455	340.5771946143248	3919.7034
46.920482858129056	339.2464290163152	3900.93
47.178650119779434	337.92650036495786	3883.2053
47.45184855059512	336.61786615176925	3866.7545
47.73980473009234	335.3209426106762	3851.7989
48.04223703674405	334.03610472697835	3838.5611
48.3588567320902	332.76368652482927	3827.2701
48.68936901978189	331.50398161048975	3818.1664
49.03347407277117	330.2572439469416	3811.5051
49.39086802277208	329.0236888343902	3807.558
49.76124390703504	327.80349407069133	3806.6129
50.14429256838125	326.596801265758	3808.9715
50.539703505316005	325.40371728447303	3814.9435
50.94716566986905	324.2243157934907	3824.8394
51.36636821158484	323.05863888848745	3838.9596
51.79700116679685	321.9066987798499	3857.5818
52.23875609296496	320.76847951640775	3880.9466
52.691326648427214	319.6439387285699	3909.2416
53.154409118419395	318.5330093740457	3942.5844
53.62770288864506	317.43560147119416	3981.0064
54.11091086804023	316.3516038068849	4024.4368
54.60373986267208	315.28088560756106	4072.6883
55.10590090294487	314.2232981639185	4125.4456
55.617109526463715	313.17867640125496	4182.2563
56.13708601903233	312.14684038906586	4242.527
56.66555561634144	311.12759678487197	4305.5221
57.20224866894282	310.120740208543	4370.3692
57.74690077310915	309.1260545445325	4436.068
58.29925287015328	308.1433141704624	4501.5058
58.8590513167294	307.17228511139535	4565.4768
59.42604792856702	306.2127261199089	4626.7065
59.99999999999999	305.26438968275465	4683.8805
60.58067030155157	304.3270229554423	4735.6758
61.16782705772538	303.40036862655415	4780.7954
61.76124390703503	302.4841657139688	4818.0032
62.36069984618289	301.5781502954692	4846.1604
62.96597916017513	300.68205617643343	4864.2596
63.57687134003648	299.7956154974686	4871.4575
64.19317098966519	298.91855928495545	4867.1038
64.81467772324949	298.0506179475306	4850.7661
65.44119605454999	297.191521721553	4822.2483
66.0725352792411	296.3410010685859	4781.6036
66.70850935139694	295.49878702788453	4729.1402
67.34893675510656	294.6646115268114	4665.4199
67.99364037210603	293.83820765201864	4591.2485
68.64244734622547	293.0193098841362	4507.6596
69.29518894536457	292.2076542985965	4415.8912
69.95170042163069	291.40297873510644	4317.3557
70.61182087020094	290.60502293815665	4213.6044
71.2753930874019	289.81352867082944	4106.288
71.94226342843773	289.0282398040422	3997.113
72.61228166514054	288.2489023832344	3887.7972
73.28530084406377	287.4752646743821	3780.024
73.96117714519126	286.7070771911018	3675.3981
74.63976974149092	285.9440927044865	3575.4033
75.32094065950206	285.1860662372025	3481.3648
76.00455464110858	284.4327550432674	3394.4159
76.6904790066185	283.6839185748216	3315.4709
77.37858351923944	282.93931843711187	3245.2054
78.0687402510143	282.1987183328067	3184.0438
78.76082345025605	281.4618839966795	3132.1548
79.45470941050044	280.72858312160906	3089.4552
80.15027634097487	279.9985852767744	3055.6213
80.84740423856572	279.2716618188454	3030.1077
81.54597476125012	278.54758579690696	3012.1726
82.24587110294536	277.82613185179235	3000.9093
82.94697786971682	277.10707611044654	2995.2819
83.64918095727445	276.39019607588716	2994.164
84.3523674296794	275.67527051328665	2996.3803
85.05642539917308	274.96207933265566	3000.7478
85.76124390703502	274.2504034685707	3006.1164
86.4667128053692	273.5400247573564	3011.4074
87.17272263971289	272.83072581210183	3015.6485
87.87916453235917	272.1222898958679	3018.0037
88.58593006627854	271.4145007934176	3017.7984
89.29291116952395	270.7071426817872	3014.5379
90.0	270.0	3007.9188
90.70708883047607	269.2928573182127	2997.8343
91.41406993372146	268.5854992065824	2984.3719
92.12083546764083	267.8777101041321	2967.8049
92.82727736028711	267.16927418789817	2948.5778
93.5332871946308	266.4599752426436	2927.2859
94.23875609296496	265.7495965314293	2904.6509
94.94357460082692	265.03792066734434	2881.4927
95.64763257032061	264.32472948671335	2858.699
96.35081904272555	263.60980392411284	2837.1937
97.05302213028318	262.89292388955346	2817.9048
97.75412889705464	262.17386814820765	2801.734
98.45402523874989	261.45241420309304	2789.5283
99.15259576143428	260.7283381811546	2782.0537
99.84972365902512	260.0014147232256	2779.9741
100.54529058949956	259.27141687839094	2783.8332
101.23917654974393	258.5381160033205	2794.0422
101.93125974898571	257.8012816671933	2810.8718
102.62141648076054	257.06068156288813	2834.4492
103.30952099338153	256.31608142517837	2864.7601
103.99544535889142	255.56724495673262	2901.6549
104.67905934049796	254.8139337627975	2944.8591
105.36023025850908	254.05590729551355	2993.9862
106.03882285480874	253.2929228088982	3048.5538
106.71469915593623	252.52473532561788	3108.0013
107.38771833485946	251.7510976167656	3171.7081
108.05773657156229	250.9717601959578	3239.0125
108.7246069125981	250.18647132917056	3309.2298
109.38817912979906	249.39497706184335	3381.6687
110.04829957836931	248.59702126489356	3455.6466
110.70481105463544	247.79234570140352	3530.5026
111.35755265377453	246.98069011586378	3605.6068
112.00635962789397	246.16179234798136	3680.3688
112.65106324489344	245.33538847318857	3754.2421
113.29149064860306	244.50121297211547	3826.7264
113.92746472075892	243.6589989314141	3897.3675
114.55880394545001	242.808478278447	3965.7558
115.18532227675053	241.9493820524694	4031.5222
115.8068290103348	241.08144071504458	4094.3342
116.42312865996352	240.2043845025314	4153.8902
117.03402083982486	239.31794382356657	4209.9154
117.63930015381712	238.4218497045308	4262.1563
118.23875609296496	237.5158342860312	4310.378
118.83217294227461	236.59963137344585	4354.3611
119.41932969844842	235.67297704455768	4393.9012
120.00000000000001	234.73561031724535	4428.8095
120.573952071433	233.78727388009108	4458.9156
121.14094868327061	232.82771488860465	4484.071
121.70074712984672	231.85668582953755	4504.1549
122.25309922689084	230.87394545546752	4519.0804
122.79775133105717	229.879259791457	4528.8022
123.33444438365854	228.8724032151281	4533.3232
123.86291398096766	227.8531596109341	4532.7025
124.38289047353629	226.82132359874498	4527.0614
124.89409909705513	225.7767018360815	4516.5889
125.39626013732791	224.71911439243897	4501.545
125.88908913195978	223.64839619311508	4482.2627
126.37229711135494	222.56439852880584	4459.1465
126.84559088158062	221.46699062595428	4432.6696
127.30867335157278	220.35606127143015	4403.3678
127.76124390703504	219.23152048359228	4371.8304
128.20299883320317	218.0933012201501	4338.6897
128.6336317884152	216.94136111151252	4304.6075
129.05283433013093	215.7756842065093	4270.2601
129.460296494684	214.59628271552702	4236.3222
129.85570743161875	213.40319873424195	4203.4496
130.23875609296496	212.19650592930864	4172.2625
130.60913197722795	210.9763111656098	4143.3283
130.96652592722884	209.74275605305837	4117.1469
131.31063098021812	208.49601838951028	4094.1364
131.6411432679098	207.2363134751707	4074.6222
131.95776296325596	205.96389527302162	4058.828
132.26019526990768	204.67905738932384	4046.8704
132.54815144940486	203.38213384823078	4038.7569
132.8213498802206	202.07349963504214	4034.387
133.07951714187095	200.75357098368477	4033.5574
133.32238911641656	199.4228053856752	4035.9692
133.5497120988417	198.08170130012184	4041.2397
133.76124390703504	196.73079754727542	4048.9157
133.9567549814302	195.3706723717232	4058.4891
134.13602946382477	194.0019421655169	4069.4138
134.2988662445046	192.62525984626305	4081.1242
134.44507996657927	191.24131289041563	4093.0525
134.57450197640154	189.8508210275788	4104.6471
134.68698120911597	188.4545336074338	4115.3884
134.78238499876502	187.0532266567986	4124.8038
134.8605998029806	185.64769965015518	4132.4802
134.92153183310086	184.2387720225645	4138.0739
134.96510758156856	182.82727945907357	4141.3177
134.99127423966527	181.4140699993285	4142.0248
135.0	180.0	4140.0901
134.99127423966527	178.58593000067157	4135.488
134.96510758156856	177.1727205409264	4128.2685
134.92153183310086	175.76122797743554	4118.5495
134.8605998029806	174.35230034984485	4106.5089
134.78238499876502	172.94677334320141	4092.3744
134.68698120911597	171.54546639256625	4076.4124
134.57450197640154	170.14917897242117	4058.9174
134.44507996657927	168.7586871095844	4040.2009
134.2988662445046	167.37474015373698	4020.5821
134.13602946382477	165.9980578344831	4000.3787
133.9567549814302	164.62932762827674	3979.9006
133.76124390703504	163.2692024527246	3959.4444
133.5497120988417	161.9182986998782	3939.2907
133.32238911641656	160.57719461432484	3919.7034
133.07951714187095	159.24642901631526	3900.93
132.82134988022057	157.92650036495783	3883.2053
132.54815144940488	156.61786615176925	3866.7545
132.26019526990768	155.32094261067618	3851.7989
131.95776296325596	154.03610472697838	3838.5611
131.6411432679098	152.76368652482927	3827.2701
131.31063098021812	151.50398161048975	3818.1664
130.96652592722884	150.25724394694163	3811.5051
130.60913197722795	149.02368883439024	3807.558
130.23875609296496	147.80349407069139	3806.6129
129.85570743161873	146.596801265758	3808.9715
129.46029649468403	145.403717284473	3814.9435
129.05283433013096	144.22431579349072	3824.8394
128.6336317884152	143.0586388884875	3838.9596
128.20299883320317	141.90669877984988	3857.5818
127.76124390703505	140.76847951640775	3880.9466
127.3086733515728	139.64393872856988	3909.2416
126.84559088158062	138.53300937404575	3942.5844
126.37229711135495	137.4356014711942	3981.0064
125.88908913195978	136.35160380688492	4024.4368
125.39626013732794	135.28088560756106	4072.6883
124.89409909705515	134.22329816391854	4125.4456
124.38289047353632	133.17867640125502	4182.2563
123.86291398096766	132.14684038906586	4242.527
123.33444438365856	131.12759678487194	4305.5221
122.7977513310572	130.120740208543	4370.3692
122.25309922689087	129.12605454453248	4436.068
121.70074712984675	128.14331417046245	4501.5058
121.14094868327061	127.17228511139534	4565.4768
120.57395207143298	126.21272611990892	4626.7065
120.00000000000001	125.26438968275468	4683.8805
119.41932969844845	124.32702295544235	4735.6758
118.83217294227461	123.40036862655414	4780.7954
118.23875609296496	122.48416571396879	4818.0032
117.63930015381712	121.57815029546921	4846.1604
117.03402083982486	120.68205617643345	4864.2596
116.42312865996352	119.79561549746859	4871.4575
115.8068290103348	118.91855928495542	4867.1038
115.18532227675053	118.05061794753063	4850.7661
114.55880394545002	117.19152172155302	4822.2483
113.92746472075895	116.34100106858591	4781.6036
113.29149064860304	115.49878702788452	4729.1402
112.65106324489344	114.66461152681141	4665.4199
112.00635962789399	113.83820765201867	4591.2485
111.35755265377455	113.01930988413625	4507.6596
110.70481105463546	112.20765429859652	4415.8912
110.04829957836931	111.40297873510644	4317.3557
109.38817912979906	110.60502293815665	4213.6044
108.7246069125981	109.81352867082943	4106.288
108.05773657156229	109.02823980404222	3997.113
107.38771833485946	108.2489023832344	3887.7972
106.71469915593623	107.47526467438213	3780.024
106.03882285480876	106.70707719110183	3675.3981
105.36023025850909	105.94409270448648	3575.4033
104.67905934049797	105.18606623720254	3481.3648
103.99544535889142	104.43275504326738	3394.4159
103.30952099338151	103.68391857482159	3315.4709
102.62141648076056	102.93931843711185	3245.2054
101.93125974898572	102.19871833280676	3184.0438
101.23917654974393	101.4618839966795	3132.1548
100.54529058949956	100.72858312160906	3089.4552
99.84972365902513	99.99858527677442	3055.6213
99.15259576143428	99.27166181884544	3030.1077
98.4540252387499	98.54758579690696	3012.1726
97.75412889705464	97.82613185179234	3000.9093
97.05302213028318	97.10707611044654	2995.2819
96.35081904272556	96.39019607588716	2994.164
95.64763257032062	95.67527051328666	2996.3803
94.94357460082692	94.96207933265563	3000.7478
94.23875609296496	94.25040346857071	3006.1164
93.53328719463082	93.54002475735638	3011.4074
92.82727736028713	92.83072581210186	3015.6485
92.12083546764086	92.12228989586791	3018.0037
91.41406993372146	91.41450079341756	3017.7984
90.70708883047607	90.70714268178726	3014.5379
90.0	0.0	2794.8592
90.0	1.0	2787.9308
90.0	2.0	2776.8054
90.0	3.0000000000000004	2761.7383
90.0	4.0	2743.207
90.0	5.0	2721.8937
90.0	6.000000000000001	2698.6593
90.0	7.0	2674.5103
90.0	8.0	2650.5588
90.0	9.0	2627.9779
90.0	10.0	2607.9549
90.0	11.0	2591.642
90.0	12.0	2580.1096
90.0	13.0	2574.3009
90.0	14.0	2574.9923
90.0	14.999999999999998	2582.7593
90.0	16.0	2597.9508
90.0	17.000000000000004	2620.671
90.0	18.0	2650.7717
90.0	19.0	2687.8543
90.0	20.0	2731.2805
90.0	21.0	2780.1934
90.0	22.0	2833.5466
90.0	23.0	2890.1405
90.0	24.000000000000004	2948.6641
90.0	25.0	3007.7419
90.0	26.0	3065.9822
90.0	26.999999999999996	3122.0265
90.0	28.0	3174.5965
90.0	29.000000000000004	3222.539
90.0	29.999999999999996	3264.8645
90.0	31.0	3300.7801
90.0	32.0	3329.7143
90.0	33.0	3351.3332
90.0	34.00000000000001	3365.5474
90.0	35.0	3372.51
90.0	36.0	3372.6047
90.0	37.0	3366.4263
90.0	38.0	3354.7528
90.0	39.0	3338.5115
90.0	40.0	3318.7403
90.0	41.0	3296.5449
90.0	42.0	3273.0556
90.0	43.0	3249.3832
90.0	44.0	3226.5778
90.0	45.0	3205.5905
90.0	46.00000000000001	3187.2404
90.0	47.0	3172.1878
90.0	48.00000000000001	3160.9151
90.0	49.00000000000001	3153.7144
90.0	50.0	3150.6845
90.0	51.0	3151.7349
90.0	52.0	3156.5983
90.0	53.0	3164.849
90.0	54.0	3175.9284
90.0	55.0	3189.1745
90.0	56.0	3203.8545
90.0	57.00000000000001	3219.2
90.0	58.00000000000001	3234.4419
90.0	59.00000000000001	3248.8441
90.0	59.99999999999999	3261.7346
90.0	61.0	3272.5326
90.0	62.0	3280.7703
90.0	63.0	3286.1093
90.0	64.0	3288.35
90.0	65.0	3287.4348
90.0	66.0	3283.4438
90.0	67.0	3276.5858
90.0	68.0	3267.1817
90.0	69.0	3255.6447
90.0	70.0	3242.4558
90.0	71.0	3228.1376
90.0	72.0	3213.2263
90.0	73.0	3198.2442
90.0	74.0	3183.674
90.0	75.0	3169.9353
90.0	76.0	3157.3649
90.0	77.0	3146.2029
90.0	78.0	3136.5823
90.0	79.0	3128.526
90.0	80.0	3121.9486
90.0	81.0	3116.6645
90.0	82.0	3112.4005
90.0	83.0	3108.8136
90.0	84.0	3105.5122
90.0	85.0	3102.0794
90.0	86.0	3098.0987
90.0	87.0	3093.1785
90.0	88.0	3086.9769
90.0	89.0	3079.2228
90.0	90.0	3069.7346
90.0	91.0	3058.4345
90.0	92.0	3045.3569
90.0	93.0	3030.6525
90.0	94.0	3014.586
90.0	95.0	2997.5283
90.0	96.00000000000001	2979.943
90.0	97.0	2962.3691
90.0	98.0	2945.3988
90.0	99.0	2929.6529
90.0	100.0	2915.7539
90.0	101.0	2904.299
90.0	102.0	2895.8337
90.0	103.0	2890.8268
90.0	104.0	2889.6491
90.0	105.00000000000001	2892.5559
90.0	106.0	2899.674
90.0	107.0	2910.9952
90.0	108.0	2926.3747
90.0	109.0	2945.5358
90.0	110.0	2968.0808
90.0	111.0	2993.5066
90.0	112.0	3021.2253
90.0	113.0	3050.5884
90.0	114.00000000000001	3080.9137
90.0	115.0	3111.5135
90.0	116.00000000000001	3141.7231
90.0	117.0	3170.9277
90.0	118.00000000000001	3198.5875
90.0	119.0	3224.2584
90.0	119.99999999999999	3247.6089
90.0	121.0	3268.4311
90.0	122.0	3286.6459
90.0	123.00000000000001	3302.3022
90.0	124.0	3315.5696
90.0	125.00000000000001	3326.7255
90.0	126.0	3336.1367
90.0	127.00000000000001	3344.237
90.0	128.0	3351.5005
90.0	129.0	3358.4134
90.0	130.0	3365.445
90.0	131.0	3373.0184
90.0	132.0	3381.4839
90.0	133.0	3391.0954
90.0	134.0	3401.9908
90.0	135.0	3414.1782
90.0	136.0	3427.528
90.0	137.0	3441.7718
90.0	138.0	3456.5082
90.0	139.0	3471.2148
90.0	140.0	3485.2674
90.0	141.0	3497.9637
90.0	142.0	3508.553
90.0	143.0	3516.2677
90.0	144.0	3520.3582
90.0	145.0	3520.1278
90.0	146.0	3514.9664
90.0	147.0	3504.382
90.0	148.0	3488.0281
90.0	149.0	3465.7257
90.0	150.0	3437.4794
90.0	151.0	3403.4854
90.0	152.0	3364.1326
90.0	153.0	3319.9956
90.0	154.0	3271.8192
90.0	155.0	3220.4965
90.0	156.0	3167.0397
90.0	157.0	3112.5459
90.0	158.0	3058.1584
90.0	159.0	3005.0258
90.0	160.0	2954.2595
90.0	161.0	2906.8927
90.0	162.0	2863.8418
90.0	163.0	2825.8712
90.0	164.0	2793.5647
90.0	165.0	2767.3034
90.0	166.0	2747.2512
90.0	167.0	2733.3496
90.0	168.0	2725.3206
90.0	169.0	2722.6791
90.0	170.0	2724.7533
90.0	171.0	2730.7133
90.0	172.0	2739.6056
90.0	173.0	2750.3936
90.0	174.0	2762.0009
90.0	175.0	2773.3573
90.0	176.0	2783.4442
90.0	177.0	2791.3382
90.0	178.0	2796.2512
90.0	179.0	2797.565
90.0	180.0	2794.8592
90.0	181.0	2787.9308
90.0	181.99999999999997	2776.8054
90.0	182.99999999999997	2761.7383
90.0	183.99999999999997	2743.207
90.0	184.99999999999997	2721.8937
90.0	185.99999999999997	2698.6593
90.0	186.99999999999997	2674.5103
90.0	188.0	2650.5588
90.0	188.99999999999997	2627.9779
90.0	190.0	2607.9549
90.0	190.99999999999997	2591.642
90.0	192.0	2580.1096
90.0	192.99999999999997	2574.3009
90.0	193.99999999999997	2574.9923
90.0	194.99999999999997	2582.7593
90.0	195.99999999999997	2597.9508
90.0	197.0	2620.671
90.0	197.99999999999997	2650.7717
90.0	199.0	2687.8543
90.0	199.99999999999997	2731.2805
90.0	201.0	2780.1934
90.0	201.99999999999997	2833.5466
90.0	203.0	2890.1405
90.0	203.99999999999997	2948.6641
90.0	204.99999999999997	3007.7419
90.0	206.0	3065.9822
90.0	206.99999999999997	3122.0265
90.0	208.0	3174.5965
90.0	208.99999999999997	3222.539
90.0	210.0	3264.8645
90.0	210.99999999999997	3300.7801
90.0	212.0	3329.7143
90.0	212.99999999999997	3351.3332
90.0	214.0	3365.5474
90.0	215.0	3372.51
90.0	216.0	3372.6047
90.0	217.0	3366.4263
90.0	217.99999999999997	3354.7528
90.0	219.00000000000003	3338.5115
90.0	219.99999999999997	3318.7403
90.0	220.99999999999997	3296.5449
90.0	221.99999999999997	3273.0556
90.0	223.0	3249.3832
90.0	224.0	3226.5778
90.0	224.99999999999997	3205.5905
90.0	226.0	3187.2404
90.0	227.0	3172.1878
90.0	228.0	3160.9151
90.0	229.0	3153.7144
90.0	230.0	3150.6845
90.0	230.99999999999997	3151.7349
90.0	232.00000000000003	3156.5983
90.0	233.0	3164.849
90.0	233.99999999999997	3175.9284
90.0	234.99999999999994	3189.1745
90.0	236.0	3203.8545
90.0	237.0	3219.2
90.0	238.0	3234.4419
90.0	239.0	3248.8441
90.0	239.99999999999994	3261.7346
90.0	241.0	3272.5326
90.0	242.0	3280.7703
90.0	242.99999999999997	3286.1093
90.0	243.99999999999994	3288.35
90.0	245.0	3287.4348
90.0	246.0	3283.4438
90.0	247.0	3276.5858
90.0	248.0	3267.1817
90.0	248.99999999999997	3255.6447
90.0	250.0	3242.4558
90.0	251.0	3228.1376
90.0	252.0	3213.2263
90.0	252.99999999999997	3198.2442
90.0	254.0	3183.674
90.0	255.0	3169.9353
90.0	256.0	3157.3649
90.0	257.0	3146.2029
90.0	258.0	3136.5823
90.0	259.0	3128.526
90.0	260.0	3121.9486
90.0	261.0	3116.6645
90.0	262.0	3112.4005
90.0	263.0	3108.8136
90.0	264.0	3105.5122
90.0	265.0	3102.0794
90.0	266.0	3098.0987
90.0	267.0	3093.1785
90.0	268.0	3086.9769
90.0	269.0	3079.2228
90.0	270.0	3069.7346
90.0	271.0	3058.4345
90.0	272.0	3045.3569
90.0	273.0	3030.6525
90.0	274.0	3014.586
90.0	275.0	2997.5283
90.0	276.0	2979.943
90.0	277.0	2962.3691
90.0	278.0	2945.3988
90.0	279.0	2929.6529
90.0	280.0	2915.7539
90.0	281.0	2904.299
90.0	282.0	2895.8337
90.0	283.0	2890.8268
90.0	284.0	2889.6491
90.0	285.0	2892.5559
90.0	286.0	2899.674
90.0	287.0	2910.9952
90.0	288.0	2926.3747
90.0	289.0	2945.5358
90.0	290.0	2968.0808
90.0	291.0	2993.5066
90.0	292.0	3021.2253
90.0	293.0	3050.5884
90.0	294.0	3080.9137
90.0	295.0	3111.5135
90.0	296.0	3141.7231
90.0	297.0	3170.9277
90.0	298.0	3198.5875
90.0	299.0	3224.2584
90.0	300.0	3247.6089
90.0	301.0	3268.4311
90.0	302.0	3286.6459
90.0	303.0	3302.3022
90.0	304.0	3315.5696
90.0	305.0	3326.7255
90.0	306.0	3336.1367
90.0	307.0	3344.237
90.0	308.0	3351.5005
90.0	309.0	3358.4134
90.0	310.0	3365.445
90.0	311.0	3373.0184
90.0	311.99999999999994	3381.4839
90.0	313.0	3391.0954
90.0	314.0	3401.9908
90.0	315.0	3414.1782
90.0	316.0	3427.528
90.0	317.0	3441.7718
90.0	318.0	3456.5082
90.0	319.0	3471.2148
90.0	320.0	3485.2674
90.0	321.0	3497.9637
90.0	322.0	3508.553
90.0	323.0	3516.2677
90.0	324.0	3520.3582
90.0	325.0	3520.1278
90.0	326.0	3514.9664
90.0	327.0	3504.382
90.0	328.0	3488.0281
90.0	329.0	3465.7257
90.0	330.0	3437.4794
90.0	331.0	3403.4854
90.0	332.0	3364.1326
90.0	333.0	3319.9956
90.0	334.0	3271.8192
90.0	335.0	3220.4965
90.0	336.0	3167.0397
90.0	337.0	3112.5459
90.0	338.0	3058.1584
90.0	338.99999999999994	3005.0258
90.0	340.0	2954.2595
90.0	341.0	2906.8927
90.0	342.0	2863.8418
90.0	343.0	2825.8712
90.0	344.0	2793.5647
90.0	345.0	2767.3034
90.0	346.0	2747.2512
90.0	347.0	2733.3496
90.0	347.99999999999994	2725.3206
90.0	349.0	2722.6791
90.0	350.0	2724.7533
90.0	351.0	2730.7133
90.0	352.0	2739.6056
90.0	353.0	2750.3936
90.0	354.0	2762.0009
90.0	355.0	2773.3573
90.0	356.0	2783.4442
90.0	356.99999999999994	2791.3382
90.0	358.0	2796.2512
90.0	359.0	2797.565
