Polar Angle 	 Azimuth Angle 	 Intensity 
90.0	45.0	538.4028
89.0	45.0	536.3058
88.0	45.0	533.4058
87.00000000000001	45.0	529.7441
86.0	45.0	525.3745
85.0	45.0	520.3626
84.0	45.0	514.7851
83.0	45.0	508.7281
82.0	45.0	502.2869
81.0	45.0	495.5645
80.0	45.0	488.6707
79.0	45.0	481.7212
78.00000000000001	45.0	474.8365
77.0	45.0	468.1409
76.0	45.0	461.7619
75.0	45.0	455.8293
74.0	45.0	450.4743
73.0	45.0	445.8287
72.0	45.0	442.0242
71.0	45.0	439.1916
70.0	45.0	437.4597
69.00000000000001	45.0	436.9541
68.0	45.0	437.7965
67.0	45.0	440.1027
66.0	45.0	443.9812
65.0	45.0	449.5314
64.0	45.0	456.8415
63.0	45.0	465.9862
62.0	45.0	477.024
61.0	45.0	489.9949
60.00000000000001	45.0	504.9175
59.00000000000001	45.0	521.7864
58.00000000000001	45.0	540.5693
57.00000000000001	45.0	561.2048
55.99999999999999	45.0	583.6
55.00000000000001	45.0	607.629
54.0	45.0	633.1315
53.00000000000001	45.0	659.9121
52.0	45.0	687.7407
51.00000000000001	45.0	716.3531
50.00000000000001	45.0	745.4533
49.00000000000001	45.0	774.7157
48.0	45.0	803.7896
47.0	45.0	832.303
46.00000000000001	45.0	859.8689
45.0	45.0	886.0914
44.0	45.0	910.5727
43.0	45.0	932.9209
42.0	45.0	952.7577
41.0	45.0	969.7272
40.00000000000001	45.0	983.5035
39.0	45.0	993.7986
37.99999999999999	45.0	1000.3702
37.0	45.0	1003.0278
36.0	45.0	1001.6389
35.0	45.0	996.1331
34.0	45.0	986.5056
33.0	45.0	972.8185
31.99999999999999	45.0	955.2014
31.0	45.0	933.8496
30.000000000000004	45.0	909.0209
29.00000000000001	45.0	881.031
28.000000000000007	45.0	850.2471
27.00000000000001	45.0	817.0802
25.999999999999996	45.0	781.9767
25.000000000000004	45.0	745.4079
24.000000000000004	45.0	707.8606
22.999999999999993	45.0	669.8251
21.999999999999996	45.0	631.7856
21.0	45.0	594.2084
20.00000000000001	45.0	557.5328
19.000000000000014	45.0	522.1614
18.00000000000001	45.0	488.4521
17.000000000000007	45.0	456.7116
15.999999999999995	45.0	427.1905
14.999999999999996	45.0	400.0794
14.0	45.0	375.5078
12.999999999999996	45.0	353.5448
12.000000000000018	45.0	334.2004
10.999999999999993	45.0	317.4304
10.000000000000012	45.0	303.1414
8.999999999999984	45.0	291.1978
7.999999999999981	45.0	281.4304
7.000000000000025	45.0	273.6447
6.000000000000026	45.0	267.631
4.999999999999992	45.0	263.174
4.000000000000042	45.0	260.0625
3.0000000000000444	45.0	258.0982
1.9999999999999472	45.0	257.105
0.9999999999999002	45.0	256.9353
0.0	45.0	257.4767
0.9999999999999002	225.0	258.6564
1.9999999999999472	225.0	260.4437
3.0000000000000444	225.0	262.8511
4.000000000000042	225.0	265.9335
4.999999999999992	225.0	269.7857
6.000000000000026	225.0	274.5377
6.9999999999999725	225.0	280.3494
7.999999999999981	225.0	287.4026
8.999999999999984	225.0	295.8936
10.000000000000012	225.0	306.0235
10.999999999999993	225.0	317.9887
11.999999999999988	225.0	331.9716
12.999999999999996	225.0	348.1308
14.0	225.0	366.5923
14.999999999999996	225.0	387.4414
15.999999999999995	225.0	410.7155
16.99999999999999	225.0	436.3993
17.999999999999986	225.0	464.42
18.999999999999996	225.0	494.6457
19.999999999999993	225.0	526.8846
21.0	225.0	560.8868
21.999999999999996	225.0	596.3473
23.00000000000001	225.0	632.9114
24.000000000000004	225.0	670.1809
24.99999999999999	225.0	707.7222
26.000000000000007	225.0	745.0756
26.999999999999996	225.0	781.7649
28.000000000000007	225.0	817.3086
28.999999999999996	225.0	851.23
29.999999999999993	225.0	883.0683
31.0	225.0	912.3891
31.99999999999999	225.0	938.7939
33.0	225.0	961.929
34.0	225.0	981.4931
35.000000000000014	225.0	997.2435
36.0	225.0	1009.001
37.000000000000014	225.0	1016.6529
37.99999999999999	225.0	1020.1549
38.99999999999999	225.0	1019.5304
40.00000000000001	225.0	1014.8692
40.999999999999986	225.0	1006.324
42.0	225.0	994.1062
43.0	225.0	978.4797
44.00000000000001	225.0	959.7543
45.0	225.0	938.2782
46.000000000000014	225.0	914.4297
47.0	225.0	888.6091
47.999999999999986	225.0	861.2299
49.00000000000001	225.0	832.7105
49.99999999999999	225.0	803.4666
51.00000000000001	225.0	773.9028
51.99999999999999	225.0	744.4067
53.000000000000014	225.0	715.3425
53.99999999999999	225.0	687.0456
55.000000000000014	225.0	659.8189
55.99999999999999	225.0	633.9291
56.999999999999986	225.0	609.605
58.00000000000001	225.0	587.0356
58.99999999999999	225.0	566.3703
60.00000000000001	225.0	547.7188
61.0	225.0	531.1527
62.000000000000014	225.0	516.7068
63.0	225.0	504.3818
64.00000000000001	225.0	494.147
65.0	225.0	485.943
65.99999999999999	225.0	479.6851
67.0	225.0	475.2668
68.0	225.0	472.5629
69.00000000000001	225.0	471.433
70.0	225.0	471.7243
71.00000000000001	225.0	473.2756
72.0	225.0	475.919
73.00000000000001	225.0	479.4836
74.0	225.0	483.7973
74.99999999999999	225.0	488.6895
76.0	225.0	493.9927
77.0	225.0	499.545
78.00000000000001	225.0	505.191
79.0	225.0	510.784
80.00000000000001	225.0	516.1868
81.0	225.0	521.2731
82.00000000000001	225.0	525.9286
83.0	225.0	530.0515
83.99999999999999	225.0	533.5536
85.0	225.0	536.3608
86.0	225.0	538.4133
87.00000000000001	225.0	539.6664
88.0	225.0	540.0899
89.00000000000001	225.0	539.6689
90.0	225.0	538.4028
91.00000000000001	225.0	536.3058
92.0	225.0	533.4058
92.99999999999999	225.0	529.7441
94.0	225.0	525.3745
95.0	225.0	520.3626
96.00000000000001	225.0	514.7851
97.0	225.0	508.7281
98.00000000000001	225.0	502.2869
99.0	225.0	495.5645
100.00000000000001	225.0	488.6707
101.0	225.0	481.7212
102.00000000000001	225.0	474.8365
103.0	225.0	468.1409
104.0	225.0	461.7619
105.00000000000001	225.0	455.8293
106.0	225.0	450.4743
107.00000000000001	225.0	445.8287
108.0	225.0	442.0242
109.00000000000001	225.0	439.1916
110.0	225.0	437.4597
111.00000000000001	225.0	436.9541
112.0	225.0	437.7965
113.0	225.0	440.1027
114.00000000000001	225.0	443.9812
115.0	225.0	449.5314
116.00000000000001	225.0	456.8415
117.0	225.0	465.9862
118.00000000000001	225.0	477.024
119.0	225.0	489.9949
120.00000000000001	225.0	504.9175
121.0	225.0	521.7864
122.0	225.0	540.5693
123.00000000000001	225.0	561.2048
124.0	225.0	583.6
125.00000000000001	225.0	607.629
126.0	225.0	633.1315
127.00000000000001	225.0	659.9121
128.0	225.0	687.7407
129.00000000000003	225.0	716.3531
130.0	225.0	745.4533
131.0	225.0	774.7157
132.0	225.0	803.7896
133.0	225.0	832.303
134.0	225.0	859.8689
135.0	225.0	886.0914
136.0	225.0	910.5727
137.0	225.0	932.9209
138.00000000000003	225.0	952.7577
139.0	225.0	969.7272
140.0	225.0	983.5035
140.99999999999997	225.0	993.7986
142.00000000000003	225.0	1000.3702
143.0	225.0	1003.0278
144.0	225.0	1001.6389
145.0	225.0	996.1331
146.00000000000003	225.0	986.5056
147.00000000000003	225.0	972.8185
148.0	225.0	955.2014
149.0	225.0	933.8496
149.99999999999997	225.0	909.0209
151.00000000000003	225.0	881.031
152.0	225.0	850.2471
153.0	225.0	817.0802
154.0	225.0	781.9767
155.00000000000003	225.0	745.4079
156.00000000000003	225.0	707.8606
157.0	225.0	669.8251
158.0	225.0	631.7856
158.99999999999997	225.0	594.2084
160.00000000000003	225.0	557.5328
161.0	225.0	522.1614
162.0	225.0	488.4521
163.0	225.0	456.7116
164.00000000000003	225.0	427.1905
165.00000000000003	225.0	400.0794
166.0	225.0	375.5078
167.0	225.0	353.5448
167.99999999999997	225.0	334.2004
169.00000000000003	225.0	317.4304
169.99999999999997	225.0	303.1414
170.99999999999997	225.0	291.1978
172.0	225.0	281.4304
173.00000000000003	225.0	273.6447
174.00000000000003	225.0	267.631
175.0	225.0	263.174
175.99999999999997	225.0	260.0625
176.99999999999994	225.0	258.0982
178.00000000000006	225.0	257.105
179.0000000000001	225.0	256.9353
180.0	225.0	257.4767
179.0000000000001	45.0	258.6564
178.00000000000006	45.0	260.4437
176.99999999999994	45.0	262.8511
176.00000000000006	45.0	265.9335
175.0	45.0	269.7857
174.00000000000003	45.0	274.5377
172.99999999999997	45.0	280.3494
172.0	45.0	287.4026
171.00000000000003	45.0	295.8936
170.00000000000003	45.0	306.0235
168.99999999999997	45.0	317.9887
167.99999999999997	45.0	331.9716
167.00000000000003	45.0	348.1308
166.00000000000003	45.0	366.5923
165.00000000000003	45.0	387.4414
163.99999999999997	45.0	410.7155
163.0	45.0	436.3993
162.00000000000003	45.0	464.42
161.00000000000003	45.0	494.6457
160.0	45.0	526.8846
159.0	45.0	560.8868
158.00000000000003	45.0	596.3473
157.00000000000003	45.0	632.9114
156.00000000000003	45.0	670.1809
154.99999999999997	45.0	707.7222
154.0	45.0	745.0756
153.00000000000003	45.0	781.7649
152.0	45.0	817.3086
150.99999999999997	45.0	851.23
150.0	45.0	883.0683
149.0	45.0	912.3891
148.0	45.0	938.7939
147.00000000000003	45.0	961.929
146.0	45.0	981.4931
145.0	45.0	997.2435
144.00000000000003	45.0	1009.001
143.0	45.0	1016.6529
142.0	45.0	1020.1549
140.99999999999997	45.0	1019.5304
140.00000000000003	45.0	1014.8692
139.00000000000003	45.0	1006.324
138.00000000000003	45.0	994.1062
137.0	45.0	978.4797
136.0	45.0	959.7543
135.00000000000003	45.0	938.2782
134.00000000000003	45.0	914.4297
132.99999999999997	45.0	888.6091
131.99999999999997	45.0	861.2299
131.00000000000003	45.0	832.7105
130.00000000000003	45.0	803.4666
129.00000000000003	45.0	773.9028
128.0	45.0	744.4067
126.99999999999999	45.0	715.3425
126.00000000000003	45.0	687.0456
125.00000000000004	45.0	659.8189
123.99999999999997	45.0	633.9291
122.99999999999999	45.0	609.605
122.0	45.0	587.0356
121.0	45.0	566.3703
120.00000000000001	45.0	547.7188
119.0	45.0	531.1527
118.00000000000001	45.0	516.7068
117.00000000000003	45.0	504.3818
116.00000000000004	45.0	494.147
115.0	45.0	485.943
114.00000000000001	45.0	479.6851
113.00000000000001	45.0	475.2668
112.00000000000003	45.0	472.5629
111.00000000000004	45.0	471.433
110.0	45.0	471.7243
109.00000000000001	45.0	473.2756
108.00000000000003	45.0	475.919
107.00000000000004	45.0	479.4836
106.0	45.0	483.7973
105.0	45.0	488.6895
104.00000000000001	45.0	493.9927
103.00000000000001	45.0	499.545
102.00000000000003	45.0	505.191
100.99999999999999	45.0	510.784
100.0	45.0	516.1868
99.00000000000001	45.0	521.2731
98.00000000000003	45.0	525.9286
96.99999999999999	45.0	530.0515
96.0	45.0	533.5536
95.0	45.0	536.3608
94.00000000000001	45.0	538.4133
93.00000000000003	45.0	539.6664
91.99999999999999	45.0	540.0899
91.0	45.0	539.6689
90.0	0.0	777.6965
89.29291116952395	0.7071426817872533	773.3852
88.58593006627854	1.4145007934175506	765.8444
87.87916453235917	2.122289895867879	755.2468
87.1727226397129	2.8307258121018455	741.8348
86.4667128053692	3.540024757356371	725.9123
85.76124390703504	4.250403468570711	707.835
85.05642539917308	4.962079332655645	687.9989
84.3523674296794	5.675270513286652	666.8271
83.64918095727445	6.390196075887154	644.7568
82.94697786971682	7.107076110446535	622.2249
82.24587110294536	7.826131851792348	599.6554
81.54597476125012	8.547585796906942	577.446
80.84740423856572	9.271661818845425	555.9573
80.15027634097487	9.998585276774412	535.5028
79.45470941050044	10.728583121609057	516.3412
78.76082345025607	11.461883996679509	498.6714
78.0687402510143	12.198718332806749	482.6291
77.37858351923944	12.939318437111838	468.2868
76.69047900661849	13.683918574821595	455.6558
76.00455464110858	14.432755043267381	444.6904
75.32094065950206	15.186066237202516	435.295
74.63976974149092	15.944092704486447	427.3319
73.96117714519126	16.707077191101824	420.6319
73.28530084406378	17.47526467438212	415.0047
72.61228166514054	18.2489023832344	410.2503
71.94226342843773	19.028239804042187	406.171
71.27539308740191	19.813528670829413	402.5819
70.61182087020094	20.605022938156644	399.3213
69.95170042163069	21.402978735106455	396.26
69.29518894536457	22.207654298596484	393.3075
68.64244734622547	23.019309884136224	390.4182
67.99364037210603	23.838207652018653	387.5938
67.34893675510656	24.664611526811417	384.8845
66.70850935139694	25.498787027884514	382.387
66.07253527924108	26.34100106858589	380.2406
65.44119605454999	27.191521721553002	378.622
64.81467772324949	28.05061794753063	377.7366
64.19317098966519	28.918559284955432	377.81
63.57687134003648	29.79561549746857	379.0771
62.965979160175145	30.68205617643342	381.7715
62.36069984618289	31.5781502954692	386.1136
61.761243907035045	32.484165713968785	392.3003
61.16782705772538	33.400368626554155	400.4936
60.58067030155157	34.32702295544232	410.8123
59.99999999999999	35.264389682754654	423.3235
59.42604792856702	36.212726119908915	438.0366
58.8590513167294	37.17228511139536	454.8996
58.29925287015328	38.143314170462425	473.7969
57.74690077310915	39.12605454453247	494.5502
57.20224866894282	40.12074020854298	516.9205
56.66555561634145	41.12759678487194	540.6138
56.13708601903233	42.14684038906587	565.2874
55.61710952646371	43.178676401255004	590.5587
55.10590090294487	44.223298163918535	616.0149
54.60373986267208	45.28088560756104	641.2246
54.11091086804023	46.3516038068849	665.7491
53.62770288864506	47.435601471194154	689.1544
53.154409118419395	48.53300937404573	711.0229
52.691326648427214	49.643938728569864	730.9651
52.23875609296496	50.76847951640774	748.629
51.79700116679687	51.90669877984987	763.7098
51.36636821158484	53.05863888848747	775.9572
50.94716566986906	54.22431579349069	785.1809
50.539703505316	55.40371728447302	791.2549
50.14429256838126	56.59680126575802	794.1187
49.76124390703504	57.80349407069134	793.7783
49.390868022772075	59.02368883439022	790.3036
49.03347407277117	60.25724394694163	783.8251
48.68936901978189	61.503981610489745	774.5292
48.35885673209022	62.76368652482927	762.6518
48.04223703674405	64.03610472697835	748.4706
47.73980473009234	65.32094261067617	732.2983
47.45184855059514	66.61786615176922	714.4734
47.178650119779434	67.92650036495783	695.3521
46.920482858129056	69.2464290163152	675.3006
46.677610883583455	70.57719461432482	654.6869
46.450287901158305	71.91829869987819	633.8739
46.23875609296496	73.2692024527246	613.2131
46.043245018569806	74.62932762827676	593.0397
45.86397053617525	75.99805783448308	573.6674
45.701133755495384	77.37474015373697	555.3858
45.554920033420714	78.7586871095844	538.4574
45.42549802359849	80.14917897242118	523.1165
45.31301879088406	81.5454663925662	509.5679
45.21761500123496	82.94677334320139	497.9869
45.1394001970194	84.35230034984485	488.5195
45.07846816689916	85.76122797743554	481.2829
45.03489241843145	87.17272054092642	476.3662
45.00872576033472	88.58593000067151	473.8309
45.0	90.0	473.7118
45.00872576033472	91.41406999932849	476.0168
45.03489241843145	92.82727945907358	480.7278
45.07846816689916	94.23877202256445	487.7996
45.1394001970194	95.64769965015516	497.1603
45.21761500123496	97.05322665679864	508.7103
45.31301879088406	98.45453360743382	522.3221
45.42549802359848	99.85082102757882	537.8391
45.554920033420714	101.2413128904156	555.0758
45.701133755495384	102.62525984626303	573.8174
45.86397053617525	104.00194216551692	593.8206
46.043245018569806	105.37067237172324	614.8144
46.238756092964955	106.73079754727539	636.5021
46.450287901158305	108.08170130012182	658.5643
46.677610883583455	109.42280538567519	680.6623
46.920482858129056	110.7535709836848	702.4428
47.178650119779434	112.07349963504215	723.5436
47.45184855059512	113.38213384823077	743.6001
47.73980473009234	114.67905738932384	762.252
48.04223703674405	115.96389527302166	779.1514
48.3588567320902	117.23631347517073	793.9706
48.68936901978189	118.49601838951025	806.41
49.03347407277117	119.74275605305839	816.2064
49.39086802277208	120.9763111656098	823.1397
49.76124390703504	122.19650592930867	827.0401
50.14429256838125	123.40319873424197	827.7931
50.539703505316005	124.59628271552698	825.3442
50.94716566986905	125.77568420650928	819.7012
51.36636821158484	126.94136111151253	810.9354
51.79700116679685	128.09330122015012	799.181
52.23875609296496	129.23152048359225	784.6322
52.691326648427214	130.35606127143015	767.5389
53.154409118419395	131.46699062595425	748.2009
53.62770288864506	132.56439852880584	726.9596
54.11091086804023	133.64839619311508	704.1897
54.60373986267208	134.71911439243897	680.2888
55.10590090294487	135.7767018360815	655.6668
55.617109526463715	136.821323598745	630.7346
56.13708601903233	137.8531596109341	605.8936
56.66555561634144	138.87240321512806	581.5244
57.20224866894282	139.879259791457	557.9777
57.74690077310915	140.87394545546752	535.565
58.29925287015328	141.85668582953758	514.5522
58.8590513167294	142.82771488860465	495.1535
59.42604792856702	143.7872738800911	477.5284
59.99999999999999	144.73561031724535	461.7801
60.58067030155157	145.6729770445577	447.9559
61.16782705772538	146.59963137344585	436.0507
61.76124390703503	147.5158342860312	426.0106
62.36069984618289	148.4218497045308	417.7399
62.96597916017513	149.31794382356657	411.109
63.57687134003648	150.20438450253144	405.9626
64.19317098966519	151.08144071504458	402.1299
64.81467772324949	151.9493820524694	399.4344
65.44119605454999	152.808478278447	397.7036
66.0725352792411	153.65899893141415	396.7782
66.70850935139694	154.5012129721155	396.5207
67.34893675510656	155.3353884731886	396.8221
67.99364037210603	156.16179234798136	397.6078
68.64244734622547	156.98069011586378	398.8404
69.29518894536457	157.79234570140352	400.5222
69.95170042163069	158.59702126489356	402.6938
70.61182087020094	159.39497706184335	405.432
71.2753930874019	160.1864713291706	408.8449
71.94226342843773	160.9717601959578	413.0655
72.61228166514054	161.7510976167656	418.2439
73.28530084406377	162.52473532561788	424.5381
73.96117714519126	163.29292280889817	432.1037
74.63976974149092	164.05590729551355	441.0843
75.32094065950206	164.8139337627975	451.6005
76.00455464110858	165.56724495673262	463.7406
76.6904790066185	166.31608142517842	477.5518
77.37858351923944	167.06068156288816	493.033
78.0687402510143	167.80128166719328	510.1289
78.76082345025605	168.5381160033205	528.727
79.45470941050044	169.27141687839094	548.6556
80.15027634097487	170.0014147232256	569.6856
80.84740423856572	170.72833818115458	591.5334
81.54597476125012	171.45241420309307	613.867
82.24587110294536	172.17386814820765	636.3138
82.94697786971682	172.8929238895535	658.4702
83.64918095727445	173.60980392411287	679.9134
84.3523674296794	174.32472948671335	700.2131
85.05642539917308	175.03792066734437	718.9455
85.76124390703502	175.7495965314293	735.7061
86.4667128053692	176.45997524264365	750.1226
87.17272263971289	177.16927418789817	761.8675
87.87916453235917	177.87771010413212	770.6685
88.58593006627854	178.58549920658245	776.3181
89.29291116952395	179.29285731821275	778.6805
90.0	180.0	777.6965
90.70708883047607	180.70714268178725	773.3852
91.41406993372146	181.41450079341755	765.8444
92.12083546764083	182.12228989586788	755.2468
92.82727736028711	182.83072581210183	741.8348
93.5332871946308	183.54002475735635	725.9123
94.23875609296496	184.2504034685707	707.835
94.94357460082692	184.96207933265563	687.9989
95.64763257032061	185.67527051328665	666.8271
96.35081904272555	186.39019607588713	644.7568
97.05302213028318	187.1070761104465	622.2249
97.75412889705464	187.82613185179233	599.6554
98.45402523874989	188.54758579690696	577.446
99.15259576143428	189.27166181884542	555.9573
99.84972365902512	189.9985852767744	535.5028
100.54529058949956	190.72858312160906	516.3412
101.23917654974393	191.4618839966795	498.6714
101.93125974898571	192.19871833280675	482.6291
102.62141648076054	192.93931843711184	468.2868
103.30952099338153	193.68391857482158	455.6558
103.99544535889142	194.43275504326738	444.6904
104.67905934049796	195.18606623720254	435.295
105.36023025850908	195.94409270448645	427.3319
106.03882285480874	196.7070771911018	420.6319
106.71469915593623	197.4752646743821	415.0047
107.38771833485946	198.2489023832344	410.2503
108.05773657156229	199.0282398040422	406.171
108.7246069125981	199.8135286708294	402.5819
109.38817912979906	200.60502293815665	399.3213
110.04829957836931	201.40297873510644	396.26
110.70481105463544	202.20765429859648	393.3075
111.35755265377453	203.01930988413622	390.4182
112.00635962789397	203.83820765201864	387.5938
112.65106324489344	204.6646115268114	384.8845
113.29149064860306	205.49878702788448	382.387
113.92746472075892	206.34100106858588	380.2406
114.55880394545001	207.191521721553	378.622
115.18532227675053	208.05061794753064	377.7366
115.8068290103348	208.91855928495542	377.81
116.42312865996352	209.79561549746856	379.0771
117.03402083982486	210.68205617643343	381.7715
117.63930015381712	211.5781502954692	386.1136
118.23875609296496	212.48416571396876	392.3003
118.83217294227461	213.40036862655413	400.4936
119.41932969844842	214.32702295544232	410.8123
120.00000000000001	215.26438968275463	423.3235
120.573952071433	216.2127261199089	438.0366
121.14094868327061	217.17228511139535	454.8996
121.70074712984672	218.14331417046245	473.7969
122.25309922689084	219.12605454453248	494.5502
122.79775133105717	220.12074020854297	516.9205
123.33444438365854	221.1275967848719	540.6138
123.86291398096766	222.1468403890659	565.2874
124.38289047353629	223.17867640125502	590.5587
124.89409909705513	224.2232981639185	616.0149
125.39626013732791	225.28088560756103	641.2246
125.88908913195978	226.35160380688492	665.7491
126.37229711135494	227.43560147119416	689.1544
126.84559088158062	228.53300937404572	711.0229
127.30867335157278	229.64393872856982	730.9651
127.76124390703504	230.7684795164077	748.629
128.20299883320317	231.90669877984988	763.7098
128.6336317884152	233.05863888848748	775.9572
129.05283433013093	234.2243157934907	785.1809
129.460296494684	235.40371728447298	791.2549
129.85570743161875	236.59680126575802	794.1187
130.23875609296496	237.80349407069136	793.7783
130.60913197722795	239.0236888343902	790.3036
130.96652592722884	240.25724394694157	783.8251
131.31063098021812	241.50398161048972	774.5292
131.6411432679098	242.7636865248293	762.6518
131.95776296325596	244.03610472697835	748.4706
132.26019526990768	245.32094261067616	732.2983
132.54815144940486	246.6178661517692	714.4734
132.8213498802206	247.92650036495786	695.3521
133.07951714187095	249.2464290163152	675.3006
133.32238911641656	250.5771946143248	654.6869
133.5497120988417	251.91829869987816	633.8739
133.76124390703504	253.26920245272458	613.2131
133.9567549814302	254.62932762827677	593.0397
134.13602946382477	255.99805783448306	573.6674
134.2988662445046	257.374740153737	555.3858
134.44507996657927	258.75868710958434	538.4574
134.57450197640154	260.14917897242117	523.1165
134.68698120911597	261.5454663925662	509.5679
134.78238499876502	262.94677334320136	497.9869
134.8605998029806	264.3523003498448	488.5195
134.92153183310086	265.7612279774355	481.2829
134.96510758156856	267.17272054092643	476.3662
134.99127423966527	268.5859300006715	473.8309
135.0	270.0	473.7118
134.99127423966527	271.4140699993285	476.0168
134.96510758156856	272.82727945907357	480.7278
134.92153183310086	274.2387720225645	487.7996
134.8605998029806	275.6476996501551	497.1603
134.78238499876502	277.0532266567986	508.7103
134.68698120911597	278.45453360743375	522.3221
134.57450197640154	279.85082102757883	537.8391
134.44507996657927	281.2413128904156	555.0758
134.2988662445046	282.625259846263	573.8174
134.13602946382477	284.0019421655169	593.8206
133.9567549814302	285.37067237172323	614.8144
133.76124390703504	286.7307975472754	636.5021
133.5497120988417	288.08170130012184	658.5643
133.32238911641656	289.42280538567513	680.6623
133.07951714187095	290.75357098368477	702.4428
132.82134988022057	292.0734996350422	723.5436
132.54815144940488	293.38213384823075	743.6001
132.26019526990768	294.6790573893238	762.252
131.95776296325596	295.9638952730216	779.1514
131.6411432679098	297.23631347517073	793.9706
131.31063098021812	298.49601838951025	806.41
130.96652592722884	299.7427560530584	816.2064
130.60913197722795	300.9763111656098	823.1397
130.23875609296496	302.1965059293086	827.0401
129.85570743161873	303.403198734242	827.7931
129.46029649468403	304.59628271552697	825.3442
129.05283433013096	305.7756842065093	819.7012
128.6336317884152	306.9413611115125	810.9354
128.20299883320317	308.0933012201501	799.181
127.76124390703505	309.23152048359225	784.6322
127.3086733515728	310.3560612714301	767.5389
126.84559088158062	311.4669906259543	748.2009
126.37229711135495	312.5643985288058	726.9596
125.88908913195978	313.6483961931151	704.1897
125.39626013732794	314.71911439243894	680.2888
124.89409909705515	315.77670183608143	655.6668
124.38289047353632	316.821323598745	630.7346
123.86291398096766	317.85315961093414	605.8936
123.33444438365856	318.8724032151281	581.5244
122.7977513310572	319.879259791457	557.9777
122.25309922689087	320.8739454554675	535.565
121.70074712984675	321.8566858295375	514.5522
121.14094868327061	322.82771488860465	495.1535
120.57395207143298	323.7872738800911	477.5284
120.00000000000001	324.73561031724535	461.7801
119.41932969844845	325.6729770445577	447.9559
118.83217294227461	326.59963137344585	436.0507
118.23875609296496	327.51583428603124	426.0106
117.63930015381712	328.4218497045308	417.7399
117.03402083982486	329.31794382356657	411.109
116.42312865996352	330.2043845025314	405.9626
115.8068290103348	331.08144071504455	402.1299
115.18532227675053	331.9493820524694	399.4344
114.55880394545002	332.808478278447	397.7036
113.92746472075895	333.6589989314141	396.7782
113.29149064860304	334.5012129721155	396.5207
112.65106324489344	335.3353884731886	396.8221
112.00635962789399	336.16179234798136	397.6078
111.35755265377455	336.98069011586375	398.8404
110.70481105463546	337.79234570140346	400.5222
110.04829957836931	338.59702126489356	402.6938
109.38817912979906	339.39497706184335	405.432
108.7246069125981	340.18647132917056	408.8449
108.05773657156229	340.9717601959578	413.0655
107.38771833485946	341.7510976167656	418.2439
106.71469915593623	342.5247353256179	424.5381
106.03882285480876	343.2929228088982	432.1037
105.36023025850909	344.0559072955135	441.0843
104.67905934049797	344.8139337627975	451.6005
103.99544535889142	345.5672449567326	463.7406
103.30952099338151	346.3160814251784	477.5518
102.62141648076056	347.06068156288813	493.033
101.93125974898572	347.8012816671932	510.1289
101.23917654974393	348.5381160033205	528.727
100.54529058949956	349.27141687839094	548.6556
99.84972365902513	350.0014147232256	569.6856
99.15259576143428	350.7283381811546	591.5334
98.4540252387499	351.45241420309304	613.867
97.75412889705464	352.17386814820765	636.3138
97.05302213028318	352.89292388955346	658.4702
96.35081904272556	353.60980392411284	679.9134
95.64763257032062	354.32472948671335	700.2131
94.94357460082692	355.03792066734434	718.9455
94.23875609296496	355.7495965314293	735.7061
93.53328719463082	356.4599752426436	750.1226
92.82727736028713	357.16927418789817	761.8675
92.12083546764086	357.8777101041321	770.6685
91.41406993372146	358.5854992065825	776.3181
90.70708883047607	359.2928573182127	778.6805
90.0	90.0	369.5657
89.29291116952395	89.29285731821274	366.9093
88.58593006627854	88.58549920658245	364.0804
87.87916453235917	87.87771010413212	361.1379
87.1727226397129	87.16927418789815	358.1533
86.4667128053692	86.45997524264364	355.208
85.76124390703504	85.74959653142929	352.3919
85.05642539917308	85.03792066734437	349.8003
84.3523674296794	84.32472948671335	347.5312
83.64918095727445	83.60980392411285	345.6821
82.94697786971682	82.89292388955346	344.347
82.24587110294536	82.17386814820766	343.6132
81.54597476125012	81.45241420309306	343.5585
80.84740423856572	80.72833818115458	344.2484
80.15027634097487	80.0014147232256	345.7335
79.45470941050044	79.27141687839094	348.0483
78.76082345025607	78.5381160033205	351.209
78.0687402510143	77.80128166719327	355.2134
77.37858351923944	77.06068156288816	360.0405
76.69047900661849	76.31608142517841	365.6507
76.00455464110858	75.56724495673262	371.9879
75.32094065950206	74.81393376279749	378.9804
74.63976974149092	74.05590729551355	386.5435
73.96117714519126	73.29292280889818	394.5828
73.28530084406378	72.52473532561788	402.997
72.61228166514054	71.7510976167656	411.6815
71.94226342843773	70.97176019595781	420.5322
71.27539308740191	70.18647132917059	429.4495
70.61182087020094	69.39497706184336	438.3411
69.95170042163069	68.59702126489356	447.1262
69.29518894536457	67.79234570140352	455.7379
68.64244734622547	66.98069011586378	464.1259
67.99364037210603	66.16179234798135	472.2579
67.34893675510656	65.33538847318859	480.1213
66.70850935139694	64.50121297211548	487.7228
66.07253527924108	63.65899893141411	495.0886
65.44119605454999	62.808478278447	502.2626
64.81467772324949	61.94938205246937	509.3045
64.19317098966519	61.081440715044565	516.2872
63.57687134003648	60.20438450253143	523.2931
62.965979160175145	59.31794382356658	530.4103
62.36069984618289	58.4218497045308	537.7283
61.761243907035045	57.515834286031215	545.333
61.16782705772538	56.59963137344585	553.3027
60.58067030155157	55.67297704455769	561.7028
59.99999999999999	54.735610317245346	570.5822
59.42604792856702	53.787273880091085	579.9684
58.8590513167294	52.827714888604646	589.8652
58.29925287015328	51.85668582953758	600.2495
57.74690077310915	50.87394545546753	611.0694
57.20224866894282	49.87925979145702	622.2437
56.66555561634145	48.87240321512806	633.662
56.13708601903233	47.85315961093413	645.1856
55.61710952646371	46.821323598745	656.6497
55.10590090294487	45.776701836081465	667.8667
54.60373986267208	44.71911439243896	678.6302
54.11091086804023	43.6483961931151	688.7195
53.62770288864506	42.564398528805846	697.9057
53.154409118419395	41.46699062595427	705.957
52.691326648427214	40.356061271430136	712.6455
52.23875609296496	39.23152048359226	717.7537
51.79700116679687	38.09330122015014	721.0804
51.36636821158484	36.941361111512535	722.4478
50.94716566986906	35.77568420650932	721.7062
50.539703505316	34.59628271552699	718.7402
50.14429256838126	33.40319873424199	713.4722
49.76124390703504	32.19650592930866	705.8664
49.390868022772075	30.976311165609783	695.9311
49.03347407277117	29.742756053058372	683.72
48.68936901978189	28.496018389510258	669.3327
48.35885673209022	27.236313475170732	652.9134
48.04223703674405	25.963895273021652	634.6488
47.73980473009234	24.679057389323834	614.7655
47.45184855059514	23.382133848230776	593.5251
47.178650119779434	22.07349963504216	571.2198
46.920482858129056	20.753570983684796	548.1661
46.677610883583455	19.422805385675183	524.699
46.450287901158305	18.08170130012181	501.1647
46.23875609296496	16.730797547275397	477.9138
46.043245018569806	15.370672371723243	455.2945
45.86397053617525	14.001942165516926	433.6452
45.701133755495384	12.625259846263035	413.2884
45.554920033420714	11.241312890415616	394.5241
45.42549802359849	9.850821027578828	377.6245
45.31301879088406	8.454533607433808	362.8294
45.21761500123496	7.053226656798624	350.3417
45.1394001970194	5.647699650155149	340.3248
45.07846816689916	4.238772022564465	332.9004
45.03489241843145	2.8272794590735852	328.147
45.00872576033472	1.414069999328503	326.0999
45.0	4.961562726608714e-15	326.7523
45.00872576033472	358.5859300006715	330.0558
45.03489241843145	357.17272054092643	335.9238
45.07846816689916	355.76122797743557	344.234
45.1394001970194	354.3523003498448	354.8317
45.21761500123496	352.94677334320136	367.5345
45.31301879088406	351.5454663925662	382.1361
45.42549802359848	350.14917897242117	398.411
45.554920033420714	348.7586871095844	416.1193
45.701133755495384	347.374740153737	435.0113
45.86397053617525	345.99805783448306	454.832
46.043245018569806	344.62932762827677	475.3253
46.238756092964955	343.26920245272464	496.2383
46.450287901158305	341.91829869987816	517.3246
46.677610883583455	340.5771946143248	538.348
46.920482858129056	339.2464290163152	559.0849
47.178650119779434	337.92650036495786	579.3269
47.45184855059512	336.61786615176925	598.8827
47.73980473009234	335.3209426106762	617.5795
48.04223703674405	334.03610472697835	635.2641
48.3588567320902	332.76368652482927	651.8034
48.68936901978189	331.50398161048975	667.0845
49.03347407277117	330.2572439469416	681.015
49.39086802277208	329.0236888343902	693.5223
49.76124390703504	327.80349407069133	704.5527
50.14429256838125	326.596801265758	714.0712
50.539703505316005	325.40371728447303	722.0597
50.94716566986905	324.2243157934907	728.5165
51.36636821158484	323.05863888848745	733.4544
51.79700116679685	321.9066987798499	736.8997
52.23875609296496	320.76847951640775	738.8907
52.691326648427214	319.6439387285699	739.4763
53.154409118419395	318.5330093740457	738.7147
53.62770288864506	317.43560147119416	736.6715
54.11091086804023	316.3516038068849	733.4192
54.60373986267208	315.28088560756106	729.035
55.10590090294487	314.2232981639185	723.6001
55.617109526463715	313.17867640125496	717.1981
56.13708601903233	312.14684038906586	709.9144
56.66555561634144	311.12759678487197	701.8344
57.20224866894282	310.120740208543	693.0433
57.74690077310915	309.1260545445325	683.6249
58.29925287015328	308.1433141704624	673.6607
58.8590513167294	307.17228511139535	663.2295
59.42604792856702	306.2127261199089	652.4069
59.99999999999999	305.26438968275465	641.265
60.58067030155157	304.3270229554423	629.8718
61.16782705772538	303.40036862655415	618.2915
61.76124390703503	302.4841657139688	606.5842
62.36069984618289	301.5781502954692	594.8061
62.96597916017513	300.68205617643343	583.0098
63.57687134003648	299.7956154974686	571.2445
64.19317098966519	298.91855928495545	559.5564
64.81467772324949	298.0506179475306	547.9891
65.44119605454999	297.191521721553	536.5838
66.0725352792411	296.3410010685859	525.38
66.70850935139694	295.49878702788453	514.4158
67.34893675510656	294.6646115268114	503.7277
67.99364037210603	293.83820765201864	493.3517
68.64244734622547	293.0193098841362	483.3226
69.29518894536457	292.2076542985965	473.6741
69.95170042163069	291.40297873510644	464.439
70.61182087020094	290.60502293815665	455.6483
71.2753930874019	289.81352867082944	447.3314
71.94226342843773	289.0282398040422	439.5149
72.61228166514054	288.2489023832344	432.2222
73.28530084406377	287.4752646743821	425.4728
73.96117714519126	286.7070771911018	419.2813
74.63976974149092	285.9440927044865	413.6566
75.32094065950206	285.1860662372025	408.6014
76.00455464110858	284.4327550432674	404.1111
76.6904790066185	283.6839185748216	400.1736
77.37858351923944	282.93931843711187	396.7684
78.0687402510143	282.1987183328067	393.867
78.76082345025605	281.4618839966795	391.4328
79.45470941050044	280.72858312160906	389.4211
80.15027634097487	279.9985852767744	387.78
80.84740423856572	279.2716618188454	386.4515
81.54597476125012	278.54758579690696	385.3721
82.24587110294536	277.82613185179235	384.475
82.94697786971682	277.10707611044654	383.6914
83.64918095727445	276.39019607588716	382.9523
84.3523674296794	275.67527051328665	382.1911
85.05642539917308	274.96207933265566	381.3449
85.76124390703502	274.2504034685707	380.3573
86.4667128053692	273.5400247573564	379.1803
87.17272263971289	272.83072581210183	377.7758
87.87916453235917	272.1222898958679	376.1179
88.58593006627854	271.4145007934176	374.1935
89.29291116952395	270.7071426817872	372.0041
90.0	270.0	369.5657
90.70708883047607	269.2928573182127	366.9093
91.41406993372146	268.5854992065824	364.0804
92.12083546764083	267.8777101041321	361.1379
92.82727736028711	267.16927418789817	358.1533
93.5332871946308	266.4599752426436	355.208
94.23875609296496	265.7495965314293	352.3919
94.94357460082692	265.03792066734434	349.8003
95.64763257032061	264.32472948671335	347.5312
96.35081904272555	263.60980392411284	345.6821
97.05302213028318	262.89292388955346	344.347
97.75412889705464	262.17386814820765	343.6132
98.45402523874989	261.45241420309304	343.5585
99.15259576143428	260.7283381811546	344.2484
99.84972365902512	260.0014147232256	345.7335
100.54529058949956	259.27141687839094	348.0483
101.23917654974393	258.5381160033205	351.209
101.93125974898571	257.8012816671933	355.2134
102.62141648076054	257.06068156288813	360.0405
103.30952099338153	256.31608142517837	365.6507
103.99544535889142	255.56724495673262	371.9879
104.67905934049796	254.8139337627975	378.9804
105.36023025850908	254.05590729551355	386.5435
106.03882285480874	253.2929228088982	394.5828
106.71469915593623	252.52473532561788	402.997
107.38771833485946	251.7510976167656	411.6815
108.05773657156229	250.9717601959578	420.5322
108.7246069125981	250.18647132917056	429.4495
109.38817912979906	249.39497706184335	438.3411
110.04829957836931	248.59702126489356	447.1262
110.70481105463544	247.79234570140352	455.7379
111.35755265377453	246.98069011586378	464.1259
112.00635962789397	246.16179234798136	472.2579
112.65106324489344	245.33538847318857	480.1213
113.29149064860306	244.50121297211547	487.7228
113.92746472075892	243.6589989314141	495.0886
114.55880394545001	242.808478278447	502.2626
115.18532227675053	241.9493820524694	509.3045
115.8068290103348	241.08144071504458	516.2872
116.42312865996352	240.2043845025314	523.2931
117.03402083982486	239.31794382356657	530.4103
117.63930015381712	238.4218497045308	537.7283
118.23875609296496	237.5158342860312	545.333
118.83217294227461	236.59963137344585	553.3027
119.41932969844842	235.67297704455768	561.7028
120.00000000000001	234.73561031724535	570.5822
120.573952071433	233.78727388009108	579.9684
121.14094868327061	232.82771488860465	589.8652
121.70074712984672	231.85668582953755	600.2495
122.25309922689084	230.87394545546752	611.0694
122.79775133105717	229.879259791457	622.2437
123.33444438365854	228.8724032151281	633.662
123.86291398096766	227.8531596109341	645.1856
124.38289047353629	226.82132359874498	656.6497
124.89409909705513	225.7767018360815	667.8667
125.39626013732791	224.71911439243897	678.6302
125.88908913195978	223.64839619311508	688.7195
126.37229711135494	222.56439852880584	697.9057
126.84559088158062	221.46699062595428	705.957
127.30867335157278	220.35606127143015	712.6455
127.76124390703504	219.23152048359228	717.7537
128.20299883320317	218.0933012201501	721.0804
128.6336317884152	216.94136111151252	722.4478
129.05283433013093	215.7756842065093	721.7062
129.460296494684	214.59628271552702	718.7402
129.85570743161875	213.40319873424195	713.4722
130.23875609296496	212.19650592930864	705.8664
130.60913197722795	210.9763111656098	695.9311
130.96652592722884	209.74275605305837	683.72
131.31063098021812	208.49601838951028	669.3327
131.6411432679098	207.2363134751707	652.9134
131.95776296325596	205.96389527302162	634.6488
132.26019526990768	204.67905738932384	614.7655
132.54815144940486	203.38213384823078	593.5251
132.8213498802206	202.07349963504214	571.2198
133.07951714187095	200.75357098368477	548.1661
133.32238911641656	199.4228053856752	524.699
133.5497120988417	198.08170130012184	501.1647
133.76124390703504	196.73079754727542	477.9138
133.9567549814302	195.3706723717232	455.2945
134.13602946382477	194.0019421655169	433.6452
134.2988662445046	192.62525984626305	413.2884
134.44507996657927	191.24131289041563	394.5241
134.57450197640154	189.8508210275788	377.6245
134.68698120911597	188.4545336074338	362.8294
134.78238499876502	187.0532266567986	350.3417
134.8605998029806	185.64769965015518	340.3248
134.92153183310086	184.2387720225645	332.9004
134.96510758156856	182.82727945907357	328.147
134.99127423966527	181.4140699993285	326.0999
135.0	180.0	326.7523
134.99127423966527	178.58593000067157	330.0558
134.96510758156856	177.1727205409264	335.9238
134.92153183310086	175.76122797743554	344.234
134.8605998029806	174.35230034984485	354.8317
134.78238499876502	172.94677334320141	367.5345
134.68698120911597	171.54546639256625	382.1361
134.57450197640154	170.14917897242117	398.411
134.44507996657927	168.7586871095844	416.1193
134.2988662445046	167.37474015373698	435.0113
134.13602946382477	165.9980578344831	454.832
133.9567549814302	164.62932762827674	475.3253
133.76124390703504	163.2692024527246	496.2383
133.5497120988417	161.9182986998782	517.3246
133.32238911641656	160.57719461432484	538.348
133.07951714187095	159.24642901631526	559.0849
132.82134988022057	157.92650036495783	579.3269
132.54815144940488	156.61786615176925	598.8827
132.26019526990768	155.32094261067618	617.5795
131.95776296325596	154.03610472697838	635.2641
131.6411432679098	152.76368652482927	651.8034
131.31063098021812	151.50398161048975	667.0845
130.96652592722884	150.25724394694163	681.015
130.60913197722795	149.02368883439024	693.5223
130.23875609296496	147.80349407069139	704.5527
129.85570743161873	146.596801265758	714.0712
129.46029649468403	145.403717284473	722.0597
129.05283433013096	144.22431579349072	728.5165
128.6336317884152	143.0586388884875	733.4544
128.20299883320317	141.90669877984988	736.8997
127.76124390703505	140.76847951640775	738.8907
127.3086733515728	139.64393872856988	739.4763
126.84559088158062	138.53300937404575	738.7147
126.37229711135495	137.4356014711942	736.6715
125.88908913195978	136.35160380688492	733.4192
125.39626013732794	135.28088560756106	729.035
124.89409909705515	134.22329816391854	723.6001
124.38289047353632	133.17867640125502	717.1981
123.86291398096766	132.14684038906586	709.9144
123.33444438365856	131.12759678487194	701.8344
122.7977513310572	130.120740208543	693.0433
122.25309922689087	129.12605454453248	683.6249
121.70074712984675	128.14331417046245	673.6607
121.14094868327061	127.17228511139534	663.2295
120.57395207143298	126.21272611990892	652.4069
120.00000000000001	125.26438968275468	641.265
119.41932969844845	124.32702295544235	629.8718
118.83217294227461	123.40036862655414	618.2915
118.23875609296496	122.48416571396879	606.5842
117.63930015381712	121.57815029546921	594.8061
117.03402083982486	120.68205617643345	583.0098
116.42312865996352	119.79561549746859	571.2445
115.8068290103348	118.91855928495542	559.5564
115.18532227675053	118.05061794753063	547.9891
114.55880394545002	117.19152172155302	536.5838
113.92746472075895	116.34100106858591	525.38
113.29149064860304	115.49878702788452	514.4158
112.65106324489344	114.66461152681141	503.7277
112.00635962789399	113.83820765201867	493.3517
111.35755265377455	113.01930988413625	483.3226
110.70481105463546	112.20765429859652	473.6741
110.04829957836931	111.40297873510644	464.439
109.38817912979906	110.60502293815665	455.6483
108.7246069125981	109.81352867082943	447.3314
108.05773657156229	109.02823980404222	439.5149
107.38771833485946	108.2489023832344	432.2222
106.71469915593623	107.47526467438213	425.4728
106.03882285480876	106.70707719110183	419.2813
105.36023025850909	105.94409270448648	413.6566
104.67905934049797	105.18606623720254	408.6014
103.99544535889142	104.43275504326738	404.1111
103.30952099338151	103.68391857482159	400.1736
102.62141648076056	102.93931843711185	396.7684
101.93125974898572	102.19871833280676	393.867
101.23917654974393	101.4618839966795	391.4328
100.54529058949956	100.72858312160906	389.4211
99.84972365902513	99.99858527677442	387.78
99.15259576143428	99.27166181884544	386.4515
98.4540252387499	98.54758579690696	385.3721
97.75412889705464	97.82613185179234	384.475
97.05302213028318	97.10707611044654	383.6914
96.35081904272556	96.39019607588716	382.9523
95.64763257032062	95.67527051328666	382.1911
94.94357460082692	94.96207933265563	381.3449
94.23875609296496	94.25040346857071	380.3573
93.53328719463082	93.54002475735638	379.1803
92.82727736028713	92.83072581210186	377.7758
92.12083546764086	92.12228989586791	376.1179
91.41406993372146	91.41450079341756	374.1935
90.70708883047607	90.70714268178726	372.0041
90.0	0.0	772.2991
90.0	1.0	764.1889
90.0	2.0	755.8772
90.0	3.0000000000000004	747.5838
90.0	4.0	739.5547
90.0	5.0	732.0527
90.0	6.000000000000001	725.3464
90.0	7.0	719.6988
90.0	8.0	715.3556
90.0	9.0	712.5337
90.0	10.0	711.4102
90.0	11.0	712.1129
90.0	12.0	714.7129
90.0	13.0	719.2178
90.0	14.0	725.5691
90.0	14.999999999999998	733.6405
90.0	16.0	743.2398
90.0	17.000000000000004	754.1129
90.0	18.0	765.9505
90.0	19.0	778.397
90.0	20.0	791.0613
90.0	21.0	803.5291
90.0	22.0	815.3768
90.0	23.0	826.1851
90.0	24.000000000000004	835.5533
90.0	25.0	843.1131
90.0	26.0	848.541
90.0	26.999999999999996	851.5695
90.0	28.0	851.9965
90.0	29.000000000000004	849.6919
90.0	29.999999999999996	844.6022
90.0	31.0	836.7522
90.0	32.0	826.2437
90.0	33.0	813.2519
90.0	34.00000000000001	798.0188
90.0	35.0	780.8448
90.0	36.0	762.0775
90.0	37.0	742.1003
90.0	38.0	721.3182
90.0	39.0	700.1446
90.0	40.0	678.9867
90.0	41.0	658.2329
90.0	42.0	638.2396
90.0	43.0	619.3205
90.0	44.0	601.7372
90.0	45.0	585.6925
90.0	46.00000000000001	571.3252
90.0	47.0	558.7081
90.0	48.00000000000001	547.8485
90.0	49.00000000000001	538.6903
90.0	50.0	531.1197
90.0	51.0	524.972
90.0	52.0	520.0398
90.0	53.0	516.0838
90.0	54.0	512.843
90.0	55.0	510.0465
90.0	56.0	507.4241
90.0	57.00000000000001	504.7176
90.0	58.00000000000001	501.6902
90.0	59.00000000000001	498.1353
90.0	59.99999999999999	493.883
90.0	61.0	488.8057
90.0	62.0	482.8209
90.0	63.0	475.8928
90.0	64.0	468.0311
90.0	65.0	459.2885
90.0	66.0	449.7565
90.0	67.0	439.5595
90.0	68.0	428.8483
90.0	69.0	417.7922
90.0	70.0	406.5714
90.0	71.0	395.3688
90.0	72.0	384.3626
90.0	73.0	373.7195
90.0	74.0	363.5884
90.0	75.0	354.0963
90.0	76.0	345.3444
90.0	77.0	337.4066
90.0	78.0	330.329
90.0	79.0	324.1308
90.0	80.0	318.8071
90.0	81.0	314.3318
90.0	82.0	310.6627
90.0	83.0	307.7459
90.0	84.0	305.5213
90.0	85.0	303.9283
90.0	86.0	302.9104
90.0	87.0	302.4199
90.0	88.0	302.4216
90.0	89.0	302.8951
90.0	90.0	303.8367
90.0	91.0	305.2594
90.0	92.0	307.1918
90.0	93.0	309.6759
90.0	94.0	312.7637
90.0	95.0	316.5129
90.0	96.00000000000001	320.9823
90.0	97.0	326.2259
90.0	98.0	332.2879
90.0	99.0	339.1972
90.0	100.0	346.9631
90.0	101.0	355.5707
90.0	102.0	364.9786
90.0	103.0	375.1171
90.0	104.0	385.8878
90.0	105.00000000000001	397.1652
90.0	106.0	408.7992
90.0	107.0	420.6194
90.0	108.0	432.4406
90.0	109.0	444.0693
90.0	110.0	455.3113
90.0	111.0	465.9795
90.0	112.0	475.9018
90.0	113.0	484.9298
90.0	114.00000000000001	492.945
90.0	115.0	499.8665
90.0	116.00000000000001	505.6551
90.0	117.0	510.3179
90.0	118.00000000000001	513.9097
90.0	119.0	516.5331
90.0	119.99999999999999	518.337
90.0	121.0	519.5125
90.0	122.0	520.2869
90.0	123.00000000000001	520.9169
90.0	124.0	521.6796
90.0	125.00000000000001	522.8623
90.0	126.0	524.7522
90.0	127.00000000000001	527.6254
90.0	128.0	531.7359
90.0	129.0	537.3055
90.0	130.0	544.5144
90.0	131.0	553.4933
90.0	132.0	564.3174
90.0	133.0	577.0016
90.0	134.0	591.499
90.0	135.0	607.701
90.0	136.0	625.4395
90.0	137.0	644.4923
90.0	138.0	664.5894
90.0	139.0	685.4218
90.0	140.0	706.6519
90.0	141.0	727.9245
90.0	142.0	748.8786
90.0	143.0	769.16
90.0	144.0	788.4325
90.0	145.0	806.3893
90.0	146.0	822.7629
90.0	147.0	837.3333
90.0	148.0	849.9345
90.0	149.0	860.4588
90.0	150.0	868.8589
90.0	151.0	875.1475
90.0	152.0	879.3946
90.0	153.0	881.7226
90.0	154.0	882.3002
90.0	155.0	881.3329
90.0	156.0	879.0545
90.0	157.0	875.7155
90.0	158.0	871.573
90.0	159.0	866.8795
90.0	160.0	861.8725
90.0	161.0	856.7657
90.0	162.0	851.7403
90.0	163.0	846.9396
90.0	164.0	842.4641
90.0	165.0	838.3697
90.0	166.0	834.6679
90.0	167.0	831.3277
90.0	168.0	828.2803
90.0	169.0	825.4249
90.0	170.0	822.6368
90.0	171.0	819.7761
90.0	172.0	816.6971
90.0	173.0	813.2589
90.0	174.0	809.3344
90.0	175.0	804.8203
90.0	176.0	799.6444
90.0	177.0	793.7726
90.0	178.0	787.2138
90.0	179.0	780.0224
90.0	180.0	772.2991
90.0	181.0	764.1889
90.0	181.99999999999997	755.8772
90.0	182.99999999999997	747.5838
90.0	183.99999999999997	739.5547
90.0	184.99999999999997	732.0527
90.0	185.99999999999997	725.3464
90.0	186.99999999999997	719.6988
90.0	188.0	715.3556
90.0	188.99999999999997	712.5337
90.0	190.0	711.4102
90.0	190.99999999999997	712.1129
90.0	192.0	714.7129
90.0	192.99999999999997	719.2178
90.0	193.99999999999997	725.5691
90.0	194.99999999999997	733.6405
90.0	195.99999999999997	743.2398
90.0	197.0	754.1129
90.0	197.99999999999997	765.9505
90.0	199.0	778.397
90.0	199.99999999999997	791.0613
90.0	201.0	803.5291
90.0	201.99999999999997	815.3768
90.0	203.0	826.1851
90.0	203.99999999999997	835.5533
90.0	204.99999999999997	843.1131
90.0	206.0	848.541
90.0	206.99999999999997	851.5695
90.0	208.0	851.9965
90.0	208.99999999999997	849.6919
90.0	210.0	844.6022
90.0	210.99999999999997	836.7522
90.0	212.0	826.2437
90.0	212.99999999999997	813.2519
90.0	214.0	798.0188
90.0	215.0	780.8448
90.0	216.0	762.0775
90.0	217.0	742.1003
90.0	217.99999999999997	721.3182
90.0	219.00000000000003	700.1446
90.0	219.99999999999997	678.9867
90.0	220.99999999999997	658.2329
90.0	221.99999999999997	638.2396
90.0	223.0	619.3205
90.0	224.0	601.7372
90.0	224.99999999999997	585.6925
90.0	226.0	571.3252
90.0	227.0	558.7081
90.0	228.0	547.8485
90.0	229.0	538.6903
90.0	230.0	531.1197
90.0	230.99999999999997	524.972
90.0	232.00000000000003	520.0398
90.0	233.0	516.0838
90.0	233.99999999999997	512.843
90.0	234.99999999999994	510.0465
90.0	236.0	507.4241
90.0	237.0	504.7176
90.0	238.0	501.6902
90.0	239.0	498.1353
90.0	239.99999999999994	493.883
90.0	241.0	488.8057
90.0	242.0	482.8209
90.0	242.99999999999997	475.8928
90.0	243.99999999999994	468.0311
90.0	245.0	459.2885
90.0	246.0	449.7565
90.0	247.0	439.5595
90.0	248.0	428.8483
90.0	248.99999999999997	417.7922
90.0	250.0	406.5714
90.0	251.0	395.3688
90.0	252.0	384.3626
90.0	252.99999999999997	373.7195
90.0	254.0	363.5884
90.0	255.0	354.0963
90.0	256.0	345.3444
90.0	257.0	337.4066
90.0	258.0	330.329
90.0	259.0	324.1308
90.0	260.0	318.8071
90.0	261.0	314.3318
90.0	262.0	310.6627
90.0	263.0	307.7459
90.0	264.0	305.5213
90.0	265.0	303.9283
90.0	266.0	302.9104
90.0	267.0	302.4199
90.0	268.0	302.4216
90.0	269.0	302.8951
90.0	270.0	303.8367
90.0	271.0	305.2594
90.0	272.0	307.1918
90.0	273.0	309.6759
90.0	274.0	312.7637
90.0	275.0	316.5129
90.0	276.0	320.9823
90.0	277.0	326.2259
90.0	278.0	332.2879
90.0	279.0	339.1972
90.0	280.0	346.9631
90.0	281.0	355.5707
90.0	282.0	364.9786
90.0	283.0	375.1171
90.0	284.0	385.8878
90.0	285.0	397.1652
90.0	286.0	408.7992
90.0	287.0	420.6194
90.0	288.0	432.4406
90.0	289.0	444.0693
90.0	290.0	455.3113
90.0	291.0	465.9795
90.0	292.0	475.9018
90.0	293.0	484.9298
90.0	294.0	492.945
90.0	295.0	499.8665
90.0	296.0	505.6551
90.0	297.0	510.3179
90.0	298.0	513.9097
90.0	299.0	516.5331
90.0	300.0	518.337
90.0	301.0	519.5125
90.0	302.0	520.2869
90.0	303.0	520.9169
90.0	304.0	521.6796
90.0	305.0	522.8623
90.0	306.0	524.7522
90.0	307.0	527.6254
90.0	308.0	531.7359
90.0	309.0	537.3055
90.0	310.0	544.5144
90.0	311.0	553.4933
90.0	311.99999999999994	564.3174
90.0	313.0	577.0016
90.0	314.0	591.499
90.0	315.0	607.701
90.0	316.0	625.4395
90.0	317.0	644.4923
90.0	318.0	664.5894
90.0	319.0	685.4218
90.0	320.0	706.6519
90.0	321.0	727.9245
90.0	322.0	748.8786
90.0	323.0	769.16
90.0	324.0	788.4325
90.0	325.0	806.3893
90.0	326.0	822.7629
90.0	327.0	837.3333
90.0	328.0	849.9345
90.0	329.0	860.4588
90.0	330.0	868.8589
90.0	331.0	875.1475
90.0	332.0	879.3946
90.0	333.0	881.7226
90.0	334.0	882.3002
90.0	335.0	881.3329
90.0	336.0	879.0545
90.0	337.0	875.7155
90.0	338.0	871.573
90.0	338.99999999999994	866.8795
90.0	340.0	861.8725
90.0	341.0	856.7657
90.0	342.0	851.7403
90.0	343.0	846.9396
90.0	344.0	842.4641
90.0	345.0	838.3697
90.0	346.0	834.6679
90.0	347.0	831.3277
90.0	347.99999999999994	828.2803
90.0	349.0	825.4249
90.0	350.0	822.6368
90.0	351.0	819.7761
90.0	352.0	816.6971
90.0	353.0	813.2589
90.0	354.0	809.3344
90.0	355.0	804.8203
90.0	356.0	799.6444
90.0	356.99999999999994	793.7726
90.0	358.0	787.2138
90.0	359.0	780.0224
90.0	0.0	806.6752
89.0	0.0	800.7481
88.0	0.0	788.5416
87.00000000000001	0.0	770.3658
86.0	0.0	746.6989
85.0	0.0	718.1704
84.0	0.0	685.5379
83.0	0.0	649.66
82.0	0.0	611.4654
81.0	0.0	571.9197
80.0	0.0	531.9913
79.0	0.0	492.6181
78.00000000000001	0.0	454.6753
77.0	0.0	418.9473
76.0	0.0	386.1033
75.0	0.0	356.6784
74.0	0.0	331.0603
73.0	0.0	309.4831
72.0	0.0	292.0273
71.0	0.0	278.6261
70.0	0.0	269.0786
69.00000000000001	0.0	263.0676
68.0	0.0	260.1827
67.0	0.0	259.9465
66.0	0.0	261.8434
65.0	0.0	265.3488
64.0	0.0	269.9587
63.0	0.0	275.2169
62.0	0.0	280.7394
61.0	0.0	286.2346
60.00000000000001	0.0	291.5188
59.00000000000001	0.0	296.5255
58.00000000000001	0.0	301.3089
57.00000000000001	0.0	306.0401
55.99999999999999	0.0	310.999
55.00000000000001	0.0	316.558
54.0	0.0	323.1623
53.00000000000001	0.0	331.3055
52.0	0.0	341.5013
51.00000000000001	0.0	354.2548
50.00000000000001	0.0	370.0315
49.00000000000001	0.0	389.2286
48.0	0.0	412.1477
47.0	0.0	438.9711
46.00000000000001	0.0	469.7431
45.0	0.0	504.3558
44.0	0.0	542.5425
43.0	0.0	583.8765
42.0	0.0	627.7774
41.0	0.0	673.5242
40.00000000000001	0.0	720.2739
39.0	0.0	767.0865
37.99999999999999	0.0	812.9542
37.0	0.0	856.834
36.0	0.0	897.6825
35.0	0.0	934.4921
34.0	0.0	966.3257
33.0	0.0	992.3494
31.99999999999999	0.0	1011.8629
31.0	0.0	1024.3238
30.000000000000004	0.0	1029.3674
29.00000000000001	0.0	1026.8197
28.000000000000007	0.0	1016.7033
27.00000000000001	0.0	999.2369
25.999999999999996	0.0	974.8268
25.000000000000004	0.0	944.0527
24.000000000000004	0.0	907.6462
22.999999999999993	0.0	866.4655
21.999999999999996	0.0	821.4649
21.0	0.0	773.6617
20.00000000000001	0.0	724.1019
19.000000000000014	0.0	673.8255
18.00000000000001	0.0	623.8331
17.000000000000007	0.0	575.0551
15.999999999999995	0.0	528.3246
14.999999999999996	0.0	484.3555
14.0	0.0	443.7259
12.999999999999996	0.0	406.8675
12.000000000000018	0.0	374.062
10.999999999999993	0.0	345.4432
10.000000000000012	0.0	321.0061
8.999999999999984	0.0	300.6211
7.999999999999981	0.0	284.0528
7.000000000000025	0.0	270.9834
6.000000000000026	0.0	261.0379
4.999999999999992	0.0	253.8115
4.000000000000042	0.0	248.8962
3.0000000000000444	0.0	245.9073
1.9999999999999472	0.0	244.5066
0.9999999999999002	0.0	244.4227
0.0	0.0	245.4663
0.9999999999999002	180.0	247.5407
1.9999999999999472	180.0	250.6467
3.0000000000000444	180.0	254.8817
4.000000000000042	180.0	260.4322
4.999999999999992	180.0	267.5625
6.000000000000026	180.0	276.5968
6.9999999999999725	180.0	287.8984
7.999999999999981	180.0	301.8453
8.999999999999984	180.0	318.8045
10.000000000000012	180.0	339.1052
10.999999999999993	180.0	363.0127
11.999999999999988	180.0	390.7044
12.999999999999996	180.0	422.2495
14.0	180.0	457.5913
14.999999999999996	180.0	496.5366
15.999999999999995	180.0	538.7494
16.99999999999999	180.0	583.7512
17.999999999999986	180.0	630.9279
18.999999999999996	180.0	679.5422
19.999999999999993	180.0	728.7524
21.0	180.0	777.636
21.999999999999996	180.0	825.2175
23.00000000000001	180.0	870.4991
24.000000000000004	180.0	912.4936
24.99999999999999	180.0	950.2578
26.000000000000007	180.0	982.9248
26.999999999999996	180.0	1009.7345
28.000000000000007	180.0	1030.0602
28.999999999999996	180.0	1043.4314
29.999999999999993	180.0	1049.5503
31.0	180.0	1048.3028
31.99999999999999	180.0	1039.7626
33.0	180.0	1024.1883
34.0	180.0	1002.0141
35.000000000000014	180.0	973.8343
36.0	180.0	940.3814
37.000000000000014	180.0	902.5004
37.99999999999999	180.0	861.1184
38.99999999999999	180.0	817.2127
40.00000000000001	180.0	771.7769
40.999999999999986	180.0	725.7876
42.0	180.0	680.1727
43.0	180.0	635.7822
44.00000000000001	180.0	593.3635
45.0	180.0	553.5408
46.000000000000014	180.0	516.8014
47.0	180.0	483.4866
47.999999999999986	180.0	453.7906
49.00000000000001	180.0	427.7641
49.99999999999999	180.0	405.3255
51.00000000000001	180.0	386.2761
51.99999999999999	180.0	370.3209
53.000000000000014	180.0	357.0922
53.99999999999999	180.0	346.1761
55.000000000000014	180.0	337.1397
55.99999999999999	180.0	329.5586
56.999999999999986	180.0	323.0425
58.00000000000001	180.0	317.2585
58.99999999999999	180.0	311.9504
60.00000000000001	180.0	306.9532
61.0	180.0	302.2032
62.000000000000014	180.0	297.7408
63.0	180.0	293.7092
64.00000000000001	180.0	290.3458
65.0	180.0	287.969
65.99999999999999	180.0	286.9597
67.0	180.0	287.7399
68.0	180.0	290.7466
69.00000000000001	180.0	296.4061
70.0	180.0	305.1059
71.00000000000001	180.0	317.169
72.0	180.0	332.8296
73.00000000000001	180.0	352.212
74.0	180.0	375.3139
74.99999999999999	180.0	401.9958
76.0	180.0	431.9746
77.0	180.0	464.8252
78.00000000000001	180.0	499.987
79.0	180.0	536.7775
80.00000000000001	180.0	574.4108
81.0	180.0	612.0224
82.00000000000001	180.0	648.6964
83.0	180.0	683.497
83.99999999999999	180.0	715.5011
85.0	180.0	743.8315
86.0	180.0	767.6886
87.00000000000001	180.0	786.3807
88.0	180.0	799.3494
89.00000000000001	180.0	806.1916
90.0	180.0	806.6752
91.00000000000001	180.0	800.7481
92.0	180.0	788.5416
92.99999999999999	180.0	770.3658
94.0	180.0	746.6989
95.0	180.0	718.1704
96.00000000000001	180.0	685.5379
97.0	180.0	649.66
98.00000000000001	180.0	611.4654
99.0	180.0	571.9197
100.00000000000001	180.0	531.9913
101.0	180.0	492.6181
102.00000000000001	180.0	454.6753
103.0	180.0	418.9473
104.0	180.0	386.1033
105.00000000000001	180.0	356.6784
106.0	180.0	331.0603
107.00000000000001	180.0	309.4831
108.0	180.0	292.0273
109.00000000000001	180.0	278.6261
110.0	180.0	269.0786
111.00000000000001	180.0	263.0676
112.0	180.0	260.1827
113.0	180.0	259.9465
114.00000000000001	180.0	261.8434
115.0	180.0	265.3488
116.00000000000001	180.0	269.9587
117.0	180.0	275.2169
118.00000000000001	180.0	280.7394
119.0	180.0	286.2346
120.00000000000001	180.0	291.5188
121.0	180.0	296.5255
122.0	180.0	301.3089
123.00000000000001	180.0	306.0401
124.0	180.0	310.999
125.00000000000001	180.0	316.558
126.0	180.0	323.1623
127.00000000000001	180.0	331.3055
128.0	180.0	341.5013
129.00000000000003	180.0	354.2548
130.0	180.0	370.0315
131.0	180.0	389.2286
132.0	180.0	412.1477
133.0	180.0	438.9711
134.0	180.0	469.7431
135.0	180.0	504.3558
136.0	180.0	542.5425
137.0	180.0	583.8765
138.00000000000003	180.0	627.7774
139.0	180.0	673.5242
140.0	180.0	720.2739
140.99999999999997	180.0	767.0865
142.00000000000003	180.0	812.9542
143.0	180.0	856.834
144.0	180.0	897.6825
145.0	180.0	934.4921
146.00000000000003	180.0	966.3257
147.00000000000003	180.0	992.3494
148.0	180.0	1011.8629
149.0	180.0	1024.3238
149.99999999999997	180.0	1029.3674
151.00000000000003	180.0	1026.8197
152.0	180.0	1016.7033
153.0	180.0	999.2369
154.0	180.0	974.8268
155.00000000000003	180.0	944.0527
156.00000000000003	180.0	907.6462
157.0	180.0	866.4655
158.0	180.0	821.4649
158.99999999999997	180.0	773.6617
160.00000000000003	180.0	724.1019
161.0	180.0	673.8255
162.0	180.0	623.8331
163.0	180.0	575.0551
164.00000000000003	180.0	528.3246
165.00000000000003	180.0	484.3555
166.0	180.0	443.7259
167.0	180.0	406.8675
167.99999999999997	180.0	374.062
169.00000000000003	180.0	345.4432
169.99999999999997	180.0	321.0061
170.99999999999997	180.0	300.6211
172.0	180.0	284.0528
173.00000000000003	180.0	270.9834
174.00000000000003	180.0	261.0379
175.0	180.0	253.8115
175.99999999999997	180.0	248.8962
176.99999999999994	180.0	245.9073
178.00000000000006	180.0	244.5066
179.0000000000001	180.0	244.4227
180.0	180.0	245.4663
179.0000000000001	0.0	247.5407
178.00000000000006	0.0	250.6467
176.99999999999994	0.0	254.8817
176.00000000000006	0.0	260.4322
175.0	0.0	267.5625
174.00000000000003	0.0	276.5968
172.99999999999997	0.0	287.8984
172.0	0.0	301.8453
171.00000000000003	0.0	318.8045
170.00000000000003	0.0	339.1052
168.99999999999997	0.0	363.0127
167.99999999999997	0.0	390.7044
167.00000000000003	0.0	422.2495
166.00000000000003	0.0	457.5913
165.00000000000003	0.0	496.5366
163.99999999999997	0.0	538.7494
163.0	0.0	583.7512
162.00000000000003	0.0	630.9279
161.00000000000003	0.0	679.5422
160.0	0.0	728.7524
159.0	0.0	777.636
158.00000000000003	0.0	825.2175
157.00000000000003	0.0	870.4991
156.00000000000003	0.0	912.4936
154.99999999999997	0.0	950.2578
154.0	0.0	982.9248
153.00000000000003	0.0	1009.7345
152.0	0.0	1030.0602
150.99999999999997	0.0	1043.4314
150.0	0.0	1049.5503
149.0	0.0	1048.3028
148.0	0.0	1039.7626
147.00000000000003	0.0	1024.1883
146.0	0.0	1002.0141
145.0	0.0	973.8343
144.00000000000003	0.0	940.3814
143.0	0.0	902.5004
142.0	0.0	861.1184
140.99999999999997	0.0	817.2127
140.00000000000003	0.0	771.7769
139.00000000000003	0.0	725.7876
138.00000000000003	0.0	680.1727
137.0	0.0	635.7822
136.0	0.0	593.3635
135.00000000000003	0.0	553.5408
134.00000000000003	0.0	516.8014
132.99999999999997	0.0	483.4866
131.99999999999997	0.0	453.7906
131.00000000000003	0.0	427.7641
130.00000000000003	0.0	405.3255
129.00000000000003	0.0	386.2761
128.0	0.0	370.3209
126.99999999999999	0.0	357.0922
126.00000000000003	0.0	346.1761
125.00000000000004	0.0	337.1397
123.99999999999997	0.0	329.5586
122.99999999999999	0.0	323.0425
122.0	0.0	317.2585
121.0	0.0	311.9504
120.00000000000001	0.0	306.9532
119.0	0.0	302.2032
118.00000000000001	0.0	297.7408
117.00000000000003	0.0	293.7092
116.00000000000004	0.0	290.3458
115.0	0.0	287.969
114.00000000000001	0.0	286.9597
113.00000000000001	0.0	287.7399
112.00000000000003	0.0	290.7466
111.00000000000004	0.0	296.4061
110.0	0.0	305.1059
109.00000000000001	0.0	317.169
108.00000000000003	0.0	332.8296
107.00000000000004	0.0	352.212
106.0	0.0	375.3139
105.0	0.0	401.9958
104.00000000000001	0.0	431.9746
103.00000000000001	0.0	464.8252
102.00000000000003	0.0	499.987
100.99999999999999	0.0	536.7775
100.0	0.0	574.4108
99.00000000000001	0.0	612.0224
98.00000000000003	0.0	648.6964
96.99999999999999	0.0	683.497
96.0	0.0	715.5011
95.0	0.0	743.8315
94.00000000000001	0.0	767.6886
93.00000000000003	0.0	786.3807
91.99999999999999	0.0	799.3494
91.0	0.0	806.1916
90.0	90.0	360.9763
89.0	90.0	359.4231
88.0	90.0	357.9432
87.00000000000001	90.0	356.5699
86.0	90.0	355.3403
85.0	90.0	354.2948
84.0	90.0	353.4761
83.0	90.0	352.9279
82.0	90.0	352.6942
81.0	90.0	352.8181
80.0	90.0	353.3404
79.0	90.0	354.2991
78.00000000000001	90.0	355.728
77.0	90.0	357.6557
76.0	90.0	360.105
75.0	90.0	363.0923
74.0	90.0	366.6265
73.0	90.0	370.7093
72.0	90.0	375.3344
71.0	90.0	380.4879
70.0	90.0	386.1483
69.00000000000001	90.0	392.2867
68.0	90.0	398.8675
67.0	90.0	405.8488
66.0	90.0	413.1836
65.0	90.0	420.8199
64.0	90.0	428.7025
63.0	90.0	436.7732
62.0	90.0	444.9724
61.0	90.0	453.2396
60.00000000000001	90.0	461.5146
59.00000000000001	90.0	469.738
58.00000000000001	90.0	477.8524
57.00000000000001	90.0	485.8024
55.99999999999999	90.0	493.5358
55.00000000000001	90.0	501.0032
54.0	90.0	508.1586
53.00000000000001	90.0	514.9593
52.0	90.0	521.366
51.00000000000001	90.0	527.3425
50.00000000000001	90.0	532.8553
49.00000000000001	90.0	537.8734
48.0	90.0	542.3679
47.0	90.0	546.3115
46.00000000000001	90.0	549.6783
45.0	90.0	552.4435
44.0	90.0	554.5829
43.0	90.0	556.073
42.0	90.0	556.8907
41.0	90.0	557.0138
40.00000000000001	90.0	556.421
39.0	90.0	555.0921
37.99999999999999	90.0	553.0089
37.0	90.0	550.1554
36.0	90.0	546.5189
35.0	90.0	542.0904
34.0	90.0	536.866
33.0	90.0	530.8469
31.99999999999999	90.0	524.041
31.0	90.0	516.4634
30.000000000000004	90.0	508.1366
29.00000000000001	90.0	499.0918
28.000000000000007	90.0	489.3687
27.00000000000001	90.0	479.0158
25.999999999999996	90.0	468.0904
25.000000000000004	90.0	456.6585
24.000000000000004	90.0	444.7938
22.999999999999993	90.0	432.5777
21.999999999999996	90.0	420.0978
21.0	90.0	407.4472
20.00000000000001	90.0	394.723
19.000000000000014	90.0	382.0249
18.00000000000001	90.0	369.4539
17.000000000000007	90.0	357.1105
15.999999999999995	90.0	345.0932
14.999999999999996	90.0	333.4972
14.0	90.0	322.4127
12.999999999999996	90.0	311.9236
12.000000000000018	90.0	302.1064
10.999999999999993	90.0	293.0293
10.000000000000012	90.0	284.7511
8.999999999999984	90.0	277.3212
7.999999999999981	90.0	270.7788
7.000000000000025	90.0	265.1534
6.000000000000026	90.0	260.4645
4.999999999999992	90.0	256.7224
4.000000000000042	90.0	253.9285
3.0000000000000444	90.0	252.0767
1.9999999999999472	90.0	251.1535
0.9999999999999002	90.0	251.14
0.0	90.0	252.0122
0.9999999999999002	270.0	253.7427
1.9999999999999472	270.0	256.3014
3.0000000000000444	270.0	259.6567
4.000000000000042	270.0	263.7763
4.999999999999992	270.0	268.6283
6.000000000000026	270.0	274.1811
6.9999999999999725	270.0	280.4045
7.999999999999981	270.0	287.2695
8.999999999999984	270.0	294.7486
10.000000000000012	270.0	302.815
10.999999999999993	270.0	311.4432
11.999999999999988	270.0	320.6075
12.999999999999996	270.0	330.2818
14.0	270.0	340.4389
14.999999999999996	270.0	351.0496
15.999999999999995	270.0	362.0815
16.99999999999999	270.0	373.4989
17.999999999999986	270.0	385.2615
18.999999999999996	270.0	397.3236
19.999999999999993	270.0	409.6344
21.0	270.0	422.1369
21.999999999999996	270.0	434.768
23.00000000000001	270.0	447.4587
24.000000000000004	270.0	460.1343
24.99999999999999	270.0	472.7149
26.000000000000007	270.0	485.1163
26.999999999999996	270.0	497.2509
28.000000000000007	270.0	509.0286
28.999999999999996	270.0	520.3584
29.999999999999993	270.0	531.1498
31.0	270.0	541.3142
31.99999999999999	270.0	550.7664
33.0	270.0	559.4262
34.0	270.0	567.22
35.000000000000014	270.0	574.082
36.0	270.0	579.9557
37.000000000000014	270.0	584.7948
37.99999999999999	270.0	588.5643
38.99999999999999	270.0	591.2413
40.00000000000001	270.0	592.8149
40.999999999999986	270.0	593.2873
42.0	270.0	592.6731
43.0	270.0	590.9991
44.00000000000001	270.0	588.3042
45.0	270.0	584.6382
46.000000000000014	270.0	580.0611
47.0	270.0	574.6418
47.999999999999986	270.0	568.4573
49.00000000000001	270.0	561.5905
49.99999999999999	270.0	554.1297
51.00000000000001	270.0	546.1664
51.99999999999999	270.0	537.7941
53.000000000000014	270.0	529.1067
53.99999999999999	270.0	520.1972
55.000000000000014	270.0	511.1563
55.99999999999999	270.0	502.0709
56.999999999999986	270.0	493.0234
58.00000000000001	270.0	484.0903
58.99999999999999	270.0	475.3416
60.00000000000001	270.0	466.8401
61.0	270.0	458.6407
62.000000000000014	270.0	450.7902
63.0	270.0	443.3269
64.00000000000001	270.0	436.2806
65.0	270.0	429.6728
65.99999999999999	270.0	423.5167
67.0	270.0	417.8177
68.0	270.0	412.5737
69.00000000000001	270.0	407.7756
70.0	270.0	403.4081
71.00000000000001	270.0	399.4502
72.0	270.0	395.8761
73.00000000000001	270.0	392.6561
74.0	270.0	389.7569
74.99999999999999	270.0	387.1432
76.0	270.0	384.7783
77.0	270.0	382.6247
78.00000000000001	270.0	380.6455
79.0	270.0	378.805
80.00000000000001	270.0	377.0695
81.0	270.0	375.4084
82.00000000000001	270.0	373.7944
83.0	270.0	372.2049
83.99999999999999	270.0	370.6219
85.0	270.0	369.0329
86.0	270.0	367.4312
87.00000000000001	270.0	365.8162
88.0	270.0	364.1933
89.00000000000001	270.0	362.5741
90.0	270.0	360.9763
91.00000000000001	270.0	359.4231
92.0	270.0	357.9432
92.99999999999999	270.0	356.5699
94.0	270.0	355.3403
95.0	270.0	354.2948
96.00000000000001	270.0	353.4761
97.0	270.0	352.9279
98.00000000000001	270.0	352.6942
99.0	270.0	352.8181
100.00000000000001	270.0	353.3404
101.0	270.0	354.2991
102.00000000000001	270.0	355.728
103.0	270.0	357.6557
104.0	270.0	360.105
105.00000000000001	270.0	363.0923
106.0	270.0	366.6265
107.00000000000001	270.0	370.7093
108.0	270.0	375.3344
109.00000000000001	270.0	380.4879
110.0	270.0	386.1483
111.00000000000001	270.0	392.2867
112.0	270.0	398.8675
113.0	270.0	405.8488
114.00000000000001	270.0	413.1836
115.0	270.0	420.8199
116.00000000000001	270.0	428.7025
117.0	270.0	436.7732
118.00000000000001	270.0	444.9724
119.0	270.0	453.2396
120.00000000000001	270.0	461.5146
121.0	270.0	469.738
122.0	270.0	477.8524
123.00000000000001	270.0	485.8024
124.0	270.0	493.5358
125.00000000000001	270.0	501.0032
126.0	270.0	508.1586
127.00000000000001	270.0	514.9593
128.0	270.0	521.366
129.00000000000003	270.0	527.3425
130.0	270.0	532.8553
131.0	270.0	537.8734
132.0	270.0	542.3679
133.0	270.0	546.3115
134.0	270.0	549.6783
135.0	270.0	552.4435
136.0	270.0	554.5829
137.0	270.0	556.073
138.00000000000003	270.0	556.8907
139.0	270.0	557.0138
140.0	270.0	556.421
140.99999999999997	270.0	555.0921
142.00000000000003	270.0	553.0089
143.0	270.0	550.1554
144.0	270.0	546.5189
145.0	270.0	542.0904
146.00000000000003	270.0	536.866
147.00000000000003	270.0	530.8469
148.0	270.0	524.041
149.0	270.0	516.4634
149.99999999999997	270.0	508.1366
151.00000000000003	270.0	499.0918
152.0	270.0	489.3687
153.0	270.0	479.0158
154.0	270.0	468.0904
155.00000000000003	270.0	456.6585
156.00000000000003	270.0	444.7938
157.0	270.0	432.5777
158.0	270.0	420.0978
158.99999999999997	270.0	407.4472
160.00000000000003	270.0	394.723
161.0	270.0	382.0249
162.0	270.0	369.4539
163.0	270.0	357.1105
164.00000000000003	270.0	345.0932
165.00000000000003	270.0	333.4972
166.0	270.0	322.4127
167.0	270.0	311.9236
167.99999999999997	270.0	302.1064
169.00000000000003	270.0	293.0293
169.99999999999997	270.0	284.7511
170.99999999999997	270.0	277.3212
172.0	270.0	270.7788
173.00000000000003	270.0	265.1534
174.00000000000003	270.0	260.4645
175.0	270.0	256.7224
175.99999999999997	270.0	253.9285
176.99999999999994	270.0	252.0767
178.00000000000006	270.0	251.1535
179.0000000000001	270.0	251.14
180.0	270.0	252.0122
179.0000000000001	90.0	253.7427
178.00000000000006	90.0	256.3014
176.99999999999994	90.0	259.6567
176.00000000000006	90.0	263.7763
175.0	90.0	268.6283
174.00000000000003	90.0	274.1811
172.99999999999997	90.0	280.4045
172.0	90.0	287.2695
171.00000000000003	90.0	294.7486
170.00000000000003	90.0	302.815
168.99999999999997	90.0	311.4432
167.99999999999997	90.0	320.6075
167.00000000000003	90.0	330.2818
166.00000000000003	90.0	340.4389
165.00000000000003	90.0	351.0496
163.99999999999997	90.0	362.0815
163.0	90.0	373.4989
162.00000000000003	90.0	385.2615
161.00000000000003	90.0	397.3236
160.0	90.0	409.6344
159.0	90.0	422.1369
158.00000000000003	90.0	434.768
157.00000000000003	90.0	447.4587
156.00000000000003	90.0	460.1343
154.99999999999997	90.0	472.7149
154.0	90.0	485.1163
153.00000000000003	90.0	497.2509
152.0	90.0	509.0286
150.99999999999997	90.0	520.3584
150.0	90.0	531.1498
149.0	90.0	541.3142
148.0	90.0	550.7664
147.00000000000003	90.0	559.4262
146.0	90.0	567.22
145.0	90.0	574.082
144.00000000000003	90.0	579.9557
143.0	90.0	584.7948
142.0	90.0	588.5643
140.99999999999997	90.0	591.2413
140.00000000000003	90.0	592.8149
139.00000000000003	90.0	593.2873
138.00000000000003	90.0	592.6731
137.0	90.0	590.9991
136.0	90.0	588.3042
135.00000000000003	90.0	584.6382
134.00000000000003	90.0	580.0611
132.99999999999997	90.0	574.6418
131.99999999999997	90.0	568.4573
131.00000000000003	90.0	561.5905
130.00000000000003	90.0	554.1297
129.00000000000003	90.0	546.1664
128.0	90.0	537.7941
126.99999999999999	90.0	529.1067
126.00000000000003	90.0	520.1972
125.00000000000004	90.0	511.1563
123.99999999999997	90.0	502.0709
122.99999999999999	90.0	493.0234
122.0	90.0	484.0903
121.0	90.0	475.3416
120.00000000000001	90.0	466.8401
119.0	90.0	458.6407
118.00000000000001	90.0	450.7902
117.00000000000003	90.0	443.3269
116.00000000000004	90.0	436.2806
115.0	90.0	429.6728
114.00000000000001	90.0	423.5167
113.00000000000001	90.0	417.8177
112.00000000000003	90.0	412.5737
111.00000000000004	90.0	407.7756
110.0	90.0	403.4081
109.00000000000001	90.0	399.4502
108.00000000000003	90.0	395.8761
107.00000000000004	90.0	392.6561
106.0	90.0	389.7569
105.0	90.0	387.1432
104.00000000000001	90.0	384.7783
103.00000000000001	90.0	382.6247
102.00000000000003	90.0	380.6455
100.99999999999999	90.0	378.805
100.0	90.0	377.0695
99.00000000000001	90.0	375.4084
98.00000000000003	90.0	373.7944
96.99999999999999	90.0	372.2049
96.0	90.0	370.6219
95.0	90.0	369.0329
94.00000000000001	90.0	367.4312
93.00000000000003	90.0	365.8162
91.99999999999999	90.0	364.1933
91.0	90.0	362.5741
