Polar Angle 	 Azimuth Angle 	 Intensity 
90.0	45.0	260.6357
89.0	45.0	260.5524
88.0	45.0	260.602
87.00000000000001	45.0	260.7789
86.0	45.0	261.0826
85.0	45.0	261.5172
84.0	45.0	262.0912
83.0	45.0	262.8169
82.0	45.0	263.7095
81.0	45.0	264.7857
80.0	45.0	266.063
79.0	45.0	267.558
78.00000000000001	45.0	269.2849
77.0	45.0	271.2547
76.0	45.0	273.4734
75.0	45.0	275.9416
74.0	45.0	278.653
73.0	45.0	281.5949
72.0	45.0	284.747
71.0	45.0	288.0824
70.0	45.0	291.5681
69.00000000000001	45.0	295.1654
68.0	45.0	298.832
67.0	45.0	302.523
66.0	45.0	306.1931
65.0	45.0	309.7981
64.0	45.0	313.2977
63.0	45.0	316.657
62.0	45.0	319.8485
61.0	45.0	322.8545
60.00000000000001	45.0	325.6678
59.00000000000001	45.0	328.2932
58.00000000000001	45.0	330.7484
57.00000000000001	45.0	333.0641
55.99999999999999	45.0	335.2833
55.00000000000001	45.0	337.461
54.0	45.0	339.6627
53.00000000000001	45.0	341.9621
52.0	45.0	344.4392
51.00000000000001	45.0	347.1771
50.00000000000001	45.0	350.2594
49.00000000000001	45.0	353.7663
48.0	45.0	357.7717
47.0	45.0	362.3393
46.00000000000001	45.0	367.5199
45.0	45.0	373.348
44.0	45.0	379.8394
43.0	45.0	386.9893
42.0	45.0	394.7705
41.0	45.0	403.1326
40.00000000000001	45.0	412.0024
39.0	45.0	421.2842
37.99999999999999	45.0	430.8613
37.0	45.0	440.5981
36.0	45.0	450.3436
35.0	45.0	459.934
34.0	45.0	469.1975
33.0	45.0	477.9582
31.99999999999999	45.0	486.0413
31.0	45.0	493.2773
30.000000000000004	45.0	499.5075
29.00000000000001	45.0	504.5881
28.000000000000007	45.0	508.3948
27.00000000000001	45.0	510.8264
25.999999999999996	45.0	511.8083
25.000000000000004	45.0	511.2947
24.000000000000004	45.0	509.271
22.999999999999993	45.0	505.754
21.999999999999996	45.0	500.7924
21.0	45.0	494.4659
20.00000000000001	45.0	486.8836
19.000000000000014	45.0	478.1815
18.00000000000001	45.0	468.5191
17.000000000000007	45.0	458.0762
15.999999999999995	45.0	447.0477
14.999999999999996	45.0	435.6399
14.0	45.0	424.0647
12.999999999999996	45.0	412.5352
12.000000000000018	45.0	401.2605
10.999999999999993	45.0	390.4408
10.000000000000012	45.0	380.2634
8.999999999999984	45.0	370.8984
7.999999999999981	45.0	362.4954
7.000000000000025	45.0	355.1806
6.000000000000026	45.0	349.055
4.999999999999992	45.0	344.1927
4.000000000000042	45.0	340.6404
3.0000000000000444	45.0	338.4177
1.9999999999999472	45.0	337.5175
0.9999999999999002	45.0	337.9077
0.0	45.0	339.533
0.9999999999999002	225.0	342.3176
1.9999999999999472	225.0	346.1674
3.0000000000000444	225.0	350.974
4.000000000000042	225.0	356.617
4.999999999999992	225.0	362.9682
6.000000000000026	225.0	369.8939
6.9999999999999725	225.0	377.2591
7.999999999999981	225.0	384.9294
8.999999999999984	225.0	392.7742
10.000000000000012	225.0	400.6691
10.999999999999993	225.0	408.4974
11.999999999999988	225.0	416.1519
12.999999999999996	225.0	423.5361
14.0	225.0	430.5649
14.999999999999996	225.0	437.1648
15.999999999999995	225.0	443.2743
16.99999999999999	225.0	448.8435
17.999999999999986	225.0	453.8336
18.999999999999996	225.0	458.2165
19.999999999999993	225.0	461.9738
21.0	225.0	465.096
21.999999999999996	225.0	467.5814
23.00000000000001	225.0	469.4358
24.000000000000004	225.0	470.671
24.99999999999999	225.0	471.3041
26.000000000000007	225.0	471.3572
26.999999999999996	225.0	470.8562
28.000000000000007	225.0	469.8308
28.999999999999996	225.0	468.3134
29.999999999999993	225.0	466.3392
31.0	225.0	463.9455
31.99999999999999	225.0	461.1716
33.0	225.0	458.0581
34.0	225.0	454.6469
35.000000000000014	225.0	450.9808
36.0	225.0	447.1026
37.000000000000014	225.0	443.0552
37.99999999999999	225.0	438.8805
38.99999999999999	225.0	434.6194
40.00000000000001	225.0	430.3104
40.999999999999986	225.0	425.9897
42.0	225.0	421.6898
43.0	225.0	417.4393
44.00000000000001	225.0	413.2624
45.0	225.0	409.1777
46.000000000000014	225.0	405.1987
47.0	225.0	401.3326
47.999999999999986	225.0	397.5811
49.00000000000001	225.0	393.9397
49.99999999999999	225.0	390.3984
51.00000000000001	225.0	386.942
51.99999999999999	225.0	383.5509
53.000000000000014	225.0	380.2018
53.99999999999999	225.0	376.8685
55.000000000000014	225.0	373.5234
55.99999999999999	225.0	370.1385
56.999999999999986	225.0	366.6863
58.00000000000001	225.0	363.1418
58.99999999999999	225.0	359.4827
60.00000000000001	225.0	355.6913
61.0	225.0	351.7549
62.000000000000014	225.0	347.6669
63.0	225.0	343.4269
64.00000000000001	225.0	339.0416
65.0	225.0	334.5241
65.99999999999999	225.0	329.8942
67.0	225.0	325.1777
68.0	225.0	320.4056
69.00000000000001	225.0	315.6133
70.0	225.0	310.8395
71.00000000000001	225.0	306.1246
72.0	225.0	301.5099
73.00000000000001	225.0	297.0359
74.0	225.0	292.7411
74.99999999999999	225.0	288.6605
76.0	225.0	284.8251
77.0	225.0	281.2603
78.00000000000001	225.0	277.9859
79.0	225.0	275.0151
80.00000000000001	225.0	272.3547
81.0	225.0	270.0052
82.00000000000001	225.0	267.9609
83.0	225.0	266.211
83.99999999999999	225.0	264.7402
85.0	225.0	263.5296
86.0	225.0	262.5582
87.00000000000001	225.0	261.8041
88.0	225.0	261.2454
89.00000000000001	225.0	260.8619
90.0	225.0	260.6357
91.00000000000001	225.0	260.5524
92.0	225.0	260.602
92.99999999999999	225.0	260.7789
94.0	225.0	261.0826
95.0	225.0	261.5172
96.00000000000001	225.0	262.0912
97.0	225.0	262.8169
98.00000000000001	225.0	263.7095
99.0	225.0	264.7857
100.00000000000001	225.0	266.063
101.0	225.0	267.558
102.00000000000001	225.0	269.2849
103.0	225.0	271.2547
104.0	225.0	273.4734
105.00000000000001	225.0	275.9416
106.0	225.0	278.653
107.00000000000001	225.0	281.5949
108.0	225.0	284.747
109.00000000000001	225.0	288.0824
110.0	225.0	291.5681
111.00000000000001	225.0	295.1654
112.0	225.0	298.832
113.0	225.0	302.523
114.00000000000001	225.0	306.1931
115.0	225.0	309.7981
116.00000000000001	225.0	313.2977
117.0	225.0	316.657
118.00000000000001	225.0	319.8485
119.0	225.0	322.8545
120.00000000000001	225.0	325.6678
121.0	225.0	328.2932
122.0	225.0	330.7484
123.00000000000001	225.0	333.0641
124.0	225.0	335.2833
125.00000000000001	225.0	337.461
126.0	225.0	339.6627
127.00000000000001	225.0	341.9621
128.0	225.0	344.4392
129.00000000000003	225.0	347.1771
130.0	225.0	350.2594
131.0	225.0	353.7663
132.0	225.0	357.7717
133.0	225.0	362.3393
134.0	225.0	367.5199
135.0	225.0	373.348
136.0	225.0	379.8394
137.0	225.0	386.9893
138.00000000000003	225.0	394.7705
139.0	225.0	403.1326
140.0	225.0	412.0024
140.99999999999997	225.0	421.2842
142.00000000000003	225.0	430.8613
143.0	225.0	440.5981
144.0	225.0	450.3436
145.0	225.0	459.934
146.00000000000003	225.0	469.1975
147.00000000000003	225.0	477.9582
148.0	225.0	486.0413
149.0	225.0	493.2773
149.99999999999997	225.0	499.5075
151.00000000000003	225.0	504.5881
152.0	225.0	508.3948
153.0	225.0	510.8264
154.0	225.0	511.8083
155.00000000000003	225.0	511.2947
156.00000000000003	225.0	509.271
157.0	225.0	505.754
158.0	225.0	500.7924
158.99999999999997	225.0	494.4659
160.00000000000003	225.0	486.8836
161.0	225.0	478.1815
162.0	225.0	468.5191
163.0	225.0	458.0762
164.00000000000003	225.0	447.0477
165.00000000000003	225.0	435.6399
166.0	225.0	424.0647
167.0	225.0	412.5352
167.99999999999997	225.0	401.2605
169.00000000000003	225.0	390.4408
169.99999999999997	225.0	380.2634
170.99999999999997	225.0	370.8984
172.0	225.0	362.4954
173.00000000000003	225.0	355.1806
174.00000000000003	225.0	349.055
175.0	225.0	344.1927
175.99999999999997	225.0	340.6404
176.99999999999994	225.0	338.4177
178.00000000000006	225.0	337.5175
179.0000000000001	225.0	337.9077
180.0	225.0	339.533
179.0000000000001	45.0	342.3176
178.00000000000006	45.0	346.1674
176.99999999999994	45.0	350.974
176.00000000000006	45.0	356.617
175.0	45.0	362.9682
174.00000000000003	45.0	369.8939
172.99999999999997	45.0	377.2591
172.0	45.0	384.9294
171.00000000000003	45.0	392.7742
170.00000000000003	45.0	400.6691
168.99999999999997	45.0	408.4974
167.99999999999997	45.0	416.1519
167.00000000000003	45.0	423.5361
166.00000000000003	45.0	430.5649
165.00000000000003	45.0	437.1648
163.99999999999997	45.0	443.2743
163.0	45.0	448.8435
162.00000000000003	45.0	453.8336
161.00000000000003	45.0	458.2165
160.0	45.0	461.9738
159.0	45.0	465.096
158.00000000000003	45.0	467.5814
157.00000000000003	45.0	469.4358
156.00000000000003	45.0	470.671
154.99999999999997	45.0	471.3041
154.0	45.0	471.3572
153.00000000000003	45.0	470.8562
152.0	45.0	469.8308
150.99999999999997	45.0	468.3134
150.0	45.0	466.3392
149.0	45.0	463.9455
148.0	45.0	461.1716
147.00000000000003	45.0	458.0581
146.0	45.0	454.6469
145.0	45.0	450.9808
144.00000000000003	45.0	447.1026
143.0	45.0	443.0552
142.0	45.0	438.8805
140.99999999999997	45.0	434.6194
140.00000000000003	45.0	430.3104
139.00000000000003	45.0	425.9897
138.00000000000003	45.0	421.6898
137.0	45.0	417.4393
136.0	45.0	413.2624
135.00000000000003	45.0	409.1777
134.00000000000003	45.0	405.1987
132.99999999999997	45.0	401.3326
131.99999999999997	45.0	397.5811
131.00000000000003	45.0	393.9397
130.00000000000003	45.0	390.3984
129.00000000000003	45.0	386.942
128.0	45.0	383.5509
126.99999999999999	45.0	380.2018
126.00000000000003	45.0	376.8685
125.00000000000004	45.0	373.5234
123.99999999999997	45.0	370.1385
122.99999999999999	45.0	366.6863
122.0	45.0	363.1418
121.0	45.0	359.4827
120.00000000000001	45.0	355.6913
119.0	45.0	351.7549
118.00000000000001	45.0	347.6669
117.00000000000003	45.0	343.4269
116.00000000000004	45.0	339.0416
115.0	45.0	334.5241
114.00000000000001	45.0	329.8942
113.00000000000001	45.0	325.1777
112.00000000000003	45.0	320.4056
111.00000000000004	45.0	315.6133
110.0	45.0	310.8395
109.00000000000001	45.0	306.1246
108.00000000000003	45.0	301.5099
107.00000000000004	45.0	297.0359
106.0	45.0	292.7411
105.0	45.0	288.6605
104.00000000000001	45.0	284.8251
103.00000000000001	45.0	281.2603
102.00000000000003	45.0	277.9859
100.99999999999999	45.0	275.0151
100.0	45.0	272.3547
99.00000000000001	45.0	270.0052
98.00000000000003	45.0	267.9609
96.99999999999999	45.0	266.211
96.0	45.0	264.7402
95.0	45.0	263.5296
94.00000000000001	45.0	262.5582
93.00000000000003	45.0	261.8041
91.99999999999999	45.0	261.2454
91.0	45.0	260.8619
90.0	0.0	225.0404
89.29291116952395	0.7071426817872533	225.4714
88.58593006627854	1.4145007934175506	227.02
87.87916453235917	2.122289895867879	229.6538
87.1727226397129	2.8307258121018455	233.3262
86.4667128053692	3.540024757356371	237.9779
85.76124390703504	4.250403468570711	243.5378
85.05642539917308	4.962079332655645	249.9242
84.3523674296794	5.675270513286652	257.0465
83.64918095727445	6.390196075887154	264.8065
82.94697786971682	7.107076110446535	273.1002
82.24587110294536	7.826131851792348	281.8193
81.54597476125012	8.547585796906942	290.8529
80.84740423856572	9.271661818845425	300.0892
80.15027634097487	9.998585276774412	309.417
79.45470941050044	10.728583121609057	318.7273
78.76082345025607	11.461883996679509	327.9149
78.0687402510143	12.198718332806749	336.8793
77.37858351923944	12.939318437111838	345.5268
76.69047900661849	13.683918574821595	353.7708
76.00455464110858	14.432755043267381	361.5337
75.32094065950206	15.186066237202516	368.7472
74.63976974149092	15.944092704486447	375.3536
73.96117714519126	16.707077191101824	381.306
73.28530084406378	17.47526467438212	386.5694
72.61228166514054	18.2489023832344	391.1205
71.94226342843773	19.028239804042187	394.9481
71.27539308740191	19.813528670829413	398.0533
70.61182087020094	20.605022938156644	400.4489
69.95170042163069	21.402978735106455	402.1592
69.29518894536457	22.207654298596484	403.2195
68.64244734622547	23.019309884136224	403.675
67.99364037210603	23.838207652018653	403.5799
67.34893675510656	24.664611526811417	402.9962
66.70850935139694	25.498787027884514	401.9922
66.07253527924108	26.34100106858589	400.6412
65.44119605454999	27.191521721553002	399.0192
64.81467772324949	28.05061794753063	397.2037
64.19317098966519	28.918559284955432	395.2716
63.57687134003648	29.79561549746857	393.2972
62.965979160175145	30.68205617643342	391.3502
62.36069984618289	31.5781502954692	389.4945
61.761243907035045	32.484165713968785	387.7857
61.16782705772538	33.400368626554155	386.2704
60.58067030155157	34.32702295544232	384.9844
59.99999999999999	35.264389682754654	383.952
59.42604792856702	36.212726119908915	383.1851
58.8590513167294	37.17228511139536	382.6834
58.29925287015328	38.143314170462425	382.4337
57.74690077310915	39.12605454453247	382.4112
57.20224866894282	40.12074020854298	382.5795
56.66555561634145	41.12759678487194	382.8925
56.13708601903233	42.14684038906587	383.2957
55.61710952646371	43.178676401255004	383.7277
55.10590090294487	44.223298163918535	384.1231
54.60373986267208	45.28088560756104	384.4139
54.11091086804023	46.3516038068849	384.5327
53.62770288864506	47.435601471194154	384.4149
53.154409118419395	48.53300937404573	384.001
52.691326648427214	49.643938728569864	383.2391
52.23875609296496	50.76847951640774	382.0871
51.79700116679687	51.90669877984987	380.5146
51.36636821158484	53.05863888848747	378.5041
50.94716566986906	54.22431579349069	376.0526
50.539703505316	55.40371728447302	373.1719
50.14429256838126	56.59680126575802	369.889
49.76124390703504	57.80349407069134	366.2457
49.390868022772075	59.02368883439022	362.2975
49.03347407277117	60.25724394694163	358.113
48.68936901978189	61.503981610489745	353.7711
48.35885673209022	62.76368652482927	349.3598
48.04223703674405	64.03610472697835	344.973
47.73980473009234	65.32094261067617	340.7077
47.45184855059514	66.61786615176922	336.6616
47.178650119779434	67.92650036495783	332.9295
46.920482858129056	69.2464290163152	329.6002
46.677610883583455	70.57719461432482	326.7542
46.450287901158305	71.91829869987819	324.4603
46.23875609296496	73.2692024527246	322.7738
46.043245018569806	74.62932762827676	321.7342
45.86397053617525	75.99805783448308	321.364
45.701133755495384	77.37474015373697	321.6675
45.554920033420714	78.7586871095844	322.6306
45.42549802359849	80.14917897242118	324.2209
45.31301879088406	81.5454663925662	326.3885
45.21761500123496	82.94677334320139	329.0678
45.1394001970194	84.35230034984485	332.1785
45.07846816689916	85.76122797743554	335.6289
45.03489241843145	87.17272054092642	339.3182
45.00872576033472	88.58593000067151	343.1394
45.0	90.0	346.9831
45.00872576033472	91.41406999932849	350.7402
45.03489241843145	92.82727945907358	354.3058
45.07846816689916	94.23877202256445	357.5821
45.1394001970194	95.64769965015516	360.4815
45.21761500123496	97.05322665679864	362.9289
45.31301879088406	98.45453360743382	364.8647
45.42549802359848	99.85082102757882	366.2458
45.554920033420714	101.2413128904156	367.0471
45.701133755495384	102.62525984626303	367.2623
45.86397053617525	104.00194216551692	366.9034
46.043245018569806	105.37067237172324	366.0011
46.238756092964955	106.73079754727539	364.6026
46.450287901158305	108.08170130012182	362.7707
46.677610883583455	109.42280538567519	360.5817
46.920482858129056	110.7535709836848	358.1224
47.178650119779434	112.07349963504215	355.4882
47.45184855059512	113.38213384823077	352.7793
47.73980473009234	114.67905738932384	350.0982
48.04223703674405	115.96389527302166	347.5465
48.3588567320902	117.23631347517073	345.222
48.68936901978189	118.49601838951025	343.2159
49.03347407277117	119.74275605305839	341.6103
49.39086802277208	120.9763111656098	340.4765
49.76124390703504	122.19650592930867	339.8728
50.14429256838125	123.40319873424197	339.8435
50.539703505316005	124.59628271552698	340.4181
50.94716566986905	125.77568420650928	341.6113
51.36636821158484	126.94136111151253	343.4227
51.79700116679685	128.09330122015012	345.8378
52.23875609296496	129.23152048359225	348.8291
52.691326648427214	130.35606127143015	352.3572
53.154409118419395	131.46699062595425	356.3725
53.62770288864506	132.56439852880584	360.8174
54.11091086804023	133.64839619311508	365.6277
54.60373986267208	134.71911439243897	370.7354
55.10590090294487	135.7767018360815	376.0698
55.617109526463715	136.821323598745	381.5601
56.13708601903233	137.8531596109341	387.1367
56.66555561634144	138.87240321512806	392.7328
57.20224866894282	139.879259791457	398.2855
57.74690077310915	140.87394545546752	403.7371
58.29925287015328	141.85668582953758	409.035
58.8590513167294	142.82771488860465	414.1327
59.42604792856702	143.7872738800911	418.9892
59.99999999999999	144.73561031724535	423.5689
60.58067030155157	145.6729770445577	427.8414
61.16782705772538	146.59963137344585	431.7801
61.76124390703503	147.5158342860312	435.3619
62.36069984618289	148.4218497045308	438.5659
62.96597916017513	149.31794382356657	441.3727
63.57687134003648	150.20438450253144	443.7635
64.19317098966519	151.08144071504458	445.719
64.81467772324949	151.9493820524694	447.219
65.44119605454999	152.808478278447	448.2419
66.0725352792411	153.65899893141415	448.7644
66.70850935139694	154.5012129721155	448.7616
67.34893675510656	155.3353884731886	448.2073
67.99364037210603	156.16179234798136	447.0744
68.64244734622547	156.98069011586378	445.3358
69.29518894536457	157.79234570140352	442.9653
69.95170042163069	158.59702126489356	439.9387
70.61182087020094	159.39497706184335	436.2353
71.2753930874019	160.1864713291706	431.8392
71.94226342843773	160.9717601959578	426.7404
72.61228166514054	161.7510976167656	420.9365
73.28530084406377	162.52473532561788	414.4337
73.96117714519126	163.29292280889817	407.248
74.63976974149092	164.05590729551355	399.4061
75.32094065950206	164.8139337627975	390.946
76.00455464110858	165.56724495673262	381.9172
76.6904790066185	166.31608142517842	372.3809
77.37858351923944	167.06068156288816	362.4098
78.0687402510143	167.80128166719328	352.0872
78.76082345025605	168.5381160033205	341.5062
79.45470941050044	169.27141687839094	330.7686
80.15027634097487	170.0014147232256	319.9831
80.84740423856572	170.72833818115458	309.2638
81.54597476125012	171.45241420309307	298.7283
82.24587110294536	172.17386814820765	288.4954
82.94697786971682	172.8929238895535	278.6831
83.64918095727445	173.60980392411287	269.4064
84.3523674296794	174.32472948671335	260.7753
85.05642539917308	175.03792066734437	252.8927
85.76124390703502	175.7495965314293	245.8524
86.4667128053692	176.45997524264365	239.7376
87.17272263971289	177.16927418789817	234.6191
87.87916453235917	177.87771010413212	230.5545
88.58593006627854	178.58549920658245	227.587
89.29291116952395	179.29285731821275	225.7447
90.0	180.0	225.0404
90.70708883047607	180.70714268178725	225.4714
91.41406993372146	181.41450079341755	227.02
92.12083546764083	182.12228989586788	229.6538
92.82727736028711	182.83072581210183	233.3262
93.5332871946308	183.54002475735635	237.9779
94.23875609296496	184.2504034685707	243.5378
94.94357460082692	184.96207933265563	249.9242
95.64763257032061	185.67527051328665	257.0465
96.35081904272555	186.39019607588713	264.8065
97.05302213028318	187.1070761104465	273.1002
97.75412889705464	187.82613185179233	281.8193
98.45402523874989	188.54758579690696	290.8529
99.15259576143428	189.27166181884542	300.0892
99.84972365902512	189.9985852767744	309.417
100.54529058949956	190.72858312160906	318.7273
101.23917654974393	191.4618839966795	327.9149
101.93125974898571	192.19871833280675	336.8793
102.62141648076054	192.93931843711184	345.5268
103.30952099338153	193.68391857482158	353.7708
103.99544535889142	194.43275504326738	361.5337
104.67905934049796	195.18606623720254	368.7472
105.36023025850908	195.94409270448645	375.3536
106.03882285480874	196.7070771911018	381.306
106.71469915593623	197.4752646743821	386.5694
107.38771833485946	198.2489023832344	391.1205
108.05773657156229	199.0282398040422	394.9481
108.7246069125981	199.8135286708294	398.0533
109.38817912979906	200.60502293815665	400.4489
110.04829957836931	201.40297873510644	402.1592
110.70481105463544	202.20765429859648	403.2195
111.35755265377453	203.01930988413622	403.675
112.00635962789397	203.83820765201864	403.5799
112.65106324489344	204.6646115268114	402.9962
113.29149064860306	205.49878702788448	401.9922
113.92746472075892	206.34100106858588	400.6412
114.55880394545001	207.191521721553	399.0192
115.18532227675053	208.05061794753064	397.2037
115.8068290103348	208.91855928495542	395.2716
116.42312865996352	209.79561549746856	393.2972
117.03402083982486	210.68205617643343	391.3502
117.63930015381712	211.5781502954692	389.4945
118.23875609296496	212.48416571396876	387.7857
118.83217294227461	213.40036862655413	386.2704
119.41932969844842	214.32702295544232	384.9844
120.00000000000001	215.26438968275463	383.952
120.573952071433	216.2127261199089	383.1851
121.14094868327061	217.17228511139535	382.6834
121.70074712984672	218.14331417046245	382.4337
122.25309922689084	219.12605454453248	382.4112
122.79775133105717	220.12074020854297	382.5795
123.33444438365854	221.1275967848719	382.8925
123.86291398096766	222.1468403890659	383.2957
124.38289047353629	223.17867640125502	383.7277
124.89409909705513	224.2232981639185	384.1231
125.39626013732791	225.28088560756103	384.4139
125.88908913195978	226.35160380688492	384.5327
126.37229711135494	227.43560147119416	384.4149
126.84559088158062	228.53300937404572	384.001
127.30867335157278	229.64393872856982	383.2391
127.76124390703504	230.7684795164077	382.0871
128.20299883320317	231.90669877984988	380.5146
128.6336317884152	233.05863888848748	378.5041
129.05283433013093	234.2243157934907	376.0526
129.460296494684	235.40371728447298	373.1719
129.85570743161875	236.59680126575802	369.889
130.23875609296496	237.80349407069136	366.2457
130.60913197722795	239.0236888343902	362.2975
130.96652592722884	240.25724394694157	358.113
131.31063098021812	241.50398161048972	353.7711
131.6411432679098	242.7636865248293	349.3598
131.95776296325596	244.03610472697835	344.973
132.26019526990768	245.32094261067616	340.7077
132.54815144940486	246.6178661517692	336.6616
132.8213498802206	247.92650036495786	332.9295
133.07951714187095	249.2464290163152	329.6002
133.32238911641656	250.5771946143248	326.7542
133.5497120988417	251.91829869987816	324.4603
133.76124390703504	253.26920245272458	322.7738
133.9567549814302	254.62932762827677	321.7342
134.13602946382477	255.99805783448306	321.364
134.2988662445046	257.374740153737	321.6675
134.44507996657927	258.75868710958434	322.6306
134.57450197640154	260.14917897242117	324.2209
134.68698120911597	261.5454663925662	326.3885
134.78238499876502	262.94677334320136	329.0678
134.8605998029806	264.3523003498448	332.1785
134.92153183310086	265.7612279774355	335.6289
134.96510758156856	267.17272054092643	339.3182
134.99127423966527	268.5859300006715	343.1394
135.0	270.0	346.9831
134.99127423966527	271.4140699993285	350.7402
134.96510758156856	272.82727945907357	354.3058
134.92153183310086	274.2387720225645	357.5821
134.8605998029806	275.6476996501551	360.4815
134.78238499876502	277.0532266567986	362.9289
134.68698120911597	278.45453360743375	364.8647
134.57450197640154	279.85082102757883	366.2458
134.44507996657927	281.2413128904156	367.0471
134.2988662445046	282.625259846263	367.2623
134.13602946382477	284.0019421655169	366.9034
133.9567549814302	285.37067237172323	366.0011
133.76124390703504	286.7307975472754	364.6026
133.5497120988417	288.08170130012184	362.7707
133.32238911641656	289.42280538567513	360.5817
133.07951714187095	290.75357098368477	358.1224
132.82134988022057	292.0734996350422	355.4882
132.54815144940488	293.38213384823075	352.7793
132.26019526990768	294.6790573893238	350.0982
131.95776296325596	295.9638952730216	347.5465
131.6411432679098	297.23631347517073	345.222
131.31063098021812	298.49601838951025	343.2159
130.96652592722884	299.7427560530584	341.6103
130.60913197722795	300.9763111656098	340.4765
130.23875609296496	302.1965059293086	339.8728
129.85570743161873	303.403198734242	339.8435
129.46029649468403	304.59628271552697	340.4181
129.05283433013096	305.7756842065093	341.6113
128.6336317884152	306.9413611115125	343.4227
128.20299883320317	308.0933012201501	345.8378
127.76124390703505	309.23152048359225	348.8291
127.3086733515728	310.3560612714301	352.3572
126.84559088158062	311.4669906259543	356.3725
126.37229711135495	312.5643985288058	360.8174
125.88908913195978	313.6483961931151	365.6277
125.39626013732794	314.71911439243894	370.7354
124.89409909705515	315.77670183608143	376.0698
124.38289047353632	316.821323598745	381.5601
123.86291398096766	317.85315961093414	387.1367
123.33444438365856	318.8724032151281	392.7328
122.7977513310572	319.879259791457	398.2855
122.25309922689087	320.8739454554675	403.7371
121.70074712984675	321.8566858295375	409.035
121.14094868327061	322.82771488860465	414.1327
120.57395207143298	323.7872738800911	418.9892
120.00000000000001	324.73561031724535	423.5689
119.41932969844845	325.6729770445577	427.8414
118.83217294227461	326.59963137344585	431.7801
118.23875609296496	327.51583428603124	435.3619
117.63930015381712	328.4218497045308	438.5659
117.03402083982486	329.31794382356657	441.3727
116.42312865996352	330.2043845025314	443.7635
115.8068290103348	331.08144071504455	445.719
115.18532227675053	331.9493820524694	447.219
114.55880394545002	332.808478278447	448.2419
113.92746472075895	333.6589989314141	448.7644
113.29149064860304	334.5012129721155	448.7616
112.65106324489344	335.3353884731886	448.2073
112.00635962789399	336.16179234798136	447.0744
111.35755265377455	336.98069011586375	445.3358
110.70481105463546	337.79234570140346	442.9653
110.04829957836931	338.59702126489356	439.9387
109.38817912979906	339.39497706184335	436.2353
108.7246069125981	340.18647132917056	431.8392
108.05773657156229	340.9717601959578	426.7404
107.38771833485946	341.7510976167656	420.9365
106.71469915593623	342.5247353256179	414.4337
106.03882285480876	343.2929228088982	407.248
105.36023025850909	344.0559072955135	399.4061
104.67905934049797	344.8139337627975	390.946
103.99544535889142	345.5672449567326	381.9172
103.30952099338151	346.3160814251784	372.3809
102.62141648076056	347.06068156288813	362.4098
101.93125974898572	347.8012816671932	352.0872
101.23917654974393	348.5381160033205	341.5062
100.54529058949956	349.27141687839094	330.7686
99.84972365902513	350.0014147232256	319.9831
99.15259576143428	350.7283381811546	309.2638
98.4540252387499	351.45241420309304	298.7283
97.75412889705464	352.17386814820765	288.4954
97.05302213028318	352.89292388955346	278.6831
96.35081904272556	353.60980392411284	269.4064
95.64763257032062	354.32472948671335	260.7753
94.94357460082692	355.03792066734434	252.8927
94.23875609296496	355.7495965314293	245.8524
93.53328719463082	356.4599752426436	239.7376
92.82727736028713	357.16927418789817	234.6191
92.12083546764086	357.8777101041321	230.5545
91.41406993372146	358.5854992065825	227.587
90.70708883047607	359.2928573182127	225.7447
90.0	90.0	218.3621
89.29291116952395	89.29285731821274	219.4279
88.58593006627854	88.58549920658245	220.6312
87.87916453235917	87.87771010413212	221.946
87.1727226397129	87.16927418789815	223.3537
86.4667128053692	86.45997524264364	224.8433
85.76124390703504	85.74959653142929	226.411
85.05642539917308	85.03792066734437	228.0599
84.3523674296794	84.32472948671335	229.7984
83.64918095727445	83.60980392411285	231.6388
82.94697786971682	82.89292388955346	233.596
82.24587110294536	82.17386814820766	235.6852
81.54597476125012	81.45241420309306	237.9201
80.84740423856572	80.72833818115458	240.3108
80.15027634097487	80.0014147232256	242.8627
79.45470941050044	79.27141687839094	245.5745
78.76082345025607	78.5381160033205	248.4372
78.0687402510143	77.80128166719327	251.4339
77.37858351923944	77.06068156288816	254.539
76.69047900661849	76.31608142517841	257.7191
76.00455464110858	75.56724495673262	260.9336
75.32094065950206	74.81393376279749	264.1362
74.63976974149092	74.05590729551355	267.2765
73.96117714519126	73.29292280889818	270.3025
73.28530084406378	72.52473532561788	273.1629
72.61228166514054	71.7510976167656	275.8099
71.94226342843773	70.97176019595781	278.2018
71.27539308740191	70.18647132917059	280.3055
70.61182087020094	69.39497706184336	282.0992
69.95170042163069	68.59702126489356	283.5744
69.29518894536457	67.79234570140352	284.7374
68.64244734622547	66.98069011586378	285.6107
67.99364037210603	66.16179234798135	286.2328
67.34893675510656	65.33538847318859	286.659
66.70850935139694	64.50121297211548	286.9594
66.07253527924108	63.65899893141411	287.2179
65.44119605454999	62.808478278447	287.5296
64.81467772324949	61.94938205246937	287.9982
64.19317098966519	61.081440715044565	288.7318
63.57687134003648	60.20438450253143	289.8401
62.965979160175145	59.31794382356658	291.4293
62.36069984618289	58.4218497045308	293.5985
61.761243907035045	57.515834286031215	296.4351
61.16782705772538	56.59963137344585	300.0115
60.58067030155157	55.67297704455769	304.3807
59.99999999999999	54.735610317245346	309.574
59.42604792856702	53.787273880091085	315.5983
58.8590513167294	52.827714888604646	322.4343
58.29925287015328	51.85668582953758	330.0366
57.74690077310915	50.87394545546753	338.333
57.20224866894282	49.87925979145702	347.2262
56.66555561634145	48.87240321512806	356.5957
56.13708601903233	47.85315961093413	366.3009
55.61710952646371	46.821323598745	376.1844
55.10590090294487	45.776701836081465	386.0768
54.60373986267208	44.71911439243896	395.8016
54.11091086804023	43.6483961931151	405.1799
53.62770288864506	42.564398528805846	414.0366
53.154409118419395	41.46699062595427	422.205
52.691326648427214	40.356061271430136	429.5325
52.23875609296496	39.23152048359226	435.8852
51.79700116679687	38.09330122015014	441.1521
51.36636821158484	36.941361111512535	445.2484
50.94716566986906	35.77568420650932	448.1185
50.539703505316	34.59628271552699	449.7376
50.14429256838126	33.40319873424199	450.1121
49.76124390703504	32.19650592930866	449.2797
49.390868022772075	30.976311165609783	447.308
49.03347407277117	29.742756053058372	444.2919
48.68936901978189	28.496018389510258	440.351
48.35885673209022	27.236313475170732	435.6252
48.04223703674405	25.963895273021652	430.2705
47.73980473009234	24.679057389323834	424.4543
47.45184855059514	23.382133848230776	418.3497
47.178650119779434	22.07349963504216	412.1304
46.920482858129056	20.753570983684796	405.9659
46.677610883583455	19.422805385675183	400.0162
46.450287901158305	18.08170130012181	394.4275
46.23875609296496	16.730797547275397	389.3284
46.043245018569806	15.370672371723243	384.8271
45.86397053617525	14.001942165516926	381.0085
45.701133755495384	12.625259846263035	377.9333
45.554920033420714	11.241312890415616	375.6372
45.42549802359849	9.850821027578828	374.1311
45.31301879088406	8.454533607433808	373.4027
45.21761500123496	7.053226656798624	373.418
45.1394001970194	5.647699650155149	374.124
45.07846816689916	4.238772022564465	375.4516
45.03489241843145	2.8272794590735852	377.3196
45.00872576033472	1.414069999328503	379.6377
45.0	4.961562726608714e-15	382.3107
45.00872576033472	358.5859300006715	385.2418
45.03489241843145	357.17272054092643	388.3368
45.07846816689916	355.76122797743557	391.5062
45.1394001970194	354.3523003498448	394.6689
45.21761500123496	352.94677334320136	397.7533
45.31301879088406	351.5454663925662	400.6995
45.42549802359848	350.14917897242117	403.46
45.554920033420714	348.7586871095844	405.9997
45.701133755495384	347.374740153737	408.2958
45.86397053617525	345.99805783448306	410.3365
46.043245018569806	344.62932762827677	412.1201
46.238756092964955	343.26920245272464	413.6528
46.450287901158305	341.91829869987816	414.9467
46.677610883583455	340.5771946143248	416.0178
46.920482858129056	339.2464290163152	416.8835
47.178650119779434	337.92650036495786	417.5606
47.45184855059512	336.61786615176925	418.0635
47.73980473009234	335.3209426106762	418.402
48.04223703674405	334.03610472697835	418.581
48.3588567320902	332.76368652482927	418.5988
48.68936901978189	331.50398161048975	418.4472
49.03347407277117	330.2572439469416	418.1119
49.39086802277208	329.0236888343902	417.5724
49.76124390703504	327.80349407069133	416.804
50.14429256838125	326.596801265758	415.7786
50.539703505316005	325.40371728447303	414.4668
50.94716566986905	324.2243157934907	412.8397
51.36636821158484	323.05863888848745	410.8709
51.79700116679685	321.9066987798499	408.539
52.23875609296496	320.76847951640775	405.8288
52.691326648427214	319.6439387285699	402.7336
53.154409118419395	318.5330093740457	399.2562
53.62770288864506	317.43560147119416	395.4101
54.11091086804023	316.3516038068849	391.2195
54.60373986267208	315.28088560756106	386.7201
55.10590090294487	314.2232981639185	381.9576
55.617109526463715	313.17867640125496	376.9873
56.13708601903233	312.14684038906586	371.8725
56.66555561634144	311.12759678487197	366.6819
57.20224866894282	310.120740208543	361.4882
57.74690077310915	309.1260545445325	356.3647
58.29925287015328	308.1433141704624	351.3834
58.8590513167294	307.17228511139535	346.6114
59.42604792856702	306.2127261199089	342.1089
59.99999999999999	305.26438968275465	337.9265
60.58067030155157	304.3270229554423	334.1034
61.16782705772538	303.40036862655415	330.665
61.76124390703503	302.4841657139688	327.6227
62.36069984618289	301.5781502954692	324.9724
62.96597916017513	300.68205617643343	322.695
63.57687134003648	299.7956154974686	320.7568
64.19317098966519	298.91855928495545	319.1107
64.81467772324949	298.0506179475306	317.6979
65.44119605454999	297.191521721553	316.45
66.0725352792411	296.3410010685859	315.2917
66.70850935139694	295.49878702788453	314.144
67.34893675510656	294.6646115268114	312.9266
67.99364037210603	293.83820765201864	311.5616
68.64244734622547	293.0193098841362	309.9763
69.29518894536457	292.2076542985965	308.1063
69.95170042163069	291.40297873510644	305.8977
70.61182087020094	290.60502293815665	303.3097
71.2753930874019	289.81352867082944	300.3157
71.94226342843773	289.0282398040422	296.9049
72.61228166514054	288.2489023832344	293.0824
73.28530084406377	287.4752646743821	288.8693
73.96117714519126	286.7070771911018	284.3017
74.63976974149092	285.9440927044865	279.4295
75.32094065950206	285.1860662372025	274.3145
76.00455464110858	284.4327550432674	269.0281
76.6904790066185	283.6839185748216	263.6488
77.37858351923944	282.93931843711187	258.2592
78.0687402510143	282.1987183328067	252.9431
78.76082345025605	281.4618839966795	247.7823
79.45470941050044	280.72858312160906	242.8546
80.15027634097487	279.9985852767744	238.2302
80.84740423856572	279.2716618188454	233.9704
81.54597476125012	278.54758579690696	230.1254
82.24587110294536	277.82613185179235	226.7331
82.94697786971682	277.10707611044654	223.8185
83.64918095727445	276.39019607588716	221.3935
84.3523674296794	275.67527051328665	219.4574
85.05642539917308	274.96207933265566	217.9977
85.76124390703502	274.2504034685707	216.9912
86.4667128053692	273.5400247573564	216.4065
87.17272263971289	272.83072581210183	216.2052
87.87916453235917	272.1222898958679	216.3447
88.58593006627854	271.4145007934176	216.7801
89.29291116952395	270.7071426817872	217.4667
90.0	270.0	218.3621
90.70708883047607	269.2928573182127	219.4279
91.41406993372146	268.5854992065824	220.6312
92.12083546764083	267.8777101041321	221.946
92.82727736028711	267.16927418789817	223.3537
93.5332871946308	266.4599752426436	224.8433
94.23875609296496	265.7495965314293	226.411
94.94357460082692	265.03792066734434	228.0599
95.64763257032061	264.32472948671335	229.7984
96.35081904272555	263.60980392411284	231.6388
97.05302213028318	262.89292388955346	233.596
97.75412889705464	262.17386814820765	235.6852
98.45402523874989	261.45241420309304	237.9201
99.15259576143428	260.7283381811546	240.3108
99.84972365902512	260.0014147232256	242.8627
100.54529058949956	259.27141687839094	245.5745
101.23917654974393	258.5381160033205	248.4372
101.93125974898571	257.8012816671933	251.4339
102.62141648076054	257.06068156288813	254.539
103.30952099338153	256.31608142517837	257.7191
103.99544535889142	255.56724495673262	260.9336
104.67905934049796	254.8139337627975	264.1362
105.36023025850908	254.05590729551355	267.2765
106.03882285480874	253.2929228088982	270.3025
106.71469915593623	252.52473532561788	273.1629
107.38771833485946	251.7510976167656	275.8099
108.05773657156229	250.9717601959578	278.2018
108.7246069125981	250.18647132917056	280.3055
109.38817912979906	249.39497706184335	282.0992
110.04829957836931	248.59702126489356	283.5744
110.70481105463544	247.79234570140352	284.7374
111.35755265377453	246.98069011586378	285.6107
112.00635962789397	246.16179234798136	286.2328
112.65106324489344	245.33538847318857	286.659
113.29149064860306	244.50121297211547	286.9594
113.92746472075892	243.6589989314141	287.2179
114.55880394545001	242.808478278447	287.5296
115.18532227675053	241.9493820524694	287.9982
115.8068290103348	241.08144071504458	288.7318
116.42312865996352	240.2043845025314	289.8401
117.03402083982486	239.31794382356657	291.4293
117.63930015381712	238.4218497045308	293.5985
118.23875609296496	237.5158342860312	296.4351
118.83217294227461	236.59963137344585	300.0115
119.41932969844842	235.67297704455768	304.3807
120.00000000000001	234.73561031724535	309.574
120.573952071433	233.78727388009108	315.5983
121.14094868327061	232.82771488860465	322.4343
121.70074712984672	231.85668582953755	330.0366
122.25309922689084	230.87394545546752	338.333
122.79775133105717	229.879259791457	347.2262
123.33444438365854	228.8724032151281	356.5957
123.86291398096766	227.8531596109341	366.3009
124.38289047353629	226.82132359874498	376.1844
124.89409909705513	225.7767018360815	386.0768
125.39626013732791	224.71911439243897	395.8016
125.88908913195978	223.64839619311508	405.1799
126.37229711135494	222.56439852880584	414.0366
126.84559088158062	221.46699062595428	422.205
127.30867335157278	220.35606127143015	429.5325
127.76124390703504	219.23152048359228	435.8852
128.20299883320317	218.0933012201501	441.1521
128.6336317884152	216.94136111151252	445.2484
129.05283433013093	215.7756842065093	448.1185
129.460296494684	214.59628271552702	449.7376
129.85570743161875	213.40319873424195	450.1121
130.23875609296496	212.19650592930864	449.2797
130.60913197722795	210.9763111656098	447.308
130.96652592722884	209.74275605305837	444.2919
131.31063098021812	208.49601838951028	440.351
131.6411432679098	207.2363134751707	435.6252
131.95776296325596	205.96389527302162	430.2705
132.26019526990768	204.67905738932384	424.4543
132.54815144940486	203.38213384823078	418.3497
132.8213498802206	202.07349963504214	412.1304
133.07951714187095	200.75357098368477	405.9659
133.32238911641656	199.4228053856752	400.0162
133.5497120988417	198.08170130012184	394.4275
133.76124390703504	196.73079754727542	389.3284
133.9567549814302	195.3706723717232	384.8271
134.13602946382477	194.0019421655169	381.0085
134.2988662445046	192.62525984626305	377.9333
134.44507996657927	191.24131289041563	375.6372
134.57450197640154	189.8508210275788	374.1311
134.68698120911597	188.4545336074338	373.4027
134.78238499876502	187.0532266567986	373.418
134.8605998029806	185.64769965015518	374.124
134.92153183310086	184.2387720225645	375.4516
134.96510758156856	182.82727945907357	377.3196
134.99127423966527	181.4140699993285	379.6377
135.0	180.0	382.3107
134.99127423966527	178.58593000067157	385.2418
134.96510758156856	177.1727205409264	388.3368
134.92153183310086	175.76122797743554	391.5062
134.8605998029806	174.35230034984485	394.6689
134.78238499876502	172.94677334320141	397.7533
134.68698120911597	171.54546639256625	400.6995
134.57450197640154	170.14917897242117	403.46
134.44507996657927	168.7586871095844	405.9997
134.2988662445046	167.37474015373698	408.2958
134.13602946382477	165.9980578344831	410.3365
133.9567549814302	164.62932762827674	412.1201
133.76124390703504	163.2692024527246	413.6528
133.5497120988417	161.9182986998782	414.9467
133.32238911641656	160.57719461432484	416.0178
133.07951714187095	159.24642901631526	416.8835
132.82134988022057	157.92650036495783	417.5606
132.54815144940488	156.61786615176925	418.0635
132.26019526990768	155.32094261067618	418.402
131.95776296325596	154.03610472697838	418.581
131.6411432679098	152.76368652482927	418.5988
131.31063098021812	151.50398161048975	418.4472
130.96652592722884	150.25724394694163	418.1119
130.60913197722795	149.02368883439024	417.5724
130.23875609296496	147.80349407069139	416.804
129.85570743161873	146.596801265758	415.7786
129.46029649468403	145.403717284473	414.4668
129.05283433013096	144.22431579349072	412.8397
128.6336317884152	143.0586388884875	410.8709
128.20299883320317	141.90669877984988	408.539
127.76124390703505	140.76847951640775	405.8288
127.3086733515728	139.64393872856988	402.7336
126.84559088158062	138.53300937404575	399.2562
126.37229711135495	137.4356014711942	395.4101
125.88908913195978	136.35160380688492	391.2195
125.39626013732794	135.28088560756106	386.7201
124.89409909705515	134.22329816391854	381.9576
124.38289047353632	133.17867640125502	376.9873
123.86291398096766	132.14684038906586	371.8725
123.33444438365856	131.12759678487194	366.6819
122.7977513310572	130.120740208543	361.4882
122.25309922689087	129.12605454453248	356.3647
121.70074712984675	128.14331417046245	351.3834
121.14094868327061	127.17228511139534	346.6114
120.57395207143298	126.21272611990892	342.1089
120.00000000000001	125.26438968275468	337.9265
119.41932969844845	124.32702295544235	334.1034
118.83217294227461	123.40036862655414	330.665
118.23875609296496	122.48416571396879	327.6227
117.63930015381712	121.57815029546921	324.9724
117.03402083982486	120.68205617643345	322.695
116.42312865996352	119.79561549746859	320.7568
115.8068290103348	118.91855928495542	319.1107
115.18532227675053	118.05061794753063	317.6979
114.55880394545002	117.19152172155302	316.45
113.92746472075895	116.34100106858591	315.2917
113.29149064860304	115.49878702788452	314.144
112.65106324489344	114.66461152681141	312.9266
112.00635962789399	113.83820765201867	311.5616
111.35755265377455	113.01930988413625	309.9763
110.70481105463546	112.20765429859652	308.1063
110.04829957836931	111.40297873510644	305.8977
109.38817912979906	110.60502293815665	303.3097
108.7246069125981	109.81352867082943	300.3157
108.05773657156229	109.02823980404222	296.9049
107.38771833485946	108.2489023832344	293.0824
106.71469915593623	107.47526467438213	288.8693
106.03882285480876	106.70707719110183	284.3017
105.36023025850909	105.94409270448648	279.4295
104.67905934049797	105.18606623720254	274.3145
103.99544535889142	104.43275504326738	269.0281
103.30952099338151	103.68391857482159	263.6488
102.62141648076056	102.93931843711185	258.2592
101.93125974898572	102.19871833280676	252.9431
101.23917654974393	101.4618839966795	247.7823
100.54529058949956	100.72858312160906	242.8546
99.84972365902513	99.99858527677442	238.2302
99.15259576143428	99.27166181884544	233.9704
98.4540252387499	98.54758579690696	230.1254
97.75412889705464	97.82613185179234	226.7331
97.05302213028318	97.10707611044654	223.8185
96.35081904272556	96.39019607588716	221.3935
95.64763257032062	95.67527051328666	219.4574
94.94357460082692	94.96207933265563	217.9977
94.23875609296496	94.25040346857071	216.9912
93.53328719463082	93.54002475735638	216.4065
92.82727736028713	92.83072581210186	216.2052
92.12083546764086	92.12228989586791	216.3447
91.41406993372146	91.41450079341756	216.7801
90.70708883047607	90.70714268178726	217.4667
90.0	0.0	221.2989
90.0	1.0	222.0787
90.0	2.0	223.2642
90.0	3.0000000000000004	224.852
90.0	4.0	226.8385
90.0	5.0	229.2195
90.0	6.000000000000001	231.9889
90.0	7.0	235.1371
90.0	8.0	238.6508
90.0	9.0	242.5107
90.0	10.0	246.6912
90.0	11.0	251.1591
90.0	12.0	255.8732
90.0	13.0	260.7839
90.0	14.0	265.8332
90.0	14.999999999999998	270.955
90.0	16.0	276.0767
90.0	17.000000000000004	281.1196
90.0	18.0	286.0012
90.0	19.0	290.6372
90.0	20.0	294.9438
90.0	21.0	298.8401
90.0	22.0	302.2513
90.0	23.0	305.1109
90.0	24.000000000000004	307.3634
90.0	25.0	308.967
90.0	26.0	309.8955
90.0	26.999999999999996	310.14
90.0	28.0	309.7097
90.0	29.000000000000004	308.6333
90.0	29.999999999999996	306.9579
90.0	31.0	304.7491
90.0	32.0	302.0893
90.0	33.0	299.0754
90.0	34.00000000000001	295.8167
90.0	35.0	292.4312
90.0	36.0	289.0424
90.0	37.0	285.7751
90.0	38.0	282.7517
90.0	39.0	280.0876
90.0	40.0	277.8875
90.0	41.0	276.2419
90.0	42.0	275.2231
90.0	43.0	274.8829
90.0	44.0	275.2502
90.0	45.0	276.3297
90.0	46.00000000000001	278.1012
90.0	47.0	280.5196
90.0	48.00000000000001	283.5164
90.0	49.00000000000001	287.001
90.0	50.0	290.8636
90.0	51.0	294.9788
90.0	52.0	299.2089
90.0	53.0	303.4087
90.0	54.0	307.43
90.0	55.0	311.1263
90.0	56.0	314.3577
90.0	57.00000000000001	316.9955
90.0	58.00000000000001	318.9261
90.0	59.00000000000001	320.0552
90.0	59.99999999999999	320.3107
90.0	61.0	319.645
90.0	62.0	318.0366
90.0	63.0	315.4908
90.0	64.0	312.0398
90.0	65.0	307.7412
90.0	66.0	302.6764
90.0	67.0	296.948
90.0	68.0	290.6763
90.0	69.0	283.9956
90.0	70.0	277.05
90.0	71.0	269.9891
90.0	72.0	262.9629
90.0	73.0	256.118
90.0	74.0	249.5926
90.0	75.0	243.5134
90.0	76.0	237.9916
90.0	77.0	233.1202
90.0	78.0	228.9721
90.0	79.0	225.5984
90.0	80.0	223.0282
90.0	81.0	221.268
90.0	82.0	220.3033
90.0	83.0	220.0998
90.0	84.0	220.6052
90.0	85.0	221.7525
90.0	86.0	223.4622
90.0	87.0	225.6463
90.0	88.0	228.211
90.0	89.0	231.0605
90.0	90.0	234.1
90.0	91.0	237.2389
90.0	92.0	240.393
90.0	93.0	243.4875
90.0	94.0	246.4579
90.0	95.0	249.2519
90.0	96.00000000000001	251.8297
90.0	97.0	254.1641
90.0	98.0	256.2406
90.0	99.0	258.0562
90.0	100.0	259.6181
90.0	101.0	260.9429
90.0	102.0	262.0538
90.0	103.0	262.9799
90.0	104.0	263.7534
90.0	105.00000000000001	264.4081
90.0	106.0	264.9778
90.0	107.0	265.4948
90.0	108.0	265.9881
90.0	109.0	266.4834
90.0	110.0	267.0017
90.0	111.0	267.5593
90.0	112.0	268.168
90.0	113.0	268.8352
90.0	114.00000000000001	269.5647
90.0	115.0	270.3573
90.0	116.00000000000001	271.2118
90.0	117.0	272.1262
90.0	118.00000000000001	273.0985
90.0	119.0	274.1275
90.0	119.99999999999999	275.2141
90.0	121.0	276.3611
90.0	122.0	277.5745
90.0	123.00000000000001	278.8629
90.0	124.0	280.2377
90.0	125.00000000000001	281.7125
90.0	126.0	283.3024
90.0	127.00000000000001	285.0234
90.0	128.0	286.8906
90.0	129.0	288.9176
90.0	130.0	291.115
90.0	131.0	293.4888
90.0	132.0	296.0397
90.0	133.0	298.7616
90.0	134.0	301.6408
90.0	135.0	304.6556
90.0	136.0	307.7758
90.0	137.0	310.9629
90.0	138.0	314.1705
90.0	139.0	317.3449
90.0	140.0	320.4265
90.0	141.0	323.3509
90.0	142.0	326.051
90.0	143.0	328.4587
90.0	144.0	330.507
90.0	145.0	332.1319
90.0	146.0	333.2749
90.0	147.0	333.8845
90.0	148.0	333.9186
90.0	149.0	333.3452
90.0	150.0	332.1444
90.0	151.0	330.3089
90.0	152.0	327.8444
90.0	153.0	324.77
90.0	154.0	321.117
90.0	155.0	316.9291
90.0	156.0	312.2605
90.0	157.0	307.1746
90.0	158.0	301.7424
90.0	159.0	296.0404
90.0	160.0	290.1484
90.0	161.0	284.1475
90.0	162.0	278.1183
90.0	163.0	272.1383
90.0	164.0	266.281
90.0	165.0	260.6137
90.0	166.0	255.1967
90.0	167.0	250.0824
90.0	168.0	245.3147
90.0	169.0	240.929
90.0	170.0	236.9524
90.0	171.0	233.4042
90.0	172.0	230.2966
90.0	173.0	227.6359
90.0	174.0	225.4232
90.0	175.0	223.6563
90.0	176.0	222.33
90.0	177.0	221.4379
90.0	178.0	220.973
90.0	179.0	220.9287
90.0	180.0	221.2989
90.0	181.0	222.0787
90.0	181.99999999999997	223.2642
90.0	182.99999999999997	224.852
90.0	183.99999999999997	226.8385
90.0	184.99999999999997	229.2195
90.0	185.99999999999997	231.9889
90.0	186.99999999999997	235.1371
90.0	188.0	238.6508
90.0	188.99999999999997	242.5107
90.0	190.0	246.6912
90.0	190.99999999999997	251.1591
90.0	192.0	255.8732
90.0	192.99999999999997	260.7839
90.0	193.99999999999997	265.8332
90.0	194.99999999999997	270.955
90.0	195.99999999999997	276.0767
90.0	197.0	281.1196
90.0	197.99999999999997	286.0012
90.0	199.0	290.6372
90.0	199.99999999999997	294.9438
90.0	201.0	298.8401
90.0	201.99999999999997	302.2513
90.0	203.0	305.1109
90.0	203.99999999999997	307.3634
90.0	204.99999999999997	308.967
90.0	206.0	309.8955
90.0	206.99999999999997	310.14
90.0	208.0	309.7097
90.0	208.99999999999997	308.6333
90.0	210.0	306.9579
90.0	210.99999999999997	304.7491
90.0	212.0	302.0893
90.0	212.99999999999997	299.0754
90.0	214.0	295.8167
90.0	215.0	292.4312
90.0	216.0	289.0424
90.0	217.0	285.7751
90.0	217.99999999999997	282.7517
90.0	219.00000000000003	280.0876
90.0	219.99999999999997	277.8875
90.0	220.99999999999997	276.2419
90.0	221.99999999999997	275.2231
90.0	223.0	274.8829
90.0	224.0	275.2502
90.0	224.99999999999997	276.3297
90.0	226.0	278.1012
90.0	227.0	280.5196
90.0	228.0	283.5164
90.0	229.0	287.001
90.0	230.0	290.8636
90.0	230.99999999999997	294.9788
90.0	232.00000000000003	299.2089
90.0	233.0	303.4087
90.0	233.99999999999997	307.43
90.0	234.99999999999994	311.1263
90.0	236.0	314.3577
90.0	237.0	316.9955
90.0	238.0	318.9261
90.0	239.0	320.0552
90.0	239.99999999999994	320.3107
90.0	241.0	319.645
90.0	242.0	318.0366
90.0	242.99999999999997	315.4908
90.0	243.99999999999994	312.0398
90.0	245.0	307.7412
90.0	246.0	302.6764
90.0	247.0	296.948
90.0	248.0	290.6763
90.0	248.99999999999997	283.9956
90.0	250.0	277.05
90.0	251.0	269.9891
90.0	252.0	262.9629
90.0	252.99999999999997	256.118
90.0	254.0	249.5926
90.0	255.0	243.5134
90.0	256.0	237.9916
90.0	257.0	233.1202
90.0	258.0	228.9721
90.0	259.0	225.5984
90.0	260.0	223.0282
90.0	261.0	221.268
90.0	262.0	220.3033
90.0	263.0	220.0998
90.0	264.0	220.6052
90.0	265.0	221.7525
90.0	266.0	223.4622
90.0	267.0	225.6463
90.0	268.0	228.211
90.0	269.0	231.0605
90.0	270.0	234.1
90.0	271.0	237.2389
90.0	272.0	240.393
90.0	273.0	243.4875
90.0	274.0	246.4579
90.0	275.0	249.2519
90.0	276.0	251.8297
90.0	277.0	254.1641
90.0	278.0	256.2406
90.0	279.0	258.0562
90.0	280.0	259.6181
90.0	281.0	260.9429
90.0	282.0	262.0538
90.0	283.0	262.9799
90.0	284.0	263.7534
90.0	285.0	264.4081
90.0	286.0	264.9778
90.0	287.0	265.4948
90.0	288.0	265.9881
90.0	289.0	266.4834
90.0	290.0	267.0017
90.0	291.0	267.5593
90.0	292.0	268.168
90.0	293.0	268.8352
90.0	294.0	269.5647
90.0	295.0	270.3573
90.0	296.0	271.2118
90.0	297.0	272.1262
90.0	298.0	273.0985
90.0	299.0	274.1275
90.0	300.0	275.2141
90.0	301.0	276.3611
90.0	302.0	277.5745
90.0	303.0	278.8629
90.0	304.0	280.2377
90.0	305.0	281.7125
90.0	306.0	283.3024
90.0	307.0	285.0234
90.0	308.0	286.8906
90.0	309.0	288.9176
90.0	310.0	291.115
90.0	311.0	293.4888
90.0	311.99999999999994	296.0397
90.0	313.0	298.7616
90.0	314.0	301.6408
90.0	315.0	304.6556
90.0	316.0	307.7758
90.0	317.0	310.9629
90.0	318.0	314.1705
90.0	319.0	317.3449
90.0	320.0	320.4265
90.0	321.0	323.3509
90.0	322.0	326.051
90.0	323.0	328.4587
90.0	324.0	330.507
90.0	325.0	332.1319
90.0	326.0	333.2749
90.0	327.0	333.8845
90.0	328.0	333.9186
90.0	329.0	333.3452
90.0	330.0	332.1444
90.0	331.0	330.3089
90.0	332.0	327.8444
90.0	333.0	324.77
90.0	334.0	321.117
90.0	335.0	316.9291
90.0	336.0	312.2605
90.0	337.0	307.1746
90.0	338.0	301.7424
90.0	338.99999999999994	296.0404
90.0	340.0	290.1484
90.0	341.0	284.1475
90.0	342.0	278.1183
90.0	343.0	272.1383
90.0	344.0	266.281
90.0	345.0	260.6137
90.0	346.0	255.1967
90.0	347.0	250.0824
90.0	347.99999999999994	245.3147
90.0	349.0	240.929
90.0	350.0	236.9524
90.0	351.0	233.4042
90.0	352.0	230.2966
90.0	353.0	227.6359
90.0	354.0	225.4232
90.0	355.0	223.6563
90.0	356.0	222.33
90.0	356.99999999999994	221.4379
90.0	358.0	220.973
90.0	359.0	220.9287
90.0	0.0	230.7187
89.0	0.0	231.8888
88.0	0.0	234.7465
87.00000000000001	0.0	239.2049
86.0	0.0	245.1356
85.0	0.0	252.374
84.0	0.0	260.724
83.0	0.0	269.9656
82.0	0.0	279.8618
81.0	0.0	290.1664
80.0	0.0	300.6322
79.0	0.0	311.0185
78.00000000000001	0.0	321.0988
77.0	0.0	330.6671
76.0	0.0	339.5438
75.0	0.0	347.5802
74.0	0.0	354.6619
73.0	0.0	360.7107
72.0	0.0	365.6853
71.0	0.0	369.5803
70.0	0.0	372.4246
69.00000000000001	0.0	374.2777
68.0	0.0	375.2262
67.0	0.0	375.3784
66.0	0.0	374.8592
65.0	0.0	373.8042
64.0	0.0	372.354
63.0	0.0	370.6487
62.0	0.0	368.8228
61.0	0.0	367.0008
60.00000000000001	0.0	365.2928
59.00000000000001	0.0	363.7927
58.00000000000001	0.0	362.5755
57.00000000000001	0.0	361.6966
55.99999999999999	0.0	361.192
55.00000000000001	0.0	361.0795
54.0	0.0	361.3597
53.00000000000001	0.0	362.0194
52.0	0.0	363.0338
51.00000000000001	0.0	364.3701
50.00000000000001	0.0	365.9909
49.00000000000001	0.0	367.8571
48.0	0.0	369.9312
47.0	0.0	372.1799
46.00000000000001	0.0	374.5759
45.0	0.0	377.0994
44.0	0.0	379.7387
43.0	0.0	382.49
42.0	0.0	385.3568
41.0	0.0	388.3479
40.00000000000001	0.0	391.4758
39.0	0.0	394.7537
37.99999999999999	0.0	398.1932
37.0	0.0	401.8007
36.0	0.0	405.5753
35.0	0.0	409.5055
34.0	0.0	413.5677
33.0	0.0	417.7239
31.99999999999999	0.0	421.9215
31.0	0.0	426.0929
30.000000000000004	0.0	430.1563
29.00000000000001	0.0	434.0176
28.000000000000007	0.0	437.5728
27.00000000000001	0.0	440.7112
25.999999999999996	0.0	443.3197
25.000000000000004	0.0	445.287
24.000000000000004	0.0	446.5084
22.999999999999993	0.0	446.891
21.999999999999996	0.0	446.3579
21.0	0.0	444.8531
20.00000000000001	0.0	442.3454
19.000000000000014	0.0	438.8312
18.00000000000001	0.0	434.337
17.000000000000007	0.0	428.9203
15.999999999999995	0.0	422.6699
14.999999999999996	0.0	415.7044
14.0	0.0	408.1697
12.999999999999996	0.0	400.2357
12.000000000000018	0.0	392.0912
10.999999999999993	0.0	383.9389
10.000000000000012	0.0	375.9883
8.999999999999984	0.0	368.4498
7.999999999999981	0.0	361.5272
7.000000000000025	0.0	355.4108
6.000000000000026	0.0	350.2706
4.999999999999992	0.0	346.2508
4.000000000000042	0.0	343.4638
3.0000000000000444	0.0	341.9865
1.9999999999999472	0.0	341.857
0.9999999999999002	0.0	343.0733
0.0	0.0	345.5926
0.9999999999999002	180.0	349.3331
1.9999999999999472	180.0	354.1761
3.0000000000000444	180.0	359.9707
4.000000000000042	180.0	366.5382
4.999999999999992	180.0	373.679
6.000000000000026	180.0	381.179
6.9999999999999725	180.0	388.8175
7.999999999999981	180.0	396.3746
8.999999999999984	180.0	403.6388
10.000000000000012	180.0	410.4142
10.999999999999993	180.0	416.5273
11.999999999999988	180.0	421.8321
12.999999999999996	180.0	426.2153
14.0	180.0	429.5989
14.999999999999996	180.0	431.9426
15.999999999999995	180.0	433.2437
16.99999999999999	180.0	433.5365
17.999999999999986	180.0	432.8893
18.999999999999996	180.0	431.4011
19.999999999999993	180.0	429.1966
21.0	180.0	426.4203
21.999999999999996	180.0	423.2301
23.00000000000001	180.0	419.7906
24.000000000000004	180.0	416.2664
24.99999999999999	180.0	412.815
26.000000000000007	180.0	409.5808
26.999999999999996	180.0	406.6894
28.000000000000007	180.0	404.2434
28.999999999999996	180.0	402.3187
29.999999999999993	180.0	400.9622
31.0	180.0	400.1912
31.99999999999999	180.0	399.9936
33.0	180.0	400.3297
34.0	180.0	401.135
35.000000000000014	180.0	402.3246
36.0	180.0	403.7974
37.000000000000014	180.0	405.4419
37.99999999999999	180.0	407.1418
38.99999999999999	180.0	408.7818
40.00000000000001	180.0	410.2535
40.999999999999986	180.0	411.4605
42.0	180.0	412.3229
43.0	180.0	412.7809
44.00000000000001	180.0	412.7978
45.0	180.0	412.3608
46.000000000000014	180.0	411.4818
47.0	180.0	410.196
47.999999999999986	180.0	408.5598
49.00000000000001	180.0	406.6474
49.99999999999999	180.0	404.5469
51.00000000000001	180.0	402.3548
51.99999999999999	180.0	400.1709
53.000000000000014	180.0	398.0926
53.99999999999999	180.0	396.2091
55.000000000000014	180.0	394.596
55.99999999999999	180.0	393.3109
56.999999999999986	180.0	392.3886
58.00000000000001	180.0	391.8389
58.99999999999999	180.0	391.6444
60.00000000000001	180.0	391.7598
61.0	180.0	392.113
62.000000000000014	180.0	392.6067
63.0	180.0	393.1223
64.00000000000001	180.0	393.5239
65.0	180.0	393.6639
65.99999999999999	180.0	393.3894
67.0	180.0	392.5486
68.0	180.0	390.9976
69.00000000000001	180.0	388.6079
70.0	180.0	385.2719
71.00000000000001	180.0	380.9098
72.0	180.0	375.4735
73.00000000000001	180.0	368.9514
74.0	180.0	361.37
74.99999999999999	180.0	352.7955
76.0	180.0	343.3332
77.0	180.0	333.1253
78.00000000000001	180.0	322.3477
79.0	180.0	311.2052
80.00000000000001	180.0	299.9253
81.0	180.0	288.7511
82.00000000000001	180.0	277.9339
83.0	180.0	267.7249
83.99999999999999	180.0	258.3667
85.0	180.0	250.0857
86.0	180.0	243.084
87.00000000000001	180.0	237.5329
88.0	180.0	233.5668
89.00000000000001	180.0	231.2791
90.0	180.0	230.7187
91.00000000000001	180.0	231.8888
92.0	180.0	234.7465
92.99999999999999	180.0	239.2049
94.0	180.0	245.1356
95.0	180.0	252.374
96.00000000000001	180.0	260.724
97.0	180.0	269.9656
98.00000000000001	180.0	279.8618
99.0	180.0	290.1664
100.00000000000001	180.0	300.6322
101.0	180.0	311.0185
102.00000000000001	180.0	321.0988
103.0	180.0	330.6671
104.0	180.0	339.5438
105.00000000000001	180.0	347.5802
106.0	180.0	354.6619
107.00000000000001	180.0	360.7107
108.0	180.0	365.6853
109.00000000000001	180.0	369.5803
110.0	180.0	372.4246
111.00000000000001	180.0	374.2777
112.0	180.0	375.2262
113.0	180.0	375.3784
114.00000000000001	180.0	374.8592
115.0	180.0	373.8042
116.00000000000001	180.0	372.354
117.0	180.0	370.6487
118.00000000000001	180.0	368.8228
119.0	180.0	367.0008
120.00000000000001	180.0	365.2928
121.0	180.0	363.7927
122.0	180.0	362.5755
123.00000000000001	180.0	361.6966
124.0	180.0	361.192
125.00000000000001	180.0	361.0795
126.0	180.0	361.3597
127.00000000000001	180.0	362.0194
128.0	180.0	363.0338
129.00000000000003	180.0	364.3701
130.0	180.0	365.9909
131.0	180.0	367.8571
132.0	180.0	369.9312
133.0	180.0	372.1799
134.0	180.0	374.5759
135.0	180.0	377.0994
136.0	180.0	379.7387
137.0	180.0	382.49
138.00000000000003	180.0	385.3568
139.0	180.0	388.3479
140.0	180.0	391.4758
140.99999999999997	180.0	394.7537
142.00000000000003	180.0	398.1932
143.0	180.0	401.8007
144.0	180.0	405.5753
145.0	180.0	409.5055
146.00000000000003	180.0	413.5677
147.00000000000003	180.0	417.7239
148.0	180.0	421.9215
149.0	180.0	426.0929
149.99999999999997	180.0	430.1563
151.00000000000003	180.0	434.0176
152.0	180.0	437.5728
153.0	180.0	440.7112
154.0	180.0	443.3197
155.00000000000003	180.0	445.287
156.00000000000003	180.0	446.5084
157.0	180.0	446.891
158.0	180.0	446.3579
158.99999999999997	180.0	444.8531
160.00000000000003	180.0	442.3454
161.0	180.0	438.8312
162.0	180.0	434.337
163.0	180.0	428.9203
164.00000000000003	180.0	422.6699
165.00000000000003	180.0	415.7044
166.0	180.0	408.1697
167.0	180.0	400.2357
167.99999999999997	180.0	392.0912
169.00000000000003	180.0	383.9389
169.99999999999997	180.0	375.9883
170.99999999999997	180.0	368.4498
172.0	180.0	361.5272
173.00000000000003	180.0	355.4108
174.00000000000003	180.0	350.2706
175.0	180.0	346.2508
175.99999999999997	180.0	343.4638
176.99999999999994	180.0	341.9865
178.00000000000006	180.0	341.857
179.0000000000001	180.0	343.0733
180.0	180.0	345.5926
179.0000000000001	0.0	349.3331
178.00000000000006	0.0	354.1761
176.99999999999994	0.0	359.9707
176.00000000000006	0.0	366.5382
175.0	0.0	373.679
174.00000000000003	0.0	381.179
172.99999999999997	0.0	388.8175
172.0	0.0	396.3746
171.00000000000003	0.0	403.6388
170.00000000000003	0.0	410.4142
168.99999999999997	0.0	416.5273
167.99999999999997	0.0	421.8321
167.00000000000003	0.0	426.2153
166.00000000000003	0.0	429.5989
165.00000000000003	0.0	431.9426
163.99999999999997	0.0	433.2437
163.0	0.0	433.5365
162.00000000000003	0.0	432.8893
161.00000000000003	0.0	431.4011
160.0	0.0	429.1966
159.0	0.0	426.4203
158.00000000000003	0.0	423.2301
157.00000000000003	0.0	419.7906
156.00000000000003	0.0	416.2664
154.99999999999997	0.0	412.815
154.0	0.0	409.5808
153.00000000000003	0.0	406.6894
152.0	0.0	404.2434
150.99999999999997	0.0	402.3187
150.0	0.0	400.9622
149.0	0.0	400.1912
148.0	0.0	399.9936
147.00000000000003	0.0	400.3297
146.0	0.0	401.135
145.0	0.0	402.3246
144.00000000000003	0.0	403.7974
143.0	0.0	405.4419
142.0	0.0	407.1418
140.99999999999997	0.0	408.7818
140.00000000000003	0.0	410.2535
139.00000000000003	0.0	411.4605
138.00000000000003	0.0	412.3229
137.0	0.0	412.7809
136.0	0.0	412.7978
135.00000000000003	0.0	412.3608
134.00000000000003	0.0	411.4818
132.99999999999997	0.0	410.196
131.99999999999997	0.0	408.5598
131.00000000000003	0.0	406.6474
130.00000000000003	0.0	404.5469
129.00000000000003	0.0	402.3548
128.0	0.0	400.1709
126.99999999999999	0.0	398.0926
126.00000000000003	0.0	396.2091
125.00000000000004	0.0	394.596
123.99999999999997	0.0	393.3109
122.99999999999999	0.0	392.3886
122.0	0.0	391.8389
121.0	0.0	391.6444
120.00000000000001	0.0	391.7598
119.0	0.0	392.113
118.00000000000001	0.0	392.6067
117.00000000000003	0.0	393.1223
116.00000000000004	0.0	393.5239
115.0	0.0	393.6639
114.00000000000001	0.0	393.3894
113.00000000000001	0.0	392.5486
112.00000000000003	0.0	390.9976
111.00000000000004	0.0	388.6079
110.0	0.0	385.2719
109.00000000000001	0.0	380.9098
108.00000000000003	0.0	375.4735
107.00000000000004	0.0	368.9514
106.0	0.0	361.37
105.0	0.0	352.7955
104.00000000000001	0.0	343.3332
103.00000000000001	0.0	333.1253
102.00000000000003	0.0	322.3477
100.99999999999999	0.0	311.2052
100.0	0.0	299.9253
99.00000000000001	0.0	288.7511
98.00000000000003	0.0	277.9339
96.99999999999999	0.0	267.7249
96.0	0.0	258.3667
95.0	0.0	250.0857
94.00000000000001	0.0	243.084
93.00000000000003	0.0	237.5329
91.99999999999999	0.0	233.5668
91.0	0.0	231.2791
90.0	90.0	223.6379
89.0	90.0	224.2095
88.0	90.0	224.8154
87.00000000000001	90.0	225.4412
86.0	90.0	226.0807
85.0	90.0	226.7359
84.0	90.0	227.4161
83.0	90.0	228.1375
82.0	90.0	228.9208
81.0	90.0	229.7906
80.0	90.0	230.7723
79.0	90.0	231.891
78.00000000000001	90.0	233.1689
77.0	90.0	234.6238
76.0	90.0	236.267
75.0	90.0	238.1022
74.0	90.0	240.1247
73.0	90.0	242.3206
72.0	90.0	244.6675
71.0	90.0	247.1345
70.0	90.0	249.6839
69.00000000000001	90.0	252.2726
68.0	90.0	254.8545
67.0	90.0	257.3828
66.0	90.0	259.8131
65.0	90.0	262.1056
64.0	90.0	264.2289
63.0	90.0	266.1619
62.0	90.0	267.8968
61.0	90.0	269.4405
60.00000000000001	90.0	270.8169
59.00000000000001	90.0	272.0666
58.00000000000001	90.0	273.2481
57.00000000000001	90.0	274.4361
55.99999999999999	90.0	275.7206
55.00000000000001	90.0	277.2045
54.0	90.0	279.0006
53.00000000000001	90.0	281.2275
52.0	90.0	284.0063
51.00000000000001	90.0	287.4553
50.00000000000001	90.0	291.6854
49.00000000000001	90.0	296.7955
48.0	90.0	302.8675
47.0	90.0	309.9618
46.00000000000001	90.0	318.1138
45.0	90.0	327.3306
44.0	90.0	337.5881
43.0	90.0	348.8301
42.0	90.0	360.9678
41.0	90.0	373.88
40.00000000000001	90.0	387.4152
39.0	90.0	401.3945
37.99999999999999	90.0	415.6151
37.0	90.0	429.8551
36.0	90.0	443.8792
35.0	90.0	457.4445
34.0	90.0	470.3071
33.0	90.0	482.2288
31.99999999999999	90.0	492.9837
31.0	90.0	502.3647
30.000000000000004	90.0	510.1894
29.00000000000001	90.0	516.3056
28.000000000000007	90.0	520.5953
27.00000000000001	90.0	522.9789
25.999999999999996	90.0	523.4172
25.000000000000004	90.0	521.9127
24.000000000000004	90.0	518.5097
22.999999999999993	90.0	513.2932
21.999999999999996	90.0	506.3864
21.0	90.0	497.9478
20.00000000000001	90.0	488.1662
19.000000000000014	90.0	477.256
18.00000000000001	90.0	465.4516
17.000000000000007	90.0	453.0005
15.999999999999995	90.0	440.158
14.999999999999996	90.0	427.1796
14.0	90.0	414.3157
12.999999999999996	90.0	401.8051
12.000000000000018	90.0	389.8702
10.999999999999993	90.0	378.7121
10.000000000000012	90.0	368.5067
8.999999999999984	90.0	359.4021
7.999999999999981	90.0	351.5165
7.000000000000025	90.0	344.9371
6.000000000000026	90.0	339.7203
4.999999999999992	90.0	335.8924
4.000000000000042	90.0	333.4513
3.0000000000000444	90.0	332.3685
1.9999999999999472	90.0	332.5927
0.9999999999999002	90.0	334.0524
0.0	90.0	336.6598
0.9999999999999002	270.0	340.3145
1.9999999999999472	270.0	344.9069
3.0000000000000444	270.0	350.3221
4.000000000000042	270.0	356.4426
4.999999999999992	270.0	363.1514
6.000000000000026	270.0	370.3344
6.9999999999999725	270.0	377.8819
7.999999999999981	270.0	385.6902
8.999999999999984	270.0	393.6623
10.000000000000012	270.0	401.708
10.999999999999993	270.0	409.7442
11.999999999999988	270.0	417.6939
12.999999999999996	270.0	425.4857
14.0	270.0	433.0528
14.999999999999996	270.0	440.332
15.999999999999995	270.0	447.2628
16.99999999999999	270.0	453.7861
17.999999999999986	270.0	459.8442
18.999999999999996	270.0	465.3796
19.999999999999993	270.0	470.3358
21.0	270.0	474.6568
21.999999999999996	270.0	478.2881
23.00000000000001	270.0	481.1775
24.000000000000004	270.0	483.2767
24.99999999999999	270.0	484.5422
26.000000000000007	270.0	484.9371
26.999999999999996	270.0	484.4332
28.000000000000007	270.0	483.0123
28.999999999999996	270.0	480.6679
29.999999999999993	270.0	477.4063
31.0	270.0	473.2481
31.99999999999999	270.0	468.2285
33.0	270.0	462.3975
34.0	270.0	455.8198
35.000000000000014	270.0	448.5738
36.0	270.0	440.7504
37.000000000000014	270.0	432.4509
37.99999999999999	270.0	423.7852
38.99999999999999	270.0	414.8687
40.00000000000001	270.0	405.8196
40.999999999999986	270.0	396.7555
42.0	270.0	387.7908
43.0	270.0	379.0328
44.00000000000001	270.0	370.5794
45.0	270.0	362.5157
46.000000000000014	270.0	354.9126
47.0	270.0	347.8241
47.999999999999986	270.0	341.2868
49.00000000000001	270.0	335.3186
49.99999999999999	270.0	329.9194
51.00000000000001	270.0	325.0711
51.99999999999999	270.0	320.7396
53.000000000000014	270.0	316.8758
53.99999999999999	270.0	313.4188
55.000000000000014	270.0	310.2981
55.99999999999999	270.0	307.4369
56.999999999999986	270.0	304.7551
58.00000000000001	270.0	302.1728
58.99999999999999	270.0	299.6137
60.00000000000001	270.0	297.0074
61.0	270.0	294.2928
62.000000000000014	270.0	291.4198
63.0	270.0	288.3513
64.00000000000001	270.0	285.0643
65.0	270.0	281.5506
65.99999999999999	270.0	277.8162
67.0	270.0	273.8813
68.0	270.0	269.7786
69.00000000000001	270.0	265.5518
70.0	270.0	261.2532
71.00000000000001	270.0	256.9416
72.0	270.0	252.6792
73.00000000000001	270.0	248.5295
74.0	270.0	244.5537
74.99999999999999	270.0	240.8091
76.0	270.0	237.3462
77.0	270.0	234.2069
78.00000000000001	270.0	231.4235
79.0	270.0	229.017
80.00000000000001	270.0	226.9972
81.0	270.0	225.3626
82.00000000000001	270.0	224.1011
83.0	270.0	223.191
83.99999999999999	270.0	222.6025
85.0	270.0	222.2995
86.0	270.0	222.242
87.00000000000001	270.0	222.3877
88.0	270.0	222.6946
89.00000000000001	270.0	223.1231
90.0	270.0	223.6379
91.00000000000001	270.0	224.2095
92.0	270.0	224.8154
92.99999999999999	270.0	225.4412
94.0	270.0	226.0807
95.0	270.0	226.7359
96.00000000000001	270.0	227.4161
97.0	270.0	228.1375
98.00000000000001	270.0	228.9208
99.0	270.0	229.7906
100.00000000000001	270.0	230.7723
101.0	270.0	231.891
102.00000000000001	270.0	233.1689
103.0	270.0	234.6238
104.0	270.0	236.267
105.00000000000001	270.0	238.1022
106.0	270.0	240.1247
107.00000000000001	270.0	242.3206
108.0	270.0	244.6675
109.00000000000001	270.0	247.1345
110.0	270.0	249.6839
111.00000000000001	270.0	252.2726
112.0	270.0	254.8545
113.0	270.0	257.3828
114.00000000000001	270.0	259.8131
115.0	270.0	262.1056
116.00000000000001	270.0	264.2289
117.0	270.0	266.1619
118.00000000000001	270.0	267.8968
119.0	270.0	269.4405
120.00000000000001	270.0	270.8169
121.0	270.0	272.0666
122.0	270.0	273.2481
123.00000000000001	270.0	274.4361
124.0	270.0	275.7206
125.00000000000001	270.0	277.2045
126.0	270.0	279.0006
127.00000000000001	270.0	281.2275
128.0	270.0	284.0063
129.00000000000003	270.0	287.4553
130.0	270.0	291.6854
131.0	270.0	296.7955
132.0	270.0	302.8675
133.0	270.0	309.9618
134.0	270.0	318.1138
135.0	270.0	327.3306
136.0	270.0	337.5881
137.0	270.0	348.8301
138.00000000000003	270.0	360.9678
139.0	270.0	373.88
140.0	270.0	387.4152
140.99999999999997	270.0	401.3945
142.00000000000003	270.0	415.6151
143.0	270.0	429.8551
144.0	270.0	443.8792
145.0	270.0	457.4445
146.00000000000003	270.0	470.3071
147.00000000000003	270.0	482.2288
148.0	270.0	492.9837
149.0	270.0	502.3647
149.99999999999997	270.0	510.1894
151.00000000000003	270.0	516.3056
152.0	270.0	520.5953
153.0	270.0	522.9789
154.0	270.0	523.4172
155.00000000000003	270.0	521.9127
156.00000000000003	270.0	518.5097
157.0	270.0	513.2932
158.0	270.0	506.3864
158.99999999999997	270.0	497.9478
160.00000000000003	270.0	488.1662
161.0	270.0	477.256
162.0	270.0	465.4516
163.0	270.0	453.0005
164.00000000000003	270.0	440.158
165.00000000000003	270.0	427.1796
166.0	270.0	414.3157
167.0	270.0	401.8051
167.99999999999997	270.0	389.8702
169.00000000000003	270.0	378.7121
169.99999999999997	270.0	368.5067
170.99999999999997	270.0	359.4021
172.0	270.0	351.5165
173.00000000000003	270.0	344.9371
174.00000000000003	270.0	339.7203
175.0	270.0	335.8924
175.99999999999997	270.0	333.4513
176.99999999999994	270.0	332.3685
178.00000000000006	270.0	332.5927
179.0000000000001	270.0	334.0524
180.0	270.0	336.6598
179.0000000000001	90.0	340.3145
178.00000000000006	90.0	344.9069
176.99999999999994	90.0	350.3221
176.00000000000006	90.0	356.4426
175.0	90.0	363.1514
174.00000000000003	90.0	370.3344
172.99999999999997	90.0	377.8819
172.0	90.0	385.6902
171.00000000000003	90.0	393.6623
170.00000000000003	90.0	401.708
168.99999999999997	90.0	409.7442
167.99999999999997	90.0	417.6939
167.00000000000003	90.0	425.4857
166.00000000000003	90.0	433.0528
165.00000000000003	90.0	440.332
163.99999999999997	90.0	447.2628
163.0	90.0	453.7861
162.00000000000003	90.0	459.8442
161.00000000000003	90.0	465.3796
160.0	90.0	470.3358
159.0	90.0	474.6568
158.00000000000003	90.0	478.2881
157.00000000000003	90.0	481.1775
156.00000000000003	90.0	483.2767
154.99999999999997	90.0	484.5422
154.0	90.0	484.9371
153.00000000000003	90.0	484.4332
152.0	90.0	483.0123
150.99999999999997	90.0	480.6679
150.0	90.0	477.4063
149.0	90.0	473.2481
148.0	90.0	468.2285
147.00000000000003	90.0	462.3975
146.0	90.0	455.8198
145.0	90.0	448.5738
144.00000000000003	90.0	440.7504
143.0	90.0	432.4509
142.0	90.0	423.7852
140.99999999999997	90.0	414.8687
140.00000000000003	90.0	405.8196
139.00000000000003	90.0	396.7555
138.00000000000003	90.0	387.7908
137.0	90.0	379.0328
136.0	90.0	370.5794
135.00000000000003	90.0	362.5157
134.00000000000003	90.0	354.9126
132.99999999999997	90.0	347.8241
131.99999999999997	90.0	341.2868
131.00000000000003	90.0	335.3186
130.00000000000003	90.0	329.9194
129.00000000000003	90.0	325.0711
128.0	90.0	320.7396
126.99999999999999	90.0	316.8758
126.00000000000003	90.0	313.4188
125.00000000000004	90.0	310.2981
123.99999999999997	90.0	307.4369
122.99999999999999	90.0	304.7551
122.0	90.0	302.1728
121.0	90.0	299.6137
120.00000000000001	90.0	297.0074
119.0	90.0	294.2928
118.00000000000001	90.0	291.4198
117.00000000000003	90.0	288.3513
116.00000000000004	90.0	285.0643
115.0	90.0	281.5506
114.00000000000001	90.0	277.8162
113.00000000000001	90.0	273.8813
112.00000000000003	90.0	269.7786
111.00000000000004	90.0	265.5518
110.0	90.0	261.2532
109.00000000000001	90.0	256.9416
108.00000000000003	90.0	252.6792
107.00000000000004	90.0	248.5295
106.0	90.0	244.5537
105.0	90.0	240.8091
104.00000000000001	90.0	237.3462
103.00000000000001	90.0	234.2069
102.00000000000003	90.0	231.4235
100.99999999999999	90.0	229.017
100.0	90.0	226.9972
99.00000000000001	90.0	225.3626
98.00000000000003	90.0	224.1011
96.99999999999999	90.0	223.191
96.0	90.0	222.6025
95.0	90.0	222.2995
94.00000000000001	90.0	222.242
93.00000000000003	90.0	222.3877
91.99999999999999	90.0	222.6946
91.0	90.0	223.1231
