Polar Angle 	 Azimuth Angle 	 Intensity 
90.0	45.0	3499.3244
89.0	45.0	3487.5391
88.0	45.0	3469.5598
87.00000000000001	45.0	3445.6627
86.0	45.0	3416.2199
85.0	45.0	3381.6941
84.0	45.0	3342.633
83.0	45.0	3299.663
82.0	45.0	3253.4824
81.0	45.0	3204.8545
80.0	45.0	3154.6003
79.0	45.0	3103.5911
78.00000000000001	45.0	3052.74
77.0	45.0	3002.9942
76.0	45.0	2955.326
75.0	45.0	2910.7237
74.0	45.0	2870.1817
73.0	45.0	2834.6903
72.0	45.0	2805.2243
71.0	45.0	2782.7314
70.0	45.0	2768.1189
69.00000000000001	45.0	2762.2408
68.0	45.0	2765.883
67.0	45.0	2779.7482
66.0	45.0	2804.4405
65.0	45.0	2840.4496
64.0	45.0	2888.1342
63.0	45.0	2947.7068
62.0	45.0	3019.2185
61.0	45.0	3102.5448
60.00000000000001	45.0	3197.3733
59.00000000000001	45.0	3303.1934
58.00000000000001	45.0	3419.2887
57.00000000000001	45.0	3544.7322
55.99999999999999	45.0	3678.3855
55.00000000000001	45.0	3818.9019
54.0	45.0	3964.7342
53.00000000000001	45.0	4114.1467
52.0	45.0	4265.2327
51.00000000000001	45.0	4415.9368
50.00000000000001	45.0	4564.0819
49.00000000000001	45.0	4707.401
48.0	45.0	4843.5732
47.0	45.0	4970.2635
46.00000000000001	45.0	5085.1654
45.0	45.0	5186.0456
44.0	45.0	5270.7904
43.0	45.0	5337.4509
42.0	45.0	5384.2887
41.0	45.0	5409.8181
40.00000000000001	45.0	5412.8453
39.0	45.0	5392.5026
37.99999999999999	45.0	5348.2772
37.0	45.0	5280.0328
36.0	45.0	5188.0233
35.0	45.0	5072.8991
34.0	45.0	4935.703
33.0	45.0	4777.858
31.99999999999999	45.0	4601.146
31.0	45.0	4407.6767
30.000000000000004	45.0	4199.849
29.00000000000001	45.0	3980.3044
28.000000000000007	45.0	3751.8739
27.00000000000001	45.0	3517.5193
25.999999999999996	45.0	3280.2711
25.000000000000004	45.0	3043.1637
24.000000000000004	45.0	2809.1699
22.999999999999993	45.0	2581.1371
21.999999999999996	45.0	2361.7254
21.0	45.0	2153.3513
20.00000000000001	45.0	1958.137
19.000000000000014	45.0	1777.8676
18.00000000000001	45.0	1613.9569
17.000000000000007	45.0	1467.4239
15.999999999999995	45.0	1338.8789
14.999999999999996	45.0	1228.5215
14.0	45.0	1136.1496
12.999999999999996	45.0	1061.1792
12.000000000000018	45.0	1002.6748
10.999999999999993	45.0	959.3892
10.000000000000012	45.0	929.8118
8.999999999999984	45.0	912.2238
7.999999999999981	45.0	904.7587
7.000000000000025	45.0	905.4661
6.000000000000026	45.0	912.3776
4.999999999999992	45.0	923.5714
4.000000000000042	45.0	937.2358
3.0000000000000444	45.0	951.7271
1.9999999999999472	45.0	965.6225
0.9999999999999002	45.0	977.7644
0.0	45.0	987.2972
0.9999999999999002	225.0	993.6923
1.9999999999999472	225.0	996.7636
3.0000000000000444	225.0	996.6713
4.000000000000042	225.0	993.9143
4.999999999999992	225.0	989.312
6.000000000000026	225.0	983.9749
6.9999999999999725	225.0	979.2668
7.999999999999981	225.0	976.7574
8.999999999999984	225.0	978.1694
10.000000000000012	225.0	985.3191
10.999999999999993	225.0	1000.0549
11.999999999999988	225.0	1024.1933
12.999999999999996	225.0	1059.456
14.0	225.0	1107.4091
14.999999999999996	225.0	1169.4066
15.999999999999995	225.0	1246.5399
16.99999999999999	225.0	1339.5939
17.999999999999986	225.0	1449.013
18.999999999999996	225.0	1574.875
19.999999999999993	225.0	1716.8772
21.0	225.0	1874.331
21.999999999999996	225.0	2046.1688
23.00000000000001	225.0	2230.9608
24.000000000000004	225.0	2426.9411
24.99999999999999	225.0	2632.0435
26.000000000000007	225.0	2843.9449
26.999999999999996	225.0	3060.1156
28.000000000000007	225.0	3277.8741
28.999999999999996	225.0	3494.4465
29.999999999999993	225.0	3707.0271
31.0	225.0	3912.8395
31.99999999999999	225.0	4109.1968
33.0	225.0	4293.5584
34.0	225.0	4463.5828
35.000000000000014	225.0	4617.1754
36.0	225.0	4752.5286
37.000000000000014	225.0	4868.1556
37.99999999999999	225.0	4962.9157
38.99999999999999	225.0	5036.0311
40.00000000000001	225.0	5087.0951
40.999999999999986	225.0	5116.0724
42.0	225.0	5123.2903
43.0	225.0	5109.4232
44.00000000000001	225.0	5075.4695
45.0	225.0	5022.7226
46.000000000000014	225.0	4952.7368
47.0	225.0	4867.289
47.999999999999986	225.0	4768.3371
49.00000000000001	225.0	4657.9771
49.99999999999999	225.0	4538.3987
51.00000000000001	225.0	4411.8411
51.99999999999999	225.0	4280.5508
53.000000000000014	225.0	4146.74
53.99999999999999	225.0	4012.5493
55.000000000000014	225.0	3880.0128
55.99999999999999	225.0	3751.0276
56.999999999999986	225.0	3627.3277
58.00000000000001	225.0	3510.4624
58.99999999999999	225.0	3401.7795
60.00000000000001	225.0	3302.4133
61.0	225.0	3213.2773
62.000000000000014	225.0	3135.0611
63.0	225.0	3068.2318
64.00000000000001	225.0	3013.0395
65.0	225.0	2969.5252
65.99999999999999	225.0	2937.533
67.0	225.0	2916.7244
68.0	225.0	2906.5941
69.00000000000001	225.0	2906.4886
70.0	225.0	2915.6249
71.00000000000001	225.0	2933.1111
72.0	225.0	2957.9663
73.00000000000001	225.0	2989.1416
74.0	225.0	3025.5402
74.99999999999999	225.0	3066.0367
76.0	225.0	3109.4966
77.0	225.0	3154.7938
78.00000000000001	225.0	3200.8274
79.0	225.0	3246.5372
80.00000000000001	225.0	3290.9171
81.0	225.0	3333.0282
82.00000000000001	225.0	3372.0091
83.0	225.0	3407.0855
83.99999999999999	225.0	3437.5777
85.0	225.0	3462.9064
86.0	225.0	3482.5977
87.00000000000001	225.0	3496.2859
88.0	225.0	3503.7153
89.00000000000001	225.0	3504.7402
90.0	225.0	3499.3244
91.00000000000001	225.0	3487.5391
92.0	225.0	3469.5598
92.99999999999999	225.0	3445.6627
94.0	225.0	3416.2199
95.0	225.0	3381.6941
96.00000000000001	225.0	3342.633
97.0	225.0	3299.663
98.00000000000001	225.0	3253.4824
99.0	225.0	3204.8545
100.00000000000001	225.0	3154.6003
101.0	225.0	3103.5911
102.00000000000001	225.0	3052.74
103.0	225.0	3002.9942
104.0	225.0	2955.326
105.00000000000001	225.0	2910.7237
106.0	225.0	2870.1817
107.00000000000001	225.0	2834.6903
108.0	225.0	2805.2243
109.00000000000001	225.0	2782.7314
110.0	225.0	2768.1189
111.00000000000001	225.0	2762.2408
112.0	225.0	2765.883
113.0	225.0	2779.7482
114.00000000000001	225.0	2804.4405
115.0	225.0	2840.4496
116.00000000000001	225.0	2888.1342
117.0	225.0	2947.7068
118.00000000000001	225.0	3019.2185
119.0	225.0	3102.5448
120.00000000000001	225.0	3197.3733
121.0	225.0	3303.1934
122.0	225.0	3419.2887
123.00000000000001	225.0	3544.7322
124.0	225.0	3678.3855
125.00000000000001	225.0	3818.9019
126.0	225.0	3964.7342
127.00000000000001	225.0	4114.1467
128.0	225.0	4265.2327
129.00000000000003	225.0	4415.9368
130.0	225.0	4564.0819
131.0	225.0	4707.401
132.0	225.0	4843.5732
133.0	225.0	4970.2635
134.0	225.0	5085.1654
135.0	225.0	5186.0456
136.0	225.0	5270.7904
137.0	225.0	5337.4509
138.00000000000003	225.0	5384.2887
139.0	225.0	5409.8181
140.0	225.0	5412.8453
140.99999999999997	225.0	5392.5026
142.00000000000003	225.0	5348.2772
143.0	225.0	5280.0328
144.0	225.0	5188.0233
145.0	225.0	5072.8991
146.00000000000003	225.0	4935.703
147.00000000000003	225.0	4777.858
148.0	225.0	4601.146
149.0	225.0	4407.6767
149.99999999999997	225.0	4199.849
151.00000000000003	225.0	3980.3044
152.0	225.0	3751.8739
153.0	225.0	3517.5193
154.0	225.0	3280.2711
155.00000000000003	225.0	3043.1637
156.00000000000003	225.0	2809.1699
157.0	225.0	2581.1371
158.0	225.0	2361.7254
158.99999999999997	225.0	2153.3513
160.00000000000003	225.0	1958.137
161.0	225.0	1777.8676
162.0	225.0	1613.9569
163.0	225.0	1467.4239
164.00000000000003	225.0	1338.8789
165.00000000000003	225.0	1228.5215
166.0	225.0	1136.1496
167.0	225.0	1061.1792
167.99999999999997	225.0	1002.6748
169.00000000000003	225.0	959.3892
169.99999999999997	225.0	929.8118
170.99999999999997	225.0	912.2238
172.0	225.0	904.7587
173.00000000000003	225.0	905.4661
174.00000000000003	225.0	912.3776
175.0	225.0	923.5714
175.99999999999997	225.0	937.2358
176.99999999999994	225.0	951.7271
178.00000000000006	225.0	965.6225
179.0000000000001	225.0	977.7644
180.0	225.0	987.2972
179.0000000000001	45.0	993.6923
178.00000000000006	45.0	996.7636
176.99999999999994	45.0	996.6713
176.00000000000006	45.0	993.9143
175.0	45.0	989.312
174.00000000000003	45.0	983.9749
172.99999999999997	45.0	979.2668
172.0	45.0	976.7574
171.00000000000003	45.0	978.1694
170.00000000000003	45.0	985.3191
168.99999999999997	45.0	1000.0549
167.99999999999997	45.0	1024.1933
167.00000000000003	45.0	1059.456
166.00000000000003	45.0	1107.4091
165.00000000000003	45.0	1169.4066
163.99999999999997	45.0	1246.5399
163.0	45.0	1339.5939
162.00000000000003	45.0	1449.013
161.00000000000003	45.0	1574.875
160.0	45.0	1716.8772
159.0	45.0	1874.331
158.00000000000003	45.0	2046.1688
157.00000000000003	45.0	2230.9608
156.00000000000003	45.0	2426.9411
154.99999999999997	45.0	2632.0435
154.0	45.0	2843.9449
153.00000000000003	45.0	3060.1156
152.0	45.0	3277.8741
150.99999999999997	45.0	3494.4465
150.0	45.0	3707.0271
149.0	45.0	3912.8395
148.0	45.0	4109.1968
147.00000000000003	45.0	4293.5584
146.0	45.0	4463.5828
145.0	45.0	4617.1754
144.00000000000003	45.0	4752.5286
143.0	45.0	4868.1556
142.0	45.0	4962.9157
140.99999999999997	45.0	5036.0311
140.00000000000003	45.0	5087.0951
139.00000000000003	45.0	5116.0724
138.00000000000003	45.0	5123.2903
137.0	45.0	5109.4232
136.0	45.0	5075.4695
135.00000000000003	45.0	5022.7226
134.00000000000003	45.0	4952.7368
132.99999999999997	45.0	4867.289
131.99999999999997	45.0	4768.3371
131.00000000000003	45.0	4657.9771
130.00000000000003	45.0	4538.3987
129.00000000000003	45.0	4411.8411
128.0	45.0	4280.5508
126.99999999999999	45.0	4146.74
126.00000000000003	45.0	4012.5493
125.00000000000004	45.0	3880.0128
123.99999999999997	45.0	3751.0276
122.99999999999999	45.0	3627.3277
122.0	45.0	3510.4624
121.0	45.0	3401.7795
120.00000000000001	45.0	3302.4133
119.0	45.0	3213.2773
118.00000000000001	45.0	3135.0611
117.00000000000003	45.0	3068.2318
116.00000000000004	45.0	3013.0395
115.0	45.0	2969.5252
114.00000000000001	45.0	2937.533
113.00000000000001	45.0	2916.7244
112.00000000000003	45.0	2906.5941
111.00000000000004	45.0	2906.4886
110.0	45.0	2915.6249
109.00000000000001	45.0	2933.1111
108.00000000000003	45.0	2957.9663
107.00000000000004	45.0	2989.1416
106.0	45.0	3025.5402
105.0	45.0	3066.0367
104.00000000000001	45.0	3109.4966
103.00000000000001	45.0	3154.7938
102.00000000000003	45.0	3200.8274
100.99999999999999	45.0	3246.5372
100.0	45.0	3290.9171
99.00000000000001	45.0	3333.0282
98.00000000000003	45.0	3372.0091
96.99999999999999	45.0	3407.0855
96.0	45.0	3437.5777
95.0	45.0	3462.9064
94.00000000000001	45.0	3482.5977
93.00000000000003	45.0	3496.2859
91.99999999999999	45.0	3503.7153
91.0	45.0	3504.7402
90.0	0.0	9728.4187
89.29291116952395	0.7071426817872533	9726.5383
88.58593006627854	1.4145007934175506	9639.6488
87.87916453235917	2.122289895867879	9469.5094
87.1727226397129	2.8307258121018455	9219.8777
86.4667128053692	3.540024757356371	8896.3927
85.76124390703504	4.250403468570711	8506.3997
85.05642539917308	4.962079332655645	8058.7204
84.3523674296794	5.675270513286652	7563.3804
83.64918095727445	6.390196075887154	7031.3003
82.94697786971682	7.107076110446535	6473.9638
82.24587110294536	7.826131851792348	5903.0745
81.54597476125012	8.547585796906942	5330.2123
80.84740423856572	9.271661818845425	4766.5025
80.15027634097487	9.998585276774412	4222.3088
79.45470941050044	10.728583121609057	3706.9602
78.76082345025607	11.461883996679509	3228.5203
78.0687402510143	12.198718332806749	2793.6078
77.37858351923944	12.939318437111838	2407.2708
76.69047900661849	13.683918574821595	2072.9198
76.00455464110858	14.432755043267381	1792.319
75.32094065950206	15.186066237202516	1565.6353
74.63976974149092	15.944092704486447	1391.5398
73.96117714519126	16.707077191101824	1267.3576
73.28530084406378	17.47526467438212	1189.2577
72.61228166514054	18.2489023832344	1152.4742
71.94226342843773	19.028239804042187	1151.5505
71.27539308740191	19.813528670829413	1180.5935
70.61182087020094	20.605022938156644	1233.5307
69.95170042163069	21.402978735106455	1304.3569
69.29518894536457	22.207654298596484	1387.3639
68.64244734622547	23.019309884136224	1477.3421
67.99364037210603	23.838207652018653	1569.7493
67.34893675510656	24.664611526811417	1660.84
66.70850935139694	25.498787027884514	1747.7515
66.07253527924108	26.34100106858589	1828.5456
65.44119605454999	27.191521721553002	1902.2071
64.81467772324949	28.05061794753063	1968.5981
64.19317098966519	28.918559284955432	2028.3761
63.57687134003648	29.79561549746857	2082.878
62.965979160175145	30.68205617643342	2133.9778
62.36069984618289	31.5781502954692	2183.9265
61.761243907035045	32.484165713968785	2235.1804
61.16782705772538	33.400368626554155	2290.2276
60.58067030155157	34.32702295544232	2351.4205
59.99999999999999	35.264389682754654	2420.8223
59.42604792856702	36.212726119908915	2500.0729
58.8590513167294	37.17228511139536	2590.2823
58.29925287015328	38.143314170462425	2691.9536
57.74690077310915	39.12605454453247	2804.9395
57.20224866894282	40.12074020854298	2928.4342
56.66555561634145	41.12759678487194	3060.998
56.13708601903233	42.14684038906587	3200.6154
55.61710952646371	43.178676401255004	3344.7812
55.10590090294487	44.223298163918535	3490.6109
54.60373986267208	45.28088560756104	3634.9693
54.11091086804023	46.3516038068849	3774.611
53.62770288864506	47.435601471194154	3906.3255
53.154409118419395	48.53300937404573	4027.0806
52.691326648427214	49.643938728569864	4134.1568
52.23875609296496	50.76847951640774	4225.2662
51.79700116679687	51.90669877984987	4298.6513
51.36636821158484	53.05863888848747	4353.1583
50.94716566986906	54.22431579349069	4388.2828
50.539703505316	55.40371728447302	4404.1853
50.14429256838126	56.59680126575802	4401.6759
49.76124390703504	57.80349407069134	4382.1713
49.390868022772075	59.02368883439022	4347.6232
49.03347407277117	60.25724394694163	4300.4253
48.68936901978189	61.503981610489745	4243.3008
48.35885673209022	62.76368652482927	4179.1781
48.04223703674405	64.03610472697835	4111.0586
47.73980473009234	65.32094261067617	4041.8855
47.45184855059514	66.61786615176922	3974.417
47.178650119779434	67.92650036495783	3911.1123
46.920482858129056	69.2464290163152	3854.0343
46.677610883583455	70.57719461432482	3804.7737
46.450287901158305	71.91829869987819	3764.3975
46.23875609296496	73.2692024527246	3733.4254
46.043245018569806	74.62932762827676	3711.8328
45.86397053617525	75.99805783448308	3699.0815
45.701133755495384	77.37474015373697	3694.1756
45.554920033420714	78.7586871095844	3695.7392
45.42549802359849	80.14917897242118	3702.1129
45.31301879088406	81.5454663925662	3711.4621
45.21761500123496	82.94677334320139	3721.8944
45.1394001970194	84.35230034984485	3731.5766
45.07846816689916	85.76122797743554	3738.8482
45.03489241843145	87.17272054092642	3742.3245
45.00872576033472	88.58593000067151	3740.9837
45.0	90.0	3734.2336
45.00872576033472	91.41406999932849	3721.9554
45.03489241843145	92.82727945907358	3704.5204
45.07846816689916	94.23877202256445	3682.7808
45.1394001970194	95.64769965015516	3658.0321
45.21761500123496	97.05322665679864	3631.9514
45.31301879088406	98.45453360743382	3606.5124
45.42549802359848	99.85082102757882	3583.8826
45.554920033420714	101.2413128904156	3566.3059
45.701133755495384	102.62525984626303	3555.9784
45.86397053617525	104.00194216551692	3554.9211
46.043245018569806	105.37067237172324	3564.8579
46.238756092964955	106.73079754727539	3587.1042
46.450287901158305	108.08170130012182	3622.4708
46.677610883583455	109.42280538567519	3671.1901
46.920482858129056	110.7535709836848	3732.8675
47.178650119779434	112.07349963504215	3806.4611
47.45184855059512	113.38213384823077	3890.2909
47.73980473009234	114.67905738932384	3982.0794
48.04223703674405	115.96389527302166	4079.0203
48.3588567320902	117.23631347517073	4177.8742
48.68936901978189	118.49601838951025	4275.0872
49.03347407277117	119.74275605305839	4366.927
49.39086802277208	120.9763111656098	4449.6312
49.76124390703504	122.19650592930867	4519.5608
50.14429256838125	123.40319873424197	4573.3523
50.539703505316005	124.59628271552698	4608.0618
50.94716566986905	125.77568420650928	4621.2938
51.36636821158484	126.94136111151253	4611.3092
51.79700116679685	128.09330122015012	4577.1069
52.23875609296496	129.23152048359225	4518.4752
52.691326648427214	130.35606127143015	4436.0105
53.154409118419395	131.46699062595425	4331.1016
53.62770288864506	132.56439852880584	4205.8795
54.11091086804023	133.64839619311508	4063.1359
54.60373986267208	134.71911439243897	3906.212
55.10590090294487	135.7767018360815	3738.8636
55.617109526463715	136.821323598745	3565.1078
56.13708601903233	137.8531596109341	3389.0576
56.66555561634144	138.87240321512806	3214.753
57.20224866894282	139.879259791457	3045.995
57.74690077310915	140.87394545546752	2886.1908
58.29925287015328	141.85668582953758	2738.2172
58.8590513167294	142.82771488860465	2604.3096
59.42604792856702	143.7872738800911	2485.98
59.99999999999999	144.73561031724535	2383.9708
60.58067030155157	145.6729770445577	2298.245
61.16782705772538	146.59963137344585	2228.0147
61.76124390703503	147.5158342860312	2171.8074
62.36069984618289	148.4218497045308	2127.5668
62.96597916017513	149.31794382356657	2092.7853
63.57687134003648	150.20438450253144	2064.6608
64.19317098966519	151.08144071504458	2040.2725
64.81467772324949	151.9493820524694	2016.7674
65.44119605454999	152.808478278447	1991.5484
66.0725352792411	153.65899893141415	1962.4554
66.70850935139694	154.5012129721155	1927.9314
67.34893675510656	155.3353884731886	1887.1641
67.99364037210603	156.16179234798136	1840.1964
68.64244734622547	156.98069011586378	1787.999
69.29518894536457	157.79234570140352	1732.5013
69.95170042163069	158.59702126489356	1676.576
70.61182087020094	159.39497706184335	1623.9782
71.2753930874019	160.1864713291706	1579.2381
71.94226342843773	160.9717601959578	1547.5113
72.61228166514054	161.7510976167656	1534.3915
73.28530084406377	162.52473532561788	1545.691
73.96117714519126	163.29292280889817	1587.1988
74.63976974149092	164.05590729551355	1664.4242
75.32094065950206	164.8139337627975	1782.3369
76.00455464110858	165.56724495673262	1945.1135
76.6904790066185	166.31608142517842	2155.9021
77.37858351923944	167.06068156288816	2416.6135
78.0687402510143	167.80128166719328	2727.7503
78.76082345025605	168.5381160033205	3088.2807
79.45470941050044	169.27141687839094	3495.5638
80.15027634097487	170.0014147232256	3945.3313
80.84740423856572	170.72833818115458	4431.7279
81.54597476125012	171.45241420309307	4947.4105
82.24587110294536	172.17386814820765	5483.7048
82.94697786971682	172.8929238895535	6030.8143
83.64918095727445	173.60980392411287	6578.0758
84.3523674296794	174.32472948671335	7114.253
85.05642539917308	175.03792066734437	7627.8579
85.76124390703502	175.7495965314293	8107.4906
86.4667128053692	176.45997524264365	8542.1829
87.17272263971289	177.16927418789817	8921.7361
87.87916453235917	177.87771010413212	9237.0396
88.58593006627854	178.58549920658245	9480.3587
89.29291116952395	179.29285731821275	9645.5821
90.0	180.0	9728.4187
90.70708883047607	180.70714268178725	9726.5383
91.41406993372146	181.41450079341755	9639.6488
92.12083546764083	182.12228989586788	9469.5094
92.82727736028711	182.83072581210183	9219.8777
93.5332871946308	183.54002475735635	8896.3927
94.23875609296496	184.2504034685707	8506.3997
94.94357460082692	184.96207933265563	8058.7204
95.64763257032061	185.67527051328665	7563.3804
96.35081904272555	186.39019607588713	7031.3003
97.05302213028318	187.1070761104465	6473.9638
97.75412889705464	187.82613185179233	5903.0745
98.45402523874989	188.54758579690696	5330.2123
99.15259576143428	189.27166181884542	4766.5025
99.84972365902512	189.9985852767744	4222.3088
100.54529058949956	190.72858312160906	3706.9602
101.23917654974393	191.4618839966795	3228.5203
101.93125974898571	192.19871833280675	2793.6078
102.62141648076054	192.93931843711184	2407.2708
103.30952099338153	193.68391857482158	2072.9198
103.99544535889142	194.43275504326738	1792.319
104.67905934049796	195.18606623720254	1565.6353
105.36023025850908	195.94409270448645	1391.5398
106.03882285480874	196.7070771911018	1267.3576
106.71469915593623	197.4752646743821	1189.2577
107.38771833485946	198.2489023832344	1152.4742
108.05773657156229	199.0282398040422	1151.5505
108.7246069125981	199.8135286708294	1180.5935
109.38817912979906	200.60502293815665	1233.5307
110.04829957836931	201.40297873510644	1304.3569
110.70481105463544	202.20765429859648	1387.3639
111.35755265377453	203.01930988413622	1477.3421
112.00635962789397	203.83820765201864	1569.7493
112.65106324489344	204.6646115268114	1660.84
113.29149064860306	205.49878702788448	1747.7515
113.92746472075892	206.34100106858588	1828.5456
114.55880394545001	207.191521721553	1902.2071
115.18532227675053	208.05061794753064	1968.5981
115.8068290103348	208.91855928495542	2028.3761
116.42312865996352	209.79561549746856	2082.878
117.03402083982486	210.68205617643343	2133.9778
117.63930015381712	211.5781502954692	2183.9265
118.23875609296496	212.48416571396876	2235.1804
118.83217294227461	213.40036862655413	2290.2276
119.41932969844842	214.32702295544232	2351.4205
120.00000000000001	215.26438968275463	2420.8223
120.573952071433	216.2127261199089	2500.0729
121.14094868327061	217.17228511139535	2590.2823
121.70074712984672	218.14331417046245	2691.9536
122.25309922689084	219.12605454453248	2804.9395
122.79775133105717	220.12074020854297	2928.4342
123.33444438365854	221.1275967848719	3060.998
123.86291398096766	222.1468403890659	3200.6154
124.38289047353629	223.17867640125502	3344.7812
124.89409909705513	224.2232981639185	3490.6109
125.39626013732791	225.28088560756103	3634.9693
125.88908913195978	226.35160380688492	3774.611
126.37229711135494	227.43560147119416	3906.3255
126.84559088158062	228.53300937404572	4027.0806
127.30867335157278	229.64393872856982	4134.1568
127.76124390703504	230.7684795164077	4225.2662
128.20299883320317	231.90669877984988	4298.6513
128.6336317884152	233.05863888848748	4353.1583
129.05283433013093	234.2243157934907	4388.2828
129.460296494684	235.40371728447298	4404.1853
129.85570743161875	236.59680126575802	4401.6759
130.23875609296496	237.80349407069136	4382.1713
130.60913197722795	239.0236888343902	4347.6232
130.96652592722884	240.25724394694157	4300.4253
131.31063098021812	241.50398161048972	4243.3008
131.6411432679098	242.7636865248293	4179.1781
131.95776296325596	244.03610472697835	4111.0586
132.26019526990768	245.32094261067616	4041.8855
132.54815144940486	246.6178661517692	3974.417
132.8213498802206	247.92650036495786	3911.1123
133.07951714187095	249.2464290163152	3854.0343
133.32238911641656	250.5771946143248	3804.7737
133.5497120988417	251.91829869987816	3764.3975
133.76124390703504	253.26920245272458	3733.4254
133.9567549814302	254.62932762827677	3711.8328
134.13602946382477	255.99805783448306	3699.0815
134.2988662445046	257.374740153737	3694.1756
134.44507996657927	258.75868710958434	3695.7392
134.57450197640154	260.14917897242117	3702.1129
134.68698120911597	261.5454663925662	3711.4621
134.78238499876502	262.94677334320136	3721.8944
134.8605998029806	264.3523003498448	3731.5766
134.92153183310086	265.7612279774355	3738.8482
134.96510758156856	267.17272054092643	3742.3245
134.99127423966527	268.5859300006715	3740.9837
135.0	270.0	3734.2336
134.99127423966527	271.4140699993285	3721.9554
134.96510758156856	272.82727945907357	3704.5204
134.92153183310086	274.2387720225645	3682.7808
134.8605998029806	275.6476996501551	3658.0321
134.78238499876502	277.0532266567986	3631.9514
134.68698120911597	278.45453360743375	3606.5124
134.57450197640154	279.85082102757883	3583.8826
134.44507996657927	281.2413128904156	3566.3059
134.2988662445046	282.625259846263	3555.9784
134.13602946382477	284.0019421655169	3554.9211
133.9567549814302	285.37067237172323	3564.8579
133.76124390703504	286.7307975472754	3587.1042
133.5497120988417	288.08170130012184	3622.4708
133.32238911641656	289.42280538567513	3671.1901
133.07951714187095	290.75357098368477	3732.8675
132.82134988022057	292.0734996350422	3806.4611
132.54815144940488	293.38213384823075	3890.2909
132.26019526990768	294.6790573893238	3982.0794
131.95776296325596	295.9638952730216	4079.0203
131.6411432679098	297.23631347517073	4177.8742
131.31063098021812	298.49601838951025	4275.0872
130.96652592722884	299.7427560530584	4366.927
130.60913197722795	300.9763111656098	4449.6312
130.23875609296496	302.1965059293086	4519.5608
129.85570743161873	303.403198734242	4573.3523
129.46029649468403	304.59628271552697	4608.0618
129.05283433013096	305.7756842065093	4621.2938
128.6336317884152	306.9413611115125	4611.3092
128.20299883320317	308.0933012201501	4577.1069
127.76124390703505	309.23152048359225	4518.4752
127.3086733515728	310.3560612714301	4436.0105
126.84559088158062	311.4669906259543	4331.1016
126.37229711135495	312.5643985288058	4205.8795
125.88908913195978	313.6483961931151	4063.1359
125.39626013732794	314.71911439243894	3906.212
124.89409909705515	315.77670183608143	3738.8636
124.38289047353632	316.821323598745	3565.1078
123.86291398096766	317.85315961093414	3389.0576
123.33444438365856	318.8724032151281	3214.753
122.7977513310572	319.879259791457	3045.995
122.25309922689087	320.8739454554675	2886.1908
121.70074712984675	321.8566858295375	2738.2172
121.14094868327061	322.82771488860465	2604.3096
120.57395207143298	323.7872738800911	2485.98
120.00000000000001	324.73561031724535	2383.9708
119.41932969844845	325.6729770445577	2298.245
118.83217294227461	326.59963137344585	2228.0147
118.23875609296496	327.51583428603124	2171.8074
117.63930015381712	328.4218497045308	2127.5668
117.03402083982486	329.31794382356657	2092.7853
116.42312865996352	330.2043845025314	2064.6608
115.8068290103348	331.08144071504455	2040.2725
115.18532227675053	331.9493820524694	2016.7674
114.55880394545002	332.808478278447	1991.5484
113.92746472075895	333.6589989314141	1962.4554
113.29149064860304	334.5012129721155	1927.9314
112.65106324489344	335.3353884731886	1887.1641
112.00635962789399	336.16179234798136	1840.1964
111.35755265377455	336.98069011586375	1787.999
110.70481105463546	337.79234570140346	1732.5013
110.04829957836931	338.59702126489356	1676.576
109.38817912979906	339.39497706184335	1623.9782
108.7246069125981	340.18647132917056	1579.2381
108.05773657156229	340.9717601959578	1547.5113
107.38771833485946	341.7510976167656	1534.3915
106.71469915593623	342.5247353256179	1545.691
106.03882285480876	343.2929228088982	1587.1988
105.36023025850909	344.0559072955135	1664.4242
104.67905934049797	344.8139337627975	1782.3369
103.99544535889142	345.5672449567326	1945.1135
103.30952099338151	346.3160814251784	2155.9021
102.62141648076056	347.06068156288813	2416.6135
101.93125974898572	347.8012816671932	2727.7503
101.23917654974393	348.5381160033205	3088.2807
100.54529058949956	349.27141687839094	3495.5638
99.84972365902513	350.0014147232256	3945.3313
99.15259576143428	350.7283381811546	4431.7279
98.4540252387499	351.45241420309304	4947.4105
97.75412889705464	352.17386814820765	5483.7048
97.05302213028318	352.89292388955346	6030.8143
96.35081904272556	353.60980392411284	6578.0758
95.64763257032062	354.32472948671335	7114.253
94.94357460082692	355.03792066734434	7627.8579
94.23875609296496	355.7495965314293	8107.4906
93.53328719463082	356.4599752426436	8542.1829
92.82727736028713	357.16927418789817	8921.7361
92.12083546764086	357.8777101041321	9237.0396
91.41406993372146	358.5854992065825	9480.3587
90.70708883047607	359.2928573182127	9645.5821
90.0	90.0	5686.7408
89.29291116952395	89.29285731821274	5661.1419
88.58593006627854	88.58549920658245	5611.6944
87.87916453235917	87.87771010413212	5539.4154
87.1727226397129	87.16927418789815	5445.7965
86.4667128053692	86.45997524264364	5332.7603
85.76124390703504	85.74959653142929	5202.6039
85.05642539917308	85.03792066734437	5057.9309
84.3523674296794	84.32472948671335	4901.5756
83.64918095727445	83.60980392411285	4736.5214
82.94697786971682	82.89292388955346	4565.8158
82.24587110294536	82.17386814820766	4392.4861
81.54597476125012	81.45241420309306	4219.4576
80.84740423856572	80.72833818115458	4049.4786
80.15027634097487	80.0014147232256	3885.0532
79.45470941050044	79.27141687839094	3728.3848
78.76082345025607	78.5381160033205	3581.3329
78.0687402510143	77.80128166719327	3445.3824
77.37858351923944	77.06068156288816	3321.6284
76.69047900661849	76.31608142517841	3210.7746
76.00455464110858	75.56724495673262	3113.1467
75.32094065950206	74.81393376279749	3028.7181
74.63976974149092	74.05590729551355	2957.1474
73.96117714519126	73.29292280889818	2897.8255
73.28530084406378	72.52473532561788	2849.93
72.61228166514054	71.7510976167656	2812.4843
71.94226342843773	70.97176019595781	2784.4186
71.27539308740191	70.18647132917059	2764.631
70.61182087020094	69.39497706184336	2752.0443
69.95170042163069	68.59702126489356	2745.6578
69.29518894536457	67.79234570140352	2744.5913
68.64244734622547	66.98069011586378	2748.1197
67.99364037210603	66.16179234798135	2755.6964
67.34893675510656	65.33538847318859	2766.9655
66.70850935139694	64.50121297211548	2781.7628
66.07253527924108	63.65899893141411	2800.104
65.44119605454999	62.808478278447	2822.1636
64.81467772324949	61.94938205246937	2848.2439
64.19317098966519	61.081440715044565	2878.7363
63.57687134003648	60.20438450253143	2914.0772
62.965979160175145	59.31794382356658	2954.7004
62.36069984618289	58.4218497045308	3000.9886
61.761243907035045	57.515834286031215	3053.2267
61.16782705772538	56.59963137344585	3111.5584
60.58067030155157	55.67297704455769	3175.9494
59.99999999999999	54.735610317245346	3246.1583
59.42604792856702	53.787273880091085	3321.7169
58.8590513167294	52.827714888604646	3401.9209
58.29925287015328	51.85668582953758	3485.8323
57.74690077310915	50.87394545546753	3572.2929
57.20224866894282	49.87925979145702	3659.948
56.66555561634145	48.87240321512806	3747.2813
56.13708601903233	47.85315961093413	3832.6575
55.61710952646371	46.821323598745	3914.3724
55.10590090294487	45.776701836081465	3990.7077
54.60373986267208	44.71911439243896	4059.9885
54.11091086804023	43.6483961931151	4120.6413
53.62770288864506	42.564398528805846	4171.2488
53.154409118419395	41.46699062595427	4210.6018
52.691326648427214	40.356061271430136	4237.7431
52.23875609296496	39.23152048359226	4252.0037
51.79700116679687	38.09330122015014	4253.0279
51.36636821158484	36.941361111512535	4240.7887
50.94716566986906	35.77568420650932	4215.59
50.539703505316	34.59628271552699	4178.0581
50.14429256838126	33.40319873424199	4129.1202
49.76124390703504	32.19650592930866	4069.9738
49.390868022772075	30.976311165609783	4002.0453
49.03347407277117	29.742756053058372	3926.9419
48.68936901978189	28.496018389510258	3846.3968
48.35885673209022	27.236313475170732	3762.2118
48.04223703674405	25.963895273021652	3676.1979
47.73980473009234	24.679057389323834	3590.1175
47.45184855059514	23.382133848230776	3505.6304
47.178650119779434	22.07349963504216	3424.2444
46.920482858129056	20.753570983684796	3347.2747
46.677610883583455	19.422805385675183	3275.8115
46.450287901158305	18.08170130012181	3210.6975
46.23875609296496	16.730797547275397	3152.5176
46.043245018569806	15.370672371723243	3101.5977
45.86397053617525	14.001942165516926	3058.016
45.701133755495384	12.625259846263035	3021.6233
45.554920033420714	11.241312890415616	2992.0723
45.42549802359849	9.850821027578828	2968.8546
45.31301879088406	8.454533607433808	2951.3424
45.21761500123496	7.053226656798624	2938.8348
45.1394001970194	5.647699650155149	2930.604
45.07846816689916	4.238772022564465	2925.9411
45.03489241843145	2.8272794590735852	2924.1993
45.00872576033472	1.414069999328503	2924.8311
45.0	4.961562726608714e-15	2927.4191
45.00872576033472	358.5859300006715	2931.6988
45.03489241843145	357.17272054092643	2937.572
45.07846816689916	355.76122797743557	2945.1102
45.1394001970194	354.3523003498448	2954.5489
45.21761500123496	352.94677334320136	2966.2715
45.31301879088406	351.5454663925662	2980.7849
45.42549802359848	350.14917897242117	2998.6878
45.554920033420714	348.7586871095844	3020.6322
45.701133755495384	347.374740153737	3047.2818
45.86397053617525	345.99805783448306	3079.267
46.043245018569806	344.62932762827677	3117.1407
46.238756092964955	343.26920245272464	3161.3358
46.450287901158305	341.91829869987816	3212.1268
46.677610883583455	340.5771946143248	3269.5972
46.920482858129056	339.2464290163152	3333.6146
47.178650119779434	337.92650036495786	3403.8144
47.45184855059512	336.61786615176925	3479.5932
47.73980473009234	335.3209426106762	3560.1129
48.04223703674405	334.03610472697835	3644.3135
48.3588567320902	332.76368652482927	3730.9372
48.68936901978189	331.50398161048975	3818.5603
49.03347407277117	330.2572439469416	3905.6327
49.39086802277208	329.0236888343902	3990.5244
49.76124390703504	327.80349407069133	4071.5743
50.14429256838125	326.596801265758	4147.1431
50.539703505316005	325.40371728447303	4215.6649
50.94716566986905	324.2243157934907	4275.6968
51.36636821158484	323.05863888848745	4325.9655
51.79700116679685	321.9066987798499	4365.4063
52.23875609296496	320.76847951640775	4393.1958
52.691326648427214	319.6439387285699	4408.7757
53.154409118419395	318.5330093740457	4411.8663
53.62770288864506	317.43560147119416	4402.4711
54.11091086804023	316.3516038068849	4380.8704
54.60373986267208	315.28088560756106	4347.6062
55.10590090294487	314.2232981639185	4303.4574
55.617109526463715	313.17867640125496	4249.4087
56.13708601903233	312.14684038906586	4186.6122
56.66555561634144	311.12759678487197	4116.346
57.20224866894282	310.120740208543	4039.9699
57.74690077310915	309.1260545445325	3958.8806
58.29925287015328	308.1433141704624	3874.4688
58.8590513167294	307.17228511139535	3788.0803
59.42604792856702	306.2127261199089	3700.9809
59.99999999999999	305.26438968275465	3614.3294
60.58067030155157	304.3270229554423	3529.1567
61.16782705772538	303.40036862655415	3446.3542
61.76124390703503	302.4841657139688	3366.6698
62.36069984618289	301.5781502954692	3290.7127
62.96597916017513	300.68205617643343	3218.9654
63.57687134003648	299.7956154974686	3151.8026
64.19317098966519	298.91855928495545	3089.5158
64.81467772324949	298.0506179475306	3032.3404
65.44119605454999	297.191521721553	2980.4866
66.0725352792411	296.3410010685859	2934.1685
66.70850935139694	295.49878702788453	2893.6328
67.34893675510656	294.6646115268114	2859.1831
67.99364037210603	293.83820765201864	2831.1992
68.64244734622547	293.0193098841362	2810.1492
69.29518894536457	292.2076542985965	2796.5944
69.95170042163069	291.40297873510644	2791.1852
70.61182087020094	290.60502293815665	2794.648
71.2753930874019	289.81352867082944	2807.7643
71.94226342843773	289.0282398040422	2831.3405
72.61228166514054	288.2489023832344	2866.1719
73.28530084406377	287.4752646743821	2913.0003
73.96117714519126	286.7070771911018	2972.468
74.63976974149092	285.9440927044865	3045.0703
75.32094065950206	285.1860662372025	3131.1082
76.00455464110858	284.4327550432674	3230.6437
76.6904790066185	283.6839185748216	3343.4606
77.37858351923944	282.93931843711187	3469.032
78.0687402510143	282.1987183328067	3606.4972
78.76082345025605	281.4618839966795	3754.6488
79.45470941050044	280.72858312160906	3911.9322
80.15027634097487	279.9985852767744	4076.4577
80.84740423856572	279.2716618188454	4246.0252
81.54597476125012	278.54758579690696	4418.1617
82.24587110294536	277.82613185179235	4590.1706
82.94697786971682	277.10707611044654	4759.1917
83.64918095727445	276.39019607588716	4922.2696
84.3523674296794	275.67527051328665	5076.4289
85.05642539917308	274.96207933265566	5218.7534
85.76124390703502	274.2504034685707	5346.4668
86.4667128053692	273.5400247573564	5457.0114
87.17272263971289	272.83072581210183	5548.1234
87.87916453235917	272.1222898958679	5617.8999
88.58593006627854	271.4145007934176	5664.8575
89.29291116952395	270.7071426817872	5687.9778
90.0	270.0	5686.7408
90.70708883047607	269.2928573182127	5661.1419
91.41406993372146	268.5854992065824	5611.6944
92.12083546764083	267.8777101041321	5539.4154
92.82727736028711	267.16927418789817	5445.7965
93.5332871946308	266.4599752426436	5332.7603
94.23875609296496	265.7495965314293	5202.6039
94.94357460082692	265.03792066734434	5057.9309
95.64763257032061	264.32472948671335	4901.5756
96.35081904272555	263.60980392411284	4736.5214
97.05302213028318	262.89292388955346	4565.8158
97.75412889705464	262.17386814820765	4392.4861
98.45402523874989	261.45241420309304	4219.4576
99.15259576143428	260.7283381811546	4049.4786
99.84972365902512	260.0014147232256	3885.0532
100.54529058949956	259.27141687839094	3728.3848
101.23917654974393	258.5381160033205	3581.3329
101.93125974898571	257.8012816671933	3445.3824
102.62141648076054	257.06068156288813	3321.6284
103.30952099338153	256.31608142517837	3210.7746
103.99544535889142	255.56724495673262	3113.1467
104.67905934049796	254.8139337627975	3028.7181
105.36023025850908	254.05590729551355	2957.1474
106.03882285480874	253.2929228088982	2897.8255
106.71469915593623	252.52473532561788	2849.93
107.38771833485946	251.7510976167656	2812.4843
108.05773657156229	250.9717601959578	2784.4186
108.7246069125981	250.18647132917056	2764.631
109.38817912979906	249.39497706184335	2752.0443
110.04829957836931	248.59702126489356	2745.6578
110.70481105463544	247.79234570140352	2744.5913
111.35755265377453	246.98069011586378	2748.1197
112.00635962789397	246.16179234798136	2755.6964
112.65106324489344	245.33538847318857	2766.9655
113.29149064860306	244.50121297211547	2781.7628
113.92746472075892	243.6589989314141	2800.104
114.55880394545001	242.808478278447	2822.1636
115.18532227675053	241.9493820524694	2848.2439
115.8068290103348	241.08144071504458	2878.7363
116.42312865996352	240.2043845025314	2914.0772
117.03402083982486	239.31794382356657	2954.7004
117.63930015381712	238.4218497045308	3000.9886
118.23875609296496	237.5158342860312	3053.2267
118.83217294227461	236.59963137344585	3111.5584
119.41932969844842	235.67297704455768	3175.9494
120.00000000000001	234.73561031724535	3246.1583
120.573952071433	233.78727388009108	3321.7169
121.14094868327061	232.82771488860465	3401.9209
121.70074712984672	231.85668582953755	3485.8323
122.25309922689084	230.87394545546752	3572.2929
122.79775133105717	229.879259791457	3659.948
123.33444438365854	228.8724032151281	3747.2813
123.86291398096766	227.8531596109341	3832.6575
124.38289047353629	226.82132359874498	3914.3724
124.89409909705513	225.7767018360815	3990.7077
125.39626013732791	224.71911439243897	4059.9885
125.88908913195978	223.64839619311508	4120.6413
126.37229711135494	222.56439852880584	4171.2488
126.84559088158062	221.46699062595428	4210.6018
127.30867335157278	220.35606127143015	4237.7431
127.76124390703504	219.23152048359228	4252.0037
128.20299883320317	218.0933012201501	4253.0279
128.6336317884152	216.94136111151252	4240.7887
129.05283433013093	215.7756842065093	4215.59
129.460296494684	214.59628271552702	4178.0581
129.85570743161875	213.40319873424195	4129.1202
130.23875609296496	212.19650592930864	4069.9738
130.60913197722795	210.9763111656098	4002.0453
130.96652592722884	209.74275605305837	3926.9419
131.31063098021812	208.49601838951028	3846.3968
131.6411432679098	207.2363134751707	3762.2118
131.95776296325596	205.96389527302162	3676.1979
132.26019526990768	204.67905738932384	3590.1175
132.54815144940486	203.38213384823078	3505.6304
132.8213498802206	202.07349963504214	3424.2444
133.07951714187095	200.75357098368477	3347.2747
133.32238911641656	199.4228053856752	3275.8115
133.5497120988417	198.08170130012184	3210.6975
133.76124390703504	196.73079754727542	3152.5176
133.9567549814302	195.3706723717232	3101.5977
134.13602946382477	194.0019421655169	3058.016
134.2988662445046	192.62525984626305	3021.6233
134.44507996657927	191.24131289041563	2992.0723
134.57450197640154	189.8508210275788	2968.8546
134.68698120911597	188.4545336074338	2951.3424
134.78238499876502	187.0532266567986	2938.8348
134.8605998029806	185.64769965015518	2930.604
134.92153183310086	184.2387720225645	2925.9411
134.96510758156856	182.82727945907357	2924.1993
134.99127423966527	181.4140699993285	2924.8311
135.0	180.0	2927.4191
134.99127423966527	178.58593000067157	2931.6988
134.96510758156856	177.1727205409264	2937.572
134.92153183310086	175.76122797743554	2945.1102
134.8605998029806	174.35230034984485	2954.5489
134.78238499876502	172.94677334320141	2966.2715
134.68698120911597	171.54546639256625	2980.7849
134.57450197640154	170.14917897242117	2998.6878
134.44507996657927	168.7586871095844	3020.6322
134.2988662445046	167.37474015373698	3047.2818
134.13602946382477	165.9980578344831	3079.267
133.9567549814302	164.62932762827674	3117.1407
133.76124390703504	163.2692024527246	3161.3358
133.5497120988417	161.9182986998782	3212.1268
133.32238911641656	160.57719461432484	3269.5972
133.07951714187095	159.24642901631526	3333.6146
132.82134988022057	157.92650036495783	3403.8144
132.54815144940488	156.61786615176925	3479.5932
132.26019526990768	155.32094261067618	3560.1129
131.95776296325596	154.03610472697838	3644.3135
131.6411432679098	152.76368652482927	3730.9372
131.31063098021812	151.50398161048975	3818.5603
130.96652592722884	150.25724394694163	3905.6327
130.60913197722795	149.02368883439024	3990.5244
130.23875609296496	147.80349407069139	4071.5743
129.85570743161873	146.596801265758	4147.1431
129.46029649468403	145.403717284473	4215.6649
129.05283433013096	144.22431579349072	4275.6968
128.6336317884152	143.0586388884875	4325.9655
128.20299883320317	141.90669877984988	4365.4063
127.76124390703505	140.76847951640775	4393.1958
127.3086733515728	139.64393872856988	4408.7757
126.84559088158062	138.53300937404575	4411.8663
126.37229711135495	137.4356014711942	4402.4711
125.88908913195978	136.35160380688492	4380.8704
125.39626013732794	135.28088560756106	4347.6062
124.89409909705515	134.22329816391854	4303.4574
124.38289047353632	133.17867640125502	4249.4087
123.86291398096766	132.14684038906586	4186.6122
123.33444438365856	131.12759678487194	4116.346
122.7977513310572	130.120740208543	4039.9699
122.25309922689087	129.12605454453248	3958.8806
121.70074712984675	128.14331417046245	3874.4688
121.14094868327061	127.17228511139534	3788.0803
120.57395207143298	126.21272611990892	3700.9809
120.00000000000001	125.26438968275468	3614.3294
119.41932969844845	124.32702295544235	3529.1567
118.83217294227461	123.40036862655414	3446.3542
118.23875609296496	122.48416571396879	3366.6698
117.63930015381712	121.57815029546921	3290.7127
117.03402083982486	120.68205617643345	3218.9654
116.42312865996352	119.79561549746859	3151.8026
115.8068290103348	118.91855928495542	3089.5158
115.18532227675053	118.05061794753063	3032.3404
114.55880394545002	117.19152172155302	2980.4866
113.92746472075895	116.34100106858591	2934.1685
113.29149064860304	115.49878702788452	2893.6328
112.65106324489344	114.66461152681141	2859.1831
112.00635962789399	113.83820765201867	2831.1992
111.35755265377455	113.01930988413625	2810.1492
110.70481105463546	112.20765429859652	2796.5944
110.04829957836931	111.40297873510644	2791.1852
109.38817912979906	110.60502293815665	2794.648
108.7246069125981	109.81352867082943	2807.7643
108.05773657156229	109.02823980404222	2831.3405
107.38771833485946	108.2489023832344	2866.1719
106.71469915593623	107.47526467438213	2913.0003
106.03882285480876	106.70707719110183	2972.468
105.36023025850909	105.94409270448648	3045.0703
104.67905934049797	105.18606623720254	3131.1082
103.99544535889142	104.43275504326738	3230.6437
103.30952099338151	103.68391857482159	3343.4606
102.62141648076056	102.93931843711185	3469.032
101.93125974898572	102.19871833280676	3606.4972
101.23917654974393	101.4618839966795	3754.6488
100.54529058949956	100.72858312160906	3911.9322
99.84972365902513	99.99858527677442	4076.4577
99.15259576143428	99.27166181884544	4246.0252
98.4540252387499	98.54758579690696	4418.1617
97.75412889705464	97.82613185179234	4590.1706
97.05302213028318	97.10707611044654	4759.1917
96.35081904272556	96.39019607588716	4922.2696
95.64763257032062	95.67527051328666	5076.4289
94.94357460082692	94.96207933265563	5218.7534
94.23875609296496	94.25040346857071	5346.4668
93.53328719463082	93.54002475735638	5457.0114
92.82727736028713	92.83072581210186	5548.1234
92.12083546764086	92.12228989586791	5617.8999
91.41406993372146	91.41450079341756	5664.8575
90.70708883047607	90.70714268178726	5687.9778
90.0	0.0	13946.0908
90.0	1.0	13752.5418
90.0	2.0	13501.2521
90.0	3.0000000000000004	13197.5071
90.0	4.0	12847.4778
90.0	5.0	12458.0409
90.0	6.000000000000001	12036.5812
90.0	7.0	11590.7823
90.0	8.0	11128.4127
90.0	9.0	10657.1166
90.0	10.0	10184.2133
90.0	11.0	9716.5145
90.0	12.0	9260.1632
90.0	13.0	8820.5015
90.0	14.0	8401.9682
90.0	14.999999999999998	8008.0319
90.0	16.0	7641.1579
90.0	17.000000000000004	7302.8117
90.0	18.0	6993.4952
90.0	19.0	6712.8146
90.0	20.0	6459.5762
90.0	21.0	6231.9041
90.0	22.0	6027.3765
90.0	23.0	5843.1727
90.0	24.000000000000004	5676.2258
90.0	25.0	5523.3748
90.0	26.0	5381.51
90.0	26.999999999999996	5247.7054
90.0	28.0	5119.3357
90.0	29.000000000000004	4994.1704
90.0	29.999999999999996	4870.446
90.0	31.0	4746.911
90.0	32.0	4622.8454
90.0	33.0	4498.0537
90.0	34.00000000000001	4372.834
90.0	35.0	4247.9247
90.0	36.0	4124.433
90.0	37.0	4003.7489
90.0	38.0	3887.4493
90.0	39.0	3777.1973
90.0	40.0	3674.6413
90.0	41.0	3581.319
90.0	42.0	3498.5703
90.0	43.0	3427.4634
90.0	44.0	3368.7375
90.0	45.0	3322.763
90.0	46.00000000000001	3289.523
90.0	47.0	3268.6137
90.0	48.00000000000001	3259.2659
90.0	49.00000000000001	3260.3838
90.0	50.0	3270.601
90.0	51.0	3288.3482
90.0	52.0	3311.9319
90.0	53.0	3339.6169
90.0	54.0	3369.7116
90.0	55.0	3400.6496
90.0	56.0	3431.0642
90.0	57.00000000000001	3459.8534
90.0	58.00000000000001	3486.2297
90.0	59.00000000000001	3509.7553
90.0	59.99999999999999	3530.3589
90.0	61.0	3548.3337
90.0	62.0	3564.3176
90.0	63.0	3579.2557
90.0	64.0	3594.347
90.0	65.0	3610.9779
90.0	66.0	3630.6462
90.0	67.0	3654.8777
90.0	68.0	3685.1412
90.0	69.0	3722.7647
90.0	70.0	3768.8564
90.0	71.0	3824.236
90.0	72.0	3889.3769
90.0	73.0	3964.3653
90.0	74.0	4048.8747
90.0	75.0	4142.1598
90.0	76.0	4243.0692
90.0	77.0	4350.076
90.0	78.0	4461.3257
90.0	79.0	4574.699
90.0	80.0	4687.8876
90.0	81.0	4798.4777
90.0	82.0	4904.0404
90.0	83.0	5002.2225
90.0	84.0	5090.8347
90.0	85.0	5167.9346
90.0	86.0	5231.8983
90.0	87.0	5281.4798
90.0	88.0	5315.8544
90.0	89.0	5334.6454
90.0	90.0	5337.9311
90.0	91.0	5326.2344
90.0	92.0	5300.4937
90.0	93.0	5262.0171
90.0	94.0	5212.4224
90.0	95.0	5153.5654
90.0	96.00000000000001	5087.4593
90.0	97.0	5016.1901
90.0	98.0	4941.8303
90.0	99.0	4866.3554
90.0	100.0	4791.568
90.0	101.0	4719.0301
90.0	102.0	4650.0096
90.0	103.0	4585.4408
90.0	104.0	4525.9018
90.0	105.00000000000001	4471.6089
90.0	106.0	4422.4287
90.0	107.0	4377.9061
90.0	108.0	4337.3073
90.0	109.0	4299.6754
90.0	110.0	4263.8955
90.0	111.0	4228.7667
90.0	112.0	4193.0764
90.0	113.0	4155.6744
90.0	114.00000000000001	4115.5421
90.0	115.0	4071.8549
90.0	116.00000000000001	4024.033
90.0	117.0	3971.7798
90.0	118.00000000000001	3915.1053
90.0	119.0	3854.3335
90.0	119.99999999999999	3790.0941
90.0	121.0	3723.2982
90.0	122.0	3655.0997
90.0	123.00000000000001	3586.8454
90.0	124.0	3520.0143
90.0	125.00000000000001	3456.1517
90.0	126.0	3396.799
90.0	127.00000000000001	3343.4261
90.0	128.0	3297.3662
90.0	129.0	3259.7601
90.0	130.0	3231.5106
90.0	131.0	3213.2504
90.0	132.0	3205.3261
90.0	133.0	3207.7987
90.0	134.0	3220.4607
90.0	135.0	3242.8702
90.0	136.0	3274.3999
90.0	137.0	3314.2993
90.0	138.0	3361.7668
90.0	139.0	3416.0283
90.0	140.0	3476.4179
90.0	141.0	3542.458
90.0	142.0	3613.9322
90.0	143.0	3690.9482
90.0	144.0	3773.9867
90.0	145.0	3863.9329
90.0	146.0	3962.0868
90.0	147.0	4070.1523
90.0	148.0	4190.2025
90.0	149.0	4324.6224
90.0	150.0	4476.0296
90.0	151.0	4647.175
90.0	152.0	4840.8274
90.0	153.0	5059.6455
90.0	154.0	5306.0417
90.0	155.0	5582.0443
90.0	156.0	5889.1621
90.0	157.0	6228.2581
90.0	158.0	6599.4384
90.0	159.0	7001.9599
90.0	160.0	7434.1638
90.0	161.0	7893.4359
90.0	162.0	8376.2
90.0	163.0	8877.9427
90.0	164.0	9393.2729
90.0	165.0	9916.0137
90.0	166.0	10439.3252
90.0	167.0	10955.8552
90.0	168.0	11457.9126
90.0	169.0	11937.6597
90.0	170.0	12387.3149
90.0	171.0	12799.3623
90.0	172.0	13166.7574
90.0	173.0	13483.1254
90.0	174.0	13742.943
90.0	175.0	13941.6977
90.0	176.0	14076.0198
90.0	177.0	14143.7811
90.0	178.0	14144.158
90.0	179.0	14077.6551
90.0	180.0	13946.0908
90.0	181.0	13752.5418
90.0	181.99999999999997	13501.2521
90.0	182.99999999999997	13197.5071
90.0	183.99999999999997	12847.4778
90.0	184.99999999999997	12458.0409
90.0	185.99999999999997	12036.5812
90.0	186.99999999999997	11590.7823
90.0	188.0	11128.4127
90.0	188.99999999999997	10657.1166
90.0	190.0	10184.2133
90.0	190.99999999999997	9716.5145
90.0	192.0	9260.1632
90.0	192.99999999999997	8820.5015
90.0	193.99999999999997	8401.9682
90.0	194.99999999999997	8008.0319
90.0	195.99999999999997	7641.1579
90.0	197.0	7302.8117
90.0	197.99999999999997	6993.4952
90.0	199.0	6712.8146
90.0	199.99999999999997	6459.5762
90.0	201.0	6231.9041
90.0	201.99999999999997	6027.3765
90.0	203.0	5843.1727
90.0	203.99999999999997	5676.2258
90.0	204.99999999999997	5523.3748
90.0	206.0	5381.51
90.0	206.99999999999997	5247.7054
90.0	208.0	5119.3357
90.0	208.99999999999997	4994.1704
90.0	210.0	4870.446
90.0	210.99999999999997	4746.911
90.0	212.0	4622.8454
90.0	212.99999999999997	4498.0537
90.0	214.0	4372.834
90.0	215.0	4247.9247
90.0	216.0	4124.433
90.0	217.0	4003.7489
90.0	217.99999999999997	3887.4493
90.0	219.00000000000003	3777.1973
90.0	219.99999999999997	3674.6413
90.0	220.99999999999997	3581.319
90.0	221.99999999999997	3498.5703
90.0	223.0	3427.4634
90.0	224.0	3368.7375
90.0	224.99999999999997	3322.763
90.0	226.0	3289.523
90.0	227.0	3268.6137
90.0	228.0	3259.2659
90.0	229.0	3260.3838
90.0	230.0	3270.601
90.0	230.99999999999997	3288.3482
90.0	232.00000000000003	3311.9319
90.0	233.0	3339.6169
90.0	233.99999999999997	3369.7116
90.0	234.99999999999994	3400.6496
90.0	236.0	3431.0642
90.0	237.0	3459.8534
90.0	238.0	3486.2297
90.0	239.0	3509.7553
90.0	239.99999999999994	3530.3589
90.0	241.0	3548.3337
90.0	242.0	3564.3176
90.0	242.99999999999997	3579.2557
90.0	243.99999999999994	3594.347
90.0	245.0	3610.9779
90.0	246.0	3630.6462
90.0	247.0	3654.8777
90.0	248.0	3685.1412
90.0	248.99999999999997	3722.7647
90.0	250.0	3768.8564
90.0	251.0	3824.236
90.0	252.0	3889.3769
90.0	252.99999999999997	3964.3653
90.0	254.0	4048.8747
90.0	255.0	4142.1598
90.0	256.0	4243.0692
90.0	257.0	4350.076
90.0	258.0	4461.3257
90.0	259.0	4574.699
90.0	260.0	4687.8876
90.0	261.0	4798.4777
90.0	262.0	4904.0404
90.0	263.0	5002.2225
90.0	264.0	5090.8347
90.0	265.0	5167.9346
90.0	266.0	5231.8983
90.0	267.0	5281.4798
90.0	268.0	5315.8544
90.0	269.0	5334.6454
90.0	270.0	5337.9311
90.0	271.0	5326.2344
90.0	272.0	5300.4937
90.0	273.0	5262.0171
90.0	274.0	5212.4224
90.0	275.0	5153.5654
90.0	276.0	5087.4593
90.0	277.0	5016.1901
90.0	278.0	4941.8303
90.0	279.0	4866.3554
90.0	280.0	4791.568
90.0	281.0	4719.0301
90.0	282.0	4650.0096
90.0	283.0	4585.4408
90.0	284.0	4525.9018
90.0	285.0	4471.6089
90.0	286.0	4422.4287
90.0	287.0	4377.9061
90.0	288.0	4337.3073
90.0	289.0	4299.6754
90.0	290.0	4263.8955
90.0	291.0	4228.7667
90.0	292.0	4193.0764
90.0	293.0	4155.6744
90.0	294.0	4115.5421
90.0	295.0	4071.8549
90.0	296.0	4024.033
90.0	297.0	3971.7798
90.0	298.0	3915.1053
90.0	299.0	3854.3335
90.0	300.0	3790.0941
90.0	301.0	3723.2982
90.0	302.0	3655.0997
90.0	303.0	3586.8454
90.0	304.0	3520.0143
90.0	305.0	3456.1517
90.0	306.0	3396.799
90.0	307.0	3343.4261
90.0	308.0	3297.3662
90.0	309.0	3259.7601
90.0	310.0	3231.5106
90.0	311.0	3213.2504
90.0	311.99999999999994	3205.3261
90.0	313.0	3207.7987
90.0	314.0	3220.4607
90.0	315.0	3242.8702
90.0	316.0	3274.3999
90.0	317.0	3314.2993
90.0	318.0	3361.7668
90.0	319.0	3416.0283
90.0	320.0	3476.4179
90.0	321.0	3542.458
90.0	322.0	3613.9322
90.0	323.0	3690.9482
90.0	324.0	3773.9867
90.0	325.0	3863.9329
90.0	326.0	3962.0868
90.0	327.0	4070.1523
90.0	328.0	4190.2025
90.0	329.0	4324.6224
90.0	330.0	4476.0296
90.0	331.0	4647.175
90.0	332.0	4840.8274
90.0	333.0	5059.6455
90.0	334.0	5306.0417
90.0	335.0	5582.0443
90.0	336.0	5889.1621
90.0	337.0	6228.2581
90.0	338.0	6599.4384
90.0	338.99999999999994	7001.9599
90.0	340.0	7434.1638
90.0	341.0	7893.4359
90.0	342.0	8376.2
90.0	343.0	8877.9427
90.0	344.0	9393.2729
90.0	345.0	9916.0137
90.0	346.0	10439.3252
90.0	347.0	10955.8552
90.0	347.99999999999994	11457.9126
90.0	349.0	11937.6597
90.0	350.0	12387.3149
90.0	351.0	12799.3623
90.0	352.0	13166.7574
90.0	353.0	13483.1254
90.0	354.0	13742.943
90.0	355.0	13941.6977
90.0	356.0	14076.0198
90.0	356.99999999999994	14143.7811
90.0	358.0	14144.158
90.0	359.0	14077.6551
90.0	0.0	8771.8722
89.0	0.0	8713.2389
88.0	0.0	8549.0377
87.00000000000001	0.0	8283.98
86.0	0.0	7925.7167
85.0	0.0	7484.5562
84.0	0.0	6973.086
83.0	0.0	6405.7113
82.0	0.0	5798.1315
81.0	0.0	5166.7732
80.0	0.0	4528.2061
79.0	0.0	3898.562
78.00000000000001	0.0	3292.9834
77.0	0.0	2725.1208
76.0	0.0	2206.7003
75.0	0.0	1747.1781
74.0	0.0	1353.4935
73.0	0.0	1029.9297
72.0	0.0	778.0867
71.0	0.0	596.9648
70.0	0.0	483.1531
69.00000000000001	0.0	431.1133
68.0	0.0	433.5446
67.0	0.0	481.8121
66.0	0.0	566.419
65.0	0.0	677.5011
64.0	0.0	805.3207
63.0	0.0	940.738
62.0	0.0	1075.6395
61.0	0.0	1203.304
60.00000000000001	0.0	1318.6904
59.00000000000001	0.0	1418.6362
58.00000000000001	0.0	1501.9563
57.00000000000001	0.0	1569.4419
55.99999999999999	0.0	1623.7567
55.00000000000001	0.0	1669.2395
54.0	0.0	1711.621
53.00000000000001	0.0	1757.6694
52.0	0.0	1814.781
51.00000000000001	0.0	1890.537
50.00000000000001	0.0	1992.2451
49.00000000000001	0.0	2126.4897
48.0	0.0	2298.7102
47.0	0.0	2512.8294
46.00000000000001	0.0	2770.9482
45.0	0.0	3073.1217
44.0	0.0	3417.2292
43.0	0.0	3798.9437
42.0	0.0	4211.8041
41.0	0.0	4647.3882
40.00000000000001	0.0	5095.5803
39.0	0.0	5544.9209
37.99999999999999	0.0	5983.0273
37.0	0.0	6397.0632
36.0	0.0	6774.2408
35.0	0.0	7102.3324
34.0	0.0	7370.1683
33.0	0.0	7568.1019
31.99999999999999	0.0	7688.4188
31.0	0.0	7725.6742
30.000000000000004	0.0	7676.9419
29.00000000000001	0.0	7541.9649
28.000000000000007	0.0	7323.1992
27.00000000000001	0.0	7025.7497
25.999999999999996	0.0	6657.1992
25.000000000000004	0.0	6227.3379
24.000000000000004	0.0	5747.8044
22.999999999999993	0.0	5231.6525
21.999999999999996	0.0	4692.8622
21.0	0.0	4145.8161
20.00000000000001	0.0	3604.7617
19.000000000000014	0.0	3083.2831
18.00000000000001	0.0	2593.8044
17.000000000000007	0.0	2147.1447
15.999999999999995	0.0	1752.1443
14.999999999999996	0.0	1415.3769
14.0	0.0	1140.9593
12.999999999999996	0.0	930.467
12.000000000000018	0.0	782.9578
10.999999999999993	0.0	695.1018
10.000000000000012	0.0	661.4119
8.999999999999984	0.0	674.5638
7.999999999999981	0.0	725.7904
7.000000000000025	0.0	805.3336
6.000000000000026	0.0	902.9338
4.999999999999992	0.0	1008.3336
4.000000000000042	0.0	1111.7745
3.0000000000000444	0.0	1204.4656
1.9999999999999472	0.0	1279.0006
0.9999999999999002	0.0	1329.7085
0.0	0.0	1352.9193
0.9999999999999002	180.0	1347.1351
1.9999999999999472	180.0	1313.098
3.0000000000000444	180.0	1253.7527
4.000000000000042	180.0	1174.1045
4.999999999999992	180.0	1080.9806
6.000000000000026	180.0	982.7031
6.9999999999999725	180.0	888.6903
7.999999999999981	180.0	809.0031
8.999999999999984	180.0	753.8556
10.000000000000012	180.0	733.1143
10.999999999999993	180.0	755.8044
11.999999999999988	180.0	829.6491
12.999999999999996	180.0	960.6591
14.0	180.0	1152.7932
14.999999999999996	180.0	1407.7032
15.999999999999995	180.0	1724.577
16.99999999999999	180.0	2100.0851
17.999999999999986	180.0	2528.4352
18.999999999999996	180.0	3001.5323
19.999999999999993	180.0	3509.2378
21.0	180.0	4039.7176
21.999999999999996	180.0	4579.8647
23.00000000000001	180.0	5115.7776
24.000000000000004	180.0	5633.2763
24.99999999999999	180.0	6118.4317
26.000000000000007	180.0	6558.0887
26.999999999999996	180.0	6940.359
28.000000000000007	180.0	7255.0639
28.999999999999996	180.0	7494.1091
29.999999999999993	180.0	7651.7738
31.0	180.0	7724.9059
31.99999999999999	180.0	7713.0114
33.0	180.0	7618.2389
34.0	180.0	7445.257
35.000000000000014	180.0	7201.0336
36.0	180.0	6894.5248
37.000000000000014	180.0	6536.2895
37.99999999999999	180.0	6138.0455
38.99999999999999	180.0	5712.1873
40.00000000000001	180.0	5271.2861
40.999999999999986	180.0	4827.5957
42.0	180.0	4392.5822
43.0	180.0	3976.5022
44.00000000000001	180.0	3588.0425
45.0	180.0	3234.0407
46.000000000000014	180.0	2919.2953
47.0	180.0	2646.4732
47.999999999999986	180.0	2416.1182
49.00000000000001	180.0	2226.7582
49.99999999999999	180.0	2075.1045
51.00000000000001	180.0	1956.3342
51.99999999999999	180.0	1864.4405
53.000000000000014	180.0	1792.6341
53.99999999999999	180.0	1733.7773
55.000000000000014	180.0	1680.8287
55.99999999999999	180.0	1627.2775
56.999999999999986	180.0	1567.5481
58.00000000000001	180.0	1497.3531
58.99999999999999	180.0	1413.9796
60.00000000000001	180.0	1316.4941
61.0	180.0	1205.8553
62.000000000000014	180.0	1084.9289
63.0	180.0	958.4031
64.00000000000001	180.0	832.6064
65.0	180.0	715.237
65.99999999999999	180.0	615.0133
67.0	180.0	541.2615
68.0	180.0	503.4588
69.00000000000001	180.0	510.7519
70.0	180.0	571.4729
71.00000000000001	180.0	692.6747
72.0	180.0	879.7069
73.00000000000001	180.0	1135.8529
74.0	180.0	1462.0454
74.99999999999999	180.0	1856.6739
76.0	180.0	2315.4958
77.0	180.0	2831.6561
78.00000000000001	180.0	3395.8182
79.0	180.0	3996.4007
80.00000000000001	180.0	4619.9141
81.0	180.0	5251.3839
82.00000000000001	180.0	5874.8445
83.0	180.0	6473.8838
83.99999999999999	180.0	7032.2181
85.0	180.0	7534.2728
86.0	180.0	7965.7472
87.00000000000001	180.0	8314.1378
88.0	180.0	8569.2015
89.00000000000001	180.0	8723.3373
90.0	180.0	8771.8722
91.00000000000001	180.0	8713.2389
92.0	180.0	8549.0377
92.99999999999999	180.0	8283.98
94.0	180.0	7925.7167
95.0	180.0	7484.5562
96.00000000000001	180.0	6973.086
97.0	180.0	6405.7113
98.00000000000001	180.0	5798.1315
99.0	180.0	5166.7732
100.00000000000001	180.0	4528.2061
101.0	180.0	3898.562
102.00000000000001	180.0	3292.9834
103.0	180.0	2725.1208
104.0	180.0	2206.7003
105.00000000000001	180.0	1747.1781
106.0	180.0	1353.4935
107.00000000000001	180.0	1029.9297
108.0	180.0	778.0867
109.00000000000001	180.0	596.9648
110.0	180.0	483.1531
111.00000000000001	180.0	431.1133
112.0	180.0	433.5446
113.0	180.0	481.8121
114.00000000000001	180.0	566.419
115.0	180.0	677.5011
116.00000000000001	180.0	805.3207
117.0	180.0	940.738
118.00000000000001	180.0	1075.6395
119.0	180.0	1203.304
120.00000000000001	180.0	1318.6904
121.0	180.0	1418.6362
122.0	180.0	1501.9563
123.00000000000001	180.0	1569.4419
124.0	180.0	1623.7567
125.00000000000001	180.0	1669.2395
126.0	180.0	1711.621
127.00000000000001	180.0	1757.6694
128.0	180.0	1814.781
129.00000000000003	180.0	1890.537
130.0	180.0	1992.2451
131.0	180.0	2126.4897
132.0	180.0	2298.7102
133.0	180.0	2512.8294
134.0	180.0	2770.9482
135.0	180.0	3073.1217
136.0	180.0	3417.2292
137.0	180.0	3798.9437
138.00000000000003	180.0	4211.8041
139.0	180.0	4647.3882
140.0	180.0	5095.5803
140.99999999999997	180.0	5544.9209
142.00000000000003	180.0	5983.0273
143.0	180.0	6397.0632
144.0	180.0	6774.2408
145.0	180.0	7102.3324
146.00000000000003	180.0	7370.1683
147.00000000000003	180.0	7568.1019
148.0	180.0	7688.4188
149.0	180.0	7725.6742
149.99999999999997	180.0	7676.9419
151.00000000000003	180.0	7541.9649
152.0	180.0	7323.1992
153.0	180.0	7025.7497
154.0	180.0	6657.1992
155.00000000000003	180.0	6227.3379
156.00000000000003	180.0	5747.8044
157.0	180.0	5231.6525
158.0	180.0	4692.8622
158.99999999999997	180.0	4145.8161
160.00000000000003	180.0	3604.7617
161.0	180.0	3083.2831
162.0	180.0	2593.8044
163.0	180.0	2147.1447
164.00000000000003	180.0	1752.1443
165.00000000000003	180.0	1415.3769
166.0	180.0	1140.9593
167.0	180.0	930.467
167.99999999999997	180.0	782.9578
169.00000000000003	180.0	695.1018
169.99999999999997	180.0	661.4119
170.99999999999997	180.0	674.5638
172.0	180.0	725.7904
173.00000000000003	180.0	805.3336
174.00000000000003	180.0	902.9338
175.0	180.0	1008.3336
175.99999999999997	180.0	1111.7745
176.99999999999994	180.0	1204.4656
178.00000000000006	180.0	1279.0006
179.0000000000001	180.0	1329.7085
180.0	180.0	1352.9193
179.0000000000001	0.0	1347.1351
178.00000000000006	0.0	1313.098
176.99999999999994	0.0	1253.7527
176.00000000000006	0.0	1174.1045
175.0	0.0	1080.9806
174.00000000000003	0.0	982.7031
172.99999999999997	0.0	888.6903
172.0	0.0	809.0031
171.00000000000003	0.0	753.8556
170.00000000000003	0.0	733.1143
168.99999999999997	0.0	755.8044
167.99999999999997	0.0	829.6491
167.00000000000003	0.0	960.6591
166.00000000000003	0.0	1152.7932
165.00000000000003	0.0	1407.7032
163.99999999999997	0.0	1724.577
163.0	0.0	2100.0851
162.00000000000003	0.0	2528.4352
161.00000000000003	0.0	3001.5323
160.0	0.0	3509.2378
159.0	0.0	4039.7176
158.00000000000003	0.0	4579.8647
157.00000000000003	0.0	5115.7776
156.00000000000003	0.0	5633.2763
154.99999999999997	0.0	6118.4317
154.0	0.0	6558.0887
153.00000000000003	0.0	6940.359
152.0	0.0	7255.0639
150.99999999999997	0.0	7494.1091
150.0	0.0	7651.7738
149.0	0.0	7724.9059
148.0	0.0	7713.0114
147.00000000000003	0.0	7618.2389
146.0	0.0	7445.257
145.0	0.0	7201.0336
144.00000000000003	0.0	6894.5248
143.0	0.0	6536.2895
142.0	0.0	6138.0455
140.99999999999997	0.0	5712.1873
140.00000000000003	0.0	5271.2861
139.00000000000003	0.0	4827.5957
138.00000000000003	0.0	4392.5822
137.0	0.0	3976.5022
136.0	0.0	3588.0425
135.00000000000003	0.0	3234.0407
134.00000000000003	0.0	2919.2953
132.99999999999997	0.0	2646.4732
131.99999999999997	0.0	2416.1182
131.00000000000003	0.0	2226.7582
130.00000000000003	0.0	2075.1045
129.00000000000003	0.0	1956.3342
128.0	0.0	1864.4405
126.99999999999999	0.0	1792.6341
126.00000000000003	0.0	1733.7773
125.00000000000004	0.0	1680.8287
123.99999999999997	0.0	1627.2775
122.99999999999999	0.0	1567.5481
122.0	0.0	1497.3531
121.0	0.0	1413.9796
120.00000000000001	0.0	1316.4941
119.0	0.0	1205.8553
118.00000000000001	0.0	1084.9289
117.00000000000003	0.0	958.4031
116.00000000000004	0.0	832.6064
115.0	0.0	715.237
114.00000000000001	0.0	615.0133
113.00000000000001	0.0	541.2615
112.00000000000003	0.0	503.4588
111.00000000000004	0.0	510.7519
110.0	0.0	571.4729
109.00000000000001	0.0	692.6747
108.00000000000003	0.0	879.7069
107.00000000000004	0.0	1135.8529
106.0	0.0	1462.0454
105.0	0.0	1856.6739
104.00000000000001	0.0	2315.4958
103.00000000000001	0.0	2831.6561
102.00000000000003	0.0	3395.8182
100.99999999999999	0.0	3996.4007
100.0	0.0	4619.9141
99.00000000000001	0.0	5251.3839
98.00000000000003	0.0	5874.8445
96.99999999999999	0.0	6473.8838
96.0	0.0	7032.2181
95.0	0.0	7534.2728
94.00000000000001	0.0	7965.7472
93.00000000000003	0.0	8314.1378
91.99999999999999	0.0	8569.2015
91.0	0.0	8723.3373
90.0	90.0	5178.0535
89.0	90.0	5178.6656
88.0	90.0	5162.7858
87.00000000000001	90.0	5130.7997
86.0	90.0	5083.3599
85.0	90.0	5021.3735
84.0	90.0	4945.9848
83.0	90.0	4858.5533
82.0	90.0	4760.6267
81.0	90.0	4653.9106
80.0	90.0	4540.2345
79.0	90.0	4421.5154
78.00000000000001	90.0	4299.7188
77.0	90.0	4176.8198
76.0	90.0	4054.763
75.0	90.0	3935.4228
74.0	90.0	3820.5663
73.0	90.0	3711.8177
72.0	90.0	3610.6254
71.0	90.0	3518.2344
70.0	90.0	3435.6617
69.00000000000001	90.0	3363.6777
68.0	90.0	3302.793
67.0	90.0	3253.2509
66.0	90.0	3215.026
65.0	90.0	3187.829
64.0	90.0	3171.1174
63.0	90.0	3164.1119
62.0	90.0	3165.8183
61.0	90.0	3175.0537
60.00000000000001	90.0	3190.477
59.00000000000001	90.0	3210.6233
58.00000000000001	90.0	3233.9397
57.00000000000001	90.0	3258.8234
55.99999999999999	90.0	3283.6602
55.00000000000001	90.0	3306.8624
54.0	90.0	3326.9058
53.00000000000001	90.0	3342.364
52.0	90.0	3351.9397
51.00000000000001	90.0	3354.4926
50.00000000000001	90.0	3349.0621
49.00000000000001	90.0	3334.8856
48.0	90.0	3311.4114
47.0	90.0	3278.3055
46.00000000000001	90.0	3235.4534
45.0	90.0	3182.9564
44.0	90.0	3121.122
43.0	90.0	3050.4503
42.0	90.0	2971.6153
41.0	90.0	2885.4432
40.00000000000001	90.0	2792.8874
39.0	90.0	2695.0012
37.99999999999999	90.0	2592.9093
37.0	90.0	2487.7792
36.0	90.0	2380.792
35.0	90.0	2273.1153
34.0	90.0	2165.8772
33.0	90.0	2060.1432
31.99999999999999	90.0	1956.8958
31.0	90.0	1857.0177
30.000000000000004	90.0	1761.2788
29.00000000000001	90.0	1670.3265
28.000000000000007	90.0	1584.6811
27.00000000000001	90.0	1504.7334
25.999999999999996	90.0	1430.7474
25.000000000000004	90.0	1362.8654
24.000000000000004	90.0	1301.116
22.999999999999993	90.0	1245.4254
21.999999999999996	90.0	1195.629
21.0	90.0	1151.4862
20.00000000000001	90.0	1112.694
19.000000000000014	90.0	1078.9026
18.00000000000001	90.0	1049.7295
17.000000000000007	90.0	1024.7731
15.999999999999995	90.0	1003.6258
14.999999999999996	90.0	985.8842
14.0	90.0	971.1592
12.999999999999996	90.0	959.083
12.000000000000018	90.0	949.3151
10.999999999999993	90.0	941.5454
10.000000000000012	90.0	935.4968
8.999999999999984	90.0	930.9252
7.999999999999981	90.0	927.6189
7.000000000000025	90.0	925.3963
6.000000000000026	90.0	924.1038
4.999999999999992	90.0	923.6126
4.000000000000042	90.0	923.8156
3.0000000000000444	90.0	924.625
1.9999999999999472	90.0	925.9699
0.9999999999999002	90.0	927.7949
0.0	90.0	930.0593
0.9999999999999002	270.0	932.7375
1.9999999999999472	270.0	935.8203
3.0000000000000444	270.0	939.3169
4.000000000000042	270.0	943.2578
4.999999999999992	270.0	947.698
6.000000000000026	270.0	952.7207
6.9999999999999725	270.0	958.4408
7.999999999999981	270.0	965.0083
8.999999999999984	270.0	972.6106
10.000000000000012	270.0	981.4744
10.999999999999993	270.0	991.8657
11.999999999999988	270.0	1004.0889
12.999999999999996	270.0	1018.4836
14.0	270.0	1035.4198
14.999999999999996	270.0	1055.2913
15.999999999999995	270.0	1078.5071
16.99999999999999	270.0	1105.4808
17.999999999999986	270.0	1136.619
18.999999999999996	270.0	1172.3079
19.999999999999993	270.0	1212.8991
21.0	270.0	1258.6953
21.999999999999996	270.0	1309.9351
23.00000000000001	270.0	1366.7795
24.000000000000004	270.0	1429.2984
24.99999999999999	270.0	1497.4589
26.000000000000007	270.0	1571.116
26.999999999999996	270.0	1650.0056
28.000000000000007	270.0	1733.74
28.999999999999996	270.0	1821.8073
29.999999999999993	270.0	1913.5735
31.0	270.0	2008.2892
31.99999999999999	270.0	2105.0987
33.0	270.0	2203.0536
34.0	270.0	2301.1289
35.000000000000014	270.0	2398.2431
36.0	270.0	2493.2799
37.000000000000014	270.0	2585.1122
37.99999999999999	270.0	2672.6283
38.99999999999999	270.0	2754.7577
40.00000000000001	270.0	2830.4982
40.999999999999986	270.0	2898.9416
42.0	270.0	2959.2989
43.0	270.0	3010.9221
44.00000000000001	270.0	3053.3255
45.0	270.0	3086.2014
46.000000000000014	270.0	3109.434
47.0	270.0	3123.1079
47.999999999999986	270.0	3127.5126
49.00000000000001	270.0	3123.1421
49.99999999999999	270.0	3110.69
51.00000000000001	270.0	3091.0393
51.99999999999999	270.0	3065.2483
53.000000000000014	270.0	3034.5312
53.99999999999999	270.0	3000.2362
55.000000000000014	270.0	2963.8187
55.99999999999999	270.0	2926.8121
56.999999999999986	270.0	2890.797
58.00000000000001	270.0	2857.3682
58.99999999999999	270.0	2828.1004
60.00000000000001	270.0	2804.5152
61.0	270.0	2788.0475
62.000000000000014	270.0	2780.0141
63.0	270.0	2781.5837
64.00000000000001	270.0	2793.7506
65.0	270.0	2817.3106
65.99999999999999	270.0	2852.8418
67.0	270.0	2900.6888
68.0	270.0	2960.9522
69.00000000000001	270.0	3033.4827
70.0	270.0	3117.8796
71.00000000000001	270.0	3213.4953
72.0	270.0	3319.4442
73.00000000000001	270.0	3434.6161
74.0	270.0	3557.6949
74.99999999999999	270.0	3687.1805
76.0	270.0	3821.4156
77.0	270.0	3958.6145
78.00000000000001	270.0	4096.8957
79.0	270.0	4234.3159
80.00000000000001	270.0	4368.9057
81.0	270.0	4498.706
82.00000000000001	270.0	4621.8047
83.0	270.0	4736.3725
83.99999999999999	270.0	4840.6972
85.0	270.0	4933.2168
86.0	270.0	5012.5494
87.00000000000001	270.0	5077.5194
88.0	270.0	5127.1813
89.00000000000001	270.0	5160.8376
90.0	270.0	5178.0535
91.00000000000001	270.0	5178.6656
92.0	270.0	5162.7858
92.99999999999999	270.0	5130.7997
94.0	270.0	5083.3599
95.0	270.0	5021.3735
96.00000000000001	270.0	4945.9848
97.0	270.0	4858.5533
98.00000000000001	270.0	4760.6267
99.0	270.0	4653.9106
100.00000000000001	270.0	4540.2345
101.0	270.0	4421.5154
102.00000000000001	270.0	4299.7188
103.0	270.0	4176.8198
104.0	270.0	4054.763
105.00000000000001	270.0	3935.4228
106.0	270.0	3820.5663
107.00000000000001	270.0	3711.8177
108.0	270.0	3610.6254
109.00000000000001	270.0	3518.2344
110.0	270.0	3435.6617
111.00000000000001	270.0	3363.6777
112.0	270.0	3302.793
113.0	270.0	3253.2509
114.00000000000001	270.0	3215.026
115.0	270.0	3187.829
116.00000000000001	270.0	3171.1174
117.0	270.0	3164.1119
118.00000000000001	270.0	3165.8183
119.0	270.0	3175.0537
120.00000000000001	270.0	3190.477
121.0	270.0	3210.6233
122.0	270.0	3233.9397
123.00000000000001	270.0	3258.8234
124.0	270.0	3283.6602
125.00000000000001	270.0	3306.8624
126.0	270.0	3326.9058
127.00000000000001	270.0	3342.364
128.0	270.0	3351.9397
129.00000000000003	270.0	3354.4926
130.0	270.0	3349.0621
131.0	270.0	3334.8856
132.0	270.0	3311.4114
133.0	270.0	3278.3055
134.0	270.0	3235.4534
135.0	270.0	3182.9564
136.0	270.0	3121.122
137.0	270.0	3050.4503
138.00000000000003	270.0	2971.6153
139.0	270.0	2885.4432
140.0	270.0	2792.8874
140.99999999999997	270.0	2695.0012
142.00000000000003	270.0	2592.9093
143.0	270.0	2487.7792
144.0	270.0	2380.792
145.0	270.0	2273.1153
146.00000000000003	270.0	2165.8772
147.00000000000003	270.0	2060.1432
148.0	270.0	1956.8958
149.0	270.0	1857.0177
149.99999999999997	270.0	1761.2788
151.00000000000003	270.0	1670.3265
152.0	270.0	1584.6811
153.0	270.0	1504.7334
154.0	270.0	1430.7474
155.00000000000003	270.0	1362.8654
156.00000000000003	270.0	1301.116
157.0	270.0	1245.4254
158.0	270.0	1195.629
158.99999999999997	270.0	1151.4862
160.00000000000003	270.0	1112.694
161.0	270.0	1078.9026
162.0	270.0	1049.7295
163.0	270.0	1024.7731
164.00000000000003	270.0	1003.6258
165.00000000000003	270.0	985.8842
166.0	270.0	971.1592
167.0	270.0	959.083
167.99999999999997	270.0	949.3151
169.00000000000003	270.0	941.5454
169.99999999999997	270.0	935.4968
170.99999999999997	270.0	930.9252
172.0	270.0	927.6189
173.00000000000003	270.0	925.3963
174.00000000000003	270.0	924.1038
175.0	270.0	923.6126
175.99999999999997	270.0	923.8156
176.99999999999994	270.0	924.625
178.00000000000006	270.0	925.9699
179.0000000000001	270.0	927.7949
180.0	270.0	930.0593
179.0000000000001	90.0	932.7375
178.00000000000006	90.0	935.8203
176.99999999999994	90.0	939.3169
176.00000000000006	90.0	943.2578
175.0	90.0	947.698
174.00000000000003	90.0	952.7207
172.99999999999997	90.0	958.4408
172.0	90.0	965.0083
171.00000000000003	90.0	972.6106
170.00000000000003	90.0	981.4744
168.99999999999997	90.0	991.8657
167.99999999999997	90.0	1004.0889
167.00000000000003	90.0	1018.4836
166.00000000000003	90.0	1035.4198
165.00000000000003	90.0	1055.2913
163.99999999999997	90.0	1078.5071
163.0	90.0	1105.4808
162.00000000000003	90.0	1136.619
161.00000000000003	90.0	1172.3079
160.0	90.0	1212.8991
159.0	90.0	1258.6953
158.00000000000003	90.0	1309.9351
157.00000000000003	90.0	1366.7795
156.00000000000003	90.0	1429.2984
154.99999999999997	90.0	1497.4589
154.0	90.0	1571.116
153.00000000000003	90.0	1650.0056
152.0	90.0	1733.74
150.99999999999997	90.0	1821.8073
150.0	90.0	1913.5735
149.0	90.0	2008.2892
148.0	90.0	2105.0987
147.00000000000003	90.0	2203.0536
146.0	90.0	2301.1289
145.0	90.0	2398.2431
144.00000000000003	90.0	2493.2799
143.0	90.0	2585.1122
142.0	90.0	2672.6283
140.99999999999997	90.0	2754.7577
140.00000000000003	90.0	2830.4982
139.00000000000003	90.0	2898.9416
138.00000000000003	90.0	2959.2989
137.0	90.0	3010.9221
136.0	90.0	3053.3255
135.00000000000003	90.0	3086.2014
134.00000000000003	90.0	3109.434
132.99999999999997	90.0	3123.1079
131.99999999999997	90.0	3127.5126
131.00000000000003	90.0	3123.1421
130.00000000000003	90.0	3110.69
129.00000000000003	90.0	3091.0393
128.0	90.0	3065.2483
126.99999999999999	90.0	3034.5312
126.00000000000003	90.0	3000.2362
125.00000000000004	90.0	2963.8187
123.99999999999997	90.0	2926.8121
122.99999999999999	90.0	2890.797
122.0	90.0	2857.3682
121.0	90.0	2828.1004
120.00000000000001	90.0	2804.5152
119.0	90.0	2788.0475
118.00000000000001	90.0	2780.0141
117.00000000000003	90.0	2781.5837
116.00000000000004	90.0	2793.7506
115.0	90.0	2817.3106
114.00000000000001	90.0	2852.8418
113.00000000000001	90.0	2900.6888
112.00000000000003	90.0	2960.9522
111.00000000000004	90.0	3033.4827
110.0	90.0	3117.8796
109.00000000000001	90.0	3213.4953
108.00000000000003	90.0	3319.4442
107.00000000000004	90.0	3434.6161
106.0	90.0	3557.6949
105.0	90.0	3687.1805
104.00000000000001	90.0	3821.4156
103.00000000000001	90.0	3958.6145
102.00000000000003	90.0	4096.8957
100.99999999999999	90.0	4234.3159
100.0	90.0	4368.9057
99.00000000000001	90.0	4498.706
98.00000000000003	90.0	4621.8047
96.99999999999999	90.0	4736.3725
96.0	90.0	4840.6972
95.0	90.0	4933.2168
94.00000000000001	90.0	5012.5494
93.00000000000003	90.0	5077.5194
91.99999999999999	90.0	5127.1813
91.0	90.0	5160.8376
