Polar Angle 	 Azimuth Angle 	 Intensity 
90.0	45.0	23020.4325
89.0	45.0	22943.0196
88.0	45.0	22874.1077
87.00000000000001	45.0	22813.9175
86.0	45.0	22761.4106
85.0	45.0	22714.3892
84.0	45.0	22669.6608
83.0	45.0	22623.2621
82.0	45.0	22570.7293
81.0	45.0	22507.4066
80.0	45.0	22428.7758
79.0	45.0	22330.7943
78.00000000000001	45.0	22210.2255
77.0	45.0	22064.9469
76.0	45.0	21894.2205
75.0	45.0	21698.9146
74.0	45.0	21481.6624
73.0	45.0	21246.9523
72.0	45.0	21001.1402
71.0	45.0	20752.3831
70.0	45.0	20510.4916
69.00000000000001	45.0	20286.7067
68.0	45.0	20093.4038
67.0	45.0	19943.736
66.0	45.0	19851.225
65.0	45.0	19829.3159
64.0	45.0	19890.9088
63.0	45.0	20047.8848
62.0	45.0	20310.6422
61.0	45.0	20687.6608
60.00000000000001	45.0	21185.1088
59.00000000000001	45.0	21806.5075
58.00000000000001	45.0	22552.4668
57.00000000000001	45.0	23420.5018
55.99999999999999	45.0	24404.9374
55.00000000000001	45.0	25496.9073
54.0	45.0	26684.4479
53.00000000000001	45.0	27952.6857
52.0	45.0	29284.1142
51.00000000000001	45.0	30658.9521
50.00000000000001	45.0	32055.5727
49.00000000000001	45.0	33450.9918
48.0	45.0	34821.4003
47.0	45.0	36142.7246
46.00000000000001	45.0	37391.1993
45.0	45.0	38543.9344
44.0	45.0	39579.4605
43.0	45.0	40478.2377
42.0	45.0	41223.1113
41.0	45.0	41799.7042
40.00000000000001	45.0	42196.7343
39.0	45.0	42406.2494
37.99999999999999	45.0	42423.7743
37.0	45.0	42248.3678
36.0	45.0	41882.5899
35.0	45.0	41332.3823
34.0	45.0	40606.8678
33.0	45.0	39718.0758
31.99999999999999	45.0	38680.605
31.0	45.0	37511.2331
30.000000000000004	45.0	36228.4866
29.00000000000001	45.0	34852.1842
28.000000000000007	45.0	33402.9662
27.00000000000001	45.0	31901.8241
25.999999999999996	45.0	30369.6423
25.000000000000004	45.0	28826.7636
24.000000000000004	45.0	27292.5894
22.999999999999993	45.0	25785.2236
21.999999999999996	45.0	24321.1661
21.0	45.0	22915.063
20.00000000000001	45.0	21579.516
19.000000000000014	45.0	20324.9531
18.00000000000001	45.0	19159.56
17.000000000000007	45.0	18089.2711
15.999999999999995	45.0	17117.8159
14.999999999999996	45.0	16246.8176
14.0	45.0	15475.9368
12.999999999999996	45.0	14803.0547
12.000000000000018	45.0	14224.4887
10.999999999999993	45.0	13735.2336
10.000000000000012	45.0	13329.2191
8.999999999999984	45.0	12999.5789
7.999999999999981	45.0	12738.9224
7.000000000000025	45.0	12539.6035
6.000000000000026	45.0	12393.9792
4.999999999999992	45.0	12294.654
4.000000000000042	45.0	12234.7046
3.0000000000000444	45.0	12207.8807
1.9999999999999472	45.0	12208.778
0.9999999999999002	45.0	12232.9826
0.0	45.0	12277.1825
0.9999999999999002	225.0	12339.2455
1.9999999999999472	225.0	12418.2633
3.0000000000000444	225.0	12514.561
4.000000000000042	225.0	12629.6711
4.999999999999992	225.0	12766.2744
6.000000000000026	225.0	12928.1082
6.9999999999999725	225.0	13119.8423
7.999999999999981	225.0	13346.9274
8.999999999999984	225.0	13615.4155
10.000000000000012	225.0	13931.7582
10.999999999999993	225.0	14302.5851
11.999999999999988	225.0	14734.4661
12.999999999999996	225.0	15233.6642
14.0	225.0	15805.8825
14.999999999999996	225.0	16456.0112
15.999999999999995	225.0	17187.8827
16.99999999999999	225.0	18004.038
17.999999999999986	225.0	18905.5147
18.999999999999996	225.0	19891.6598
19.999999999999993	225.0	20959.9767
21.0	225.0	22106.0105
21.999999999999996	225.0	23323.2781
23.00000000000001	225.0	24603.2474
24.000000000000004	225.0	25935.3697
24.99999999999999	225.0	27307.1678
26.000000000000007	225.0	28704.3798
26.999999999999996	225.0	30111.16
28.000000000000007	225.0	31510.3331
28.999999999999996	225.0	32883.699
29.999999999999993	225.0	34212.3812
31.0	225.0	35477.2142
31.99999999999999	225.0	36659.1576
33.0	225.0	37739.7298
34.0	225.0	38701.4484
35.000000000000014	225.0	39528.2665
36.0	225.0	40205.9902
37.000000000000014	225.0	40722.6682
37.99999999999999	225.0	41068.9376
38.99999999999999	225.0	41238.3169
40.00000000000001	225.0	41227.4354
40.999999999999986	225.0	41036.1896
42.0	225.0	40667.8197
43.0	225.0	40128.9031
44.00000000000001	225.0	39429.2606
45.0	225.0	38581.7774
46.000000000000014	225.0	37602.1406
47.0	225.0	36508.5003
47.999999999999986	225.0	35321.0619
49.00000000000001	225.0	34061.6193
49.99999999999999	225.0	32753.044
51.00000000000001	225.0	31418.7421
51.99999999999999	225.0	30082.0958
53.000000000000014	225.0	28765.9056
53.99999999999999	225.0	27491.8501
55.000000000000014	225.0	26279.9783
55.99999999999999	225.0	25148.2507
56.999999999999986	225.0	24112.1429
58.00000000000001	225.0	23184.3224
58.99999999999999	225.0	22374.41
60.00000000000001	225.0	21688.8305
61.0	225.0	21130.7584
62.000000000000014	225.0	20700.1577
63.0	225.0	20393.9148
64.00000000000001	225.0	20206.0585
65.0	225.0	20128.0578
65.99999999999999	225.0	20149.1885
67.0	225.0	20256.9536
68.0	225.0	20437.5436
69.00000000000001	225.0	20676.3203
70.0	225.0	20958.3074
71.00000000000001	225.0	21268.6708
72.0	225.0	21593.1735
73.00000000000001	225.0	21918.5881
74.0	225.0	22233.056
74.99999999999999	225.0	22526.3805
76.0	225.0	22790.2455
77.0	225.0	23018.3555
78.00000000000001	225.0	23206.492
79.0	225.0	23352.4896
80.00000000000001	225.0	23456.1334
81.0	225.0	23518.9852
82.00000000000001	225.0	23544.1479
83.0	225.0	23535.9795
83.99999999999999	225.0	23499.7697
85.0	225.0	23441.3941
86.0	225.0	23366.9615
87.00000000000001	225.0	23282.4687
88.0	225.0	23193.4792
89.00000000000001	225.0	23104.8375
90.0	225.0	23020.4325
91.00000000000001	225.0	22943.0196
92.0	225.0	22874.1077
92.99999999999999	225.0	22813.9175
94.0	225.0	22761.4106
95.0	225.0	22714.3892
96.00000000000001	225.0	22669.6608
97.0	225.0	22623.2621
98.00000000000001	225.0	22570.7293
99.0	225.0	22507.4066
100.00000000000001	225.0	22428.7758
101.0	225.0	22330.7943
102.00000000000001	225.0	22210.2255
103.0	225.0	22064.9469
104.0	225.0	21894.2205
105.00000000000001	225.0	21698.9146
106.0	225.0	21481.6624
107.00000000000001	225.0	21246.9523
108.0	225.0	21001.1402
109.00000000000001	225.0	20752.3831
110.0	225.0	20510.4916
111.00000000000001	225.0	20286.7067
112.0	225.0	20093.4038
113.0	225.0	19943.736
114.00000000000001	225.0	19851.225
115.0	225.0	19829.3159
116.00000000000001	225.0	19890.9088
117.0	225.0	20047.8848
118.00000000000001	225.0	20310.6422
119.0	225.0	20687.6608
120.00000000000001	225.0	21185.1088
121.0	225.0	21806.5075
122.0	225.0	22552.4668
123.00000000000001	225.0	23420.5018
124.0	225.0	24404.9374
125.00000000000001	225.0	25496.9073
126.0	225.0	26684.4479
127.00000000000001	225.0	27952.6857
128.0	225.0	29284.1142
129.00000000000003	225.0	30658.9521
130.0	225.0	32055.5727
131.0	225.0	33450.9918
132.0	225.0	34821.4003
133.0	225.0	36142.7246
134.0	225.0	37391.1993
135.0	225.0	38543.9344
136.0	225.0	39579.4605
137.0	225.0	40478.2377
138.00000000000003	225.0	41223.1113
139.0	225.0	41799.7042
140.0	225.0	42196.7343
140.99999999999997	225.0	42406.2494
142.00000000000003	225.0	42423.7743
143.0	225.0	42248.3678
144.0	225.0	41882.5899
145.0	225.0	41332.3823
146.00000000000003	225.0	40606.8678
147.00000000000003	225.0	39718.0758
148.0	225.0	38680.605
149.0	225.0	37511.2331
149.99999999999997	225.0	36228.4866
151.00000000000003	225.0	34852.1842
152.0	225.0	33402.9662
153.0	225.0	31901.8241
154.0	225.0	30369.6423
155.00000000000003	225.0	28826.7636
156.00000000000003	225.0	27292.5894
157.0	225.0	25785.2236
158.0	225.0	24321.1661
158.99999999999997	225.0	22915.063
160.00000000000003	225.0	21579.516
161.0	225.0	20324.9531
162.0	225.0	19159.56
163.0	225.0	18089.2711
164.00000000000003	225.0	17117.8159
165.00000000000003	225.0	16246.8176
166.0	225.0	15475.9368
167.0	225.0	14803.0547
167.99999999999997	225.0	14224.4887
169.00000000000003	225.0	13735.2336
169.99999999999997	225.0	13329.2191
170.99999999999997	225.0	12999.5789
172.0	225.0	12738.9224
173.00000000000003	225.0	12539.6035
174.00000000000003	225.0	12393.9792
175.0	225.0	12294.654
175.99999999999997	225.0	12234.7046
176.99999999999994	225.0	12207.8807
178.00000000000006	225.0	12208.778
179.0000000000001	225.0	12232.9826
180.0	225.0	12277.1825
179.0000000000001	45.0	12339.2455
178.00000000000006	45.0	12418.2633
176.99999999999994	45.0	12514.561
176.00000000000006	45.0	12629.6711
175.0	45.0	12766.2744
174.00000000000003	45.0	12928.1082
172.99999999999997	45.0	13119.8423
172.0	45.0	13346.9274
171.00000000000003	45.0	13615.4155
170.00000000000003	45.0	13931.7582
168.99999999999997	45.0	14302.5851
167.99999999999997	45.0	14734.4661
167.00000000000003	45.0	15233.6642
166.00000000000003	45.0	15805.8825
165.00000000000003	45.0	16456.0112
163.99999999999997	45.0	17187.8827
163.0	45.0	18004.038
162.00000000000003	45.0	18905.5147
161.00000000000003	45.0	19891.6598
160.0	45.0	20959.9767
159.0	45.0	22106.0105
158.00000000000003	45.0	23323.2781
157.00000000000003	45.0	24603.2474
156.00000000000003	45.0	25935.3697
154.99999999999997	45.0	27307.1678
154.0	45.0	28704.3798
153.00000000000003	45.0	30111.16
152.0	45.0	31510.3331
150.99999999999997	45.0	32883.699
150.0	45.0	34212.3812
149.0	45.0	35477.2142
148.0	45.0	36659.1576
147.00000000000003	45.0	37739.7298
146.0	45.0	38701.4484
145.0	45.0	39528.2665
144.00000000000003	45.0	40205.9902
143.0	45.0	40722.6682
142.0	45.0	41068.9376
140.99999999999997	45.0	41238.3169
140.00000000000003	45.0	41227.4354
139.00000000000003	45.0	41036.1896
138.00000000000003	45.0	40667.8197
137.0	45.0	40128.9031
136.0	45.0	39429.2606
135.00000000000003	45.0	38581.7774
134.00000000000003	45.0	37602.1406
132.99999999999997	45.0	36508.5003
131.99999999999997	45.0	35321.0619
131.00000000000003	45.0	34061.6193
130.00000000000003	45.0	32753.044
129.00000000000003	45.0	31418.7421
128.0	45.0	30082.0958
126.99999999999999	45.0	28765.9056
126.00000000000003	45.0	27491.8501
125.00000000000004	45.0	26279.9783
123.99999999999997	45.0	25148.2507
122.99999999999999	45.0	24112.1429
122.0	45.0	23184.3224
121.0	45.0	22374.41
120.00000000000001	45.0	21688.8305
119.0	45.0	21130.7584
118.00000000000001	45.0	20700.1577
117.00000000000003	45.0	20393.9148
116.00000000000004	45.0	20206.0585
115.0	45.0	20128.0578
114.00000000000001	45.0	20149.1885
113.00000000000001	45.0	20256.9536
112.00000000000003	45.0	20437.5436
111.00000000000004	45.0	20676.3203
110.0	45.0	20958.3074
109.00000000000001	45.0	21268.6708
108.00000000000003	45.0	21593.1735
107.00000000000004	45.0	21918.5881
106.0	45.0	22233.056
105.0	45.0	22526.3805
104.00000000000001	45.0	22790.2455
103.00000000000001	45.0	23018.3555
102.00000000000003	45.0	23206.492
100.99999999999999	45.0	23352.4896
100.0	45.0	23456.1334
99.00000000000001	45.0	23518.9852
98.00000000000003	45.0	23544.1479
96.99999999999999	45.0	23535.9795
96.0	45.0	23499.7697
95.0	45.0	23441.3941
94.00000000000001	45.0	23366.9615
93.00000000000003	45.0	23282.4687
91.99999999999999	45.0	23193.4792
91.0	45.0	23104.8375
90.0	0.0	33479.1965
89.29291116952395	0.7071426817872533	33385.378
88.58593006627854	1.4145007934175506	33185.6896
87.87916453235917	2.122289895867879	32885.606
87.1727226397129	2.8307258121018455	32492.228
86.4667128053692	3.540024757356371	32014.0349
85.76124390703504	4.250403468570711	31460.604
85.05642539917308	4.962079332655645	30842.3066
84.3523674296794	5.675270513286652	30169.9932
83.64918095727445	6.390196075887154	29454.68
82.94697786971682	7.107076110446535	28707.2469
82.24587110294536	7.826131851792348	27938.1602
81.54597476125012	8.547585796906942	27157.228
80.84740423856572	9.271661818845425	26373.3963
80.15027634097487	9.998585276774412	25594.5942
79.45470941050044	10.728583121609057	24827.6293
78.76082345025607	11.461883996679509	24078.138
78.0687402510143	12.198718332806749	23350.5881
77.37858351923944	12.939318437111838	22648.3332
76.69047900661849	13.683918574821595	21973.7115
76.00455464110858	14.432755043267381	21328.1854
75.32094065950206	15.186066237202516	20712.5116
74.63976974149092	15.944092704486447	20126.9329
73.96117714519126	16.707077191101824	19571.382
73.28530084406378	17.47526467438212	19045.6872
72.61228166514054	18.2489023832344	18549.7684
71.94226342843773	19.028239804042187	18083.8156
71.27539308740191	19.813528670829413	17648.439
70.61182087020094	20.605022938156644	17244.7858
69.95170042163069	21.402978735106455	16874.6161
69.29518894536457	22.207654298596484	16540.3354
68.64244734622547	23.019309884136224	16244.9809
67.99364037210603	23.838207652018653	15992.163
67.34893675510656	24.664611526811417	15785.9637
66.70850935139694	25.498787027884514	15630.7965
66.07253527924108	26.34100106858589	15531.2342
65.44119605454999	27.191521721553002	15491.8112
64.81467772324949	28.05061794753063	15516.8103
64.19317098966519	28.918559284955432	15610.0421
63.57687134003648	29.79561549746857	15774.6279
62.965979160175145	30.68205617643342	16012.7945
62.36069984618289	31.5781502954692	16325.6917
61.761243907035045	32.484165713968785	16713.2383
61.16782705772538	33.400368626554155	17174.0071
60.58067030155157	34.32702295544232	17705.1503
59.99999999999999	35.264389682754654	18302.3732
59.42604792856702	36.212726119908915	18959.9544
58.8590513167294	37.17228511139536	19670.8156
58.29925287015328	38.143314170462425	20426.6367
57.74690077310915	39.12605454453247	21218.0137
57.20224866894282	40.12074020854298	22034.6537
56.66555561634145	41.12759678487194	22865.6001
56.13708601903233	42.14684038906587	23699.4799
55.61710952646371	43.178676401255004	24524.7653
55.10590090294487	44.223298163918535	25330.0388
54.60373986267208	45.28088560756104	26104.2555
54.11091086804023	46.3516038068849	26836.9906
53.62770288864506	47.435601471194154	27518.6672
53.154409118419395	48.53300937404573	28140.7553
52.691326648427214	49.643938728569864	28695.9373
52.23875609296496	50.76847951640774	29178.2357
51.79700116679687	51.90669877984987	29583.0998
51.36636821158484	53.05863888848747	29907.4515
50.94716566986906	54.22431579349069	30149.6897
50.539703505316	55.40371728447302	30309.6567
50.14429256838126	56.59680126575802	30388.5687
49.76124390703504	57.80349407069134	30388.9173
49.390868022772075	59.02368883439022	30314.345
49.03347407277117	60.25724394694163	30169.5039
48.68936901978189	61.503981610489745	29959.9017
48.35885673209022	62.76368652482927	29691.7429
48.04223703674405	64.03610472697835	29371.772
47.73980473009234	65.32094261067617	29007.1221
47.45184855059514	66.61786615176922	28605.1764
47.178650119779434	67.92650036495783	28173.4442
46.920482858129056	69.2464290163152	27719.4556
46.677610883583455	70.57719461432482	27250.6745
46.450287901158305	71.91829869987819	26774.4319
46.23875609296496	73.2692024527246	26297.8761
46.043245018569806	74.62932762827676	25827.9394
45.86397053617525	75.99805783448308	25371.3172
45.701133755495384	77.37474015373697	24934.4562
45.554920033420714	78.7586871095844	24523.5458
45.42549802359849	80.14917897242118	24144.5115
45.31301879088406	81.5454663925662	23803.0017
45.21761500123496	82.94677334320139	23504.3681
45.1394001970194	84.35230034984485	23253.6342
45.07846816689916	85.76122797743554	23055.4494
45.03489241843145	87.17272054092642	22914.0293
45.00872576033472	88.58593000067151	22833.0799
45.0	90.0	22815.7093
45.00872576033472	91.41406999932849	22864.3271
45.03489241843145	92.82727945907358	22980.5365
45.07846816689916	94.23877202256445	23165.0235
45.1394001970194	95.64769965015516	23417.4486
45.21761500123496	97.05322665679864	23736.3468
45.31301879088406	98.45453360743382	24119.0426
45.42549802359848	99.85082102757882	24561.5861
45.554920033420714	101.2413128904156	25058.716
45.701133755495384	102.62525984626303	25603.8553
45.86397053617525	104.00194216551692	26189.1427
46.043245018569806	105.37067237172324	26805.5048
46.238756092964955	106.73079754727539	27442.7681
46.450287901158305	108.08170130012182	28089.8128
46.677610883583455	109.42280538567519	28734.765
46.920482858129056	110.7535709836848	29365.2258
47.178650119779434	112.07349963504215	29968.5288
47.45184855059512	113.38213384823077	30532.0233
47.73980473009234	114.67905738932384	31043.3713
48.04223703674405	115.96389527302166	31490.8519
48.3588567320902	117.23631347517073	31863.6622
48.68936901978189	118.49601838951025	32152.2046
49.03347407277117	119.74275605305839	32348.3504
49.39086802277208	120.9763111656098	32445.6707
49.76124390703504	122.19650592930867	32439.6252
50.14429256838125	123.40319873424197	32327.7016
50.539703505316005	124.59628271552698	32109.5005
50.94716566986905	125.77568420650928	31786.7608
51.36636821158484	126.94136111151253	31363.3241
51.79700116679685	128.09330122015012	30845.0389
52.23875609296496	129.23152048359225	30239.6058
52.691326648427214	130.35606127143015	29556.3702
53.154409118419395	131.46699062595425	28806.0667
53.62770288864506	132.56439852880584	28000.5267
54.11091086804023	133.64839619311508	27152.3563
54.60373986267208	134.71911439243897	26274.5971
55.10590090294487	135.7767018360815	25380.3814
55.617109526463715	136.821323598745	24482.5939
56.13708601903233	137.8531596109341	23593.5511
56.66555561634144	138.87240321512806	22724.7095
57.20224866894282	139.879259791457	21886.4136
57.74690077310915	140.87394545546752	21087.6907
58.29925287015328	141.85668582953758	20336.0996
58.8590513167294	142.82771488860465	19637.6376
59.42604792856702	143.7872738800911	18996.7081
59.99999999999999	144.73561031724535	18416.1474
60.58067030155157	145.6729770445577	17897.3097
61.16782705772538	146.59963137344585	17440.2035
61.76124390703503	147.5158342860312	17043.674
62.36069984618289	148.4218497045308	16705.6205
62.96597916017513	149.31794382356657	16423.2418
63.57687134003648	150.20438450253144	16193.2944
64.19317098966519	151.08144071504458	16012.3553
64.81467772324949	151.9493820524694	15877.0751
65.44119605454999	152.808478278447	15784.4119
66.0725352792411	153.65899893141415	15731.8339
66.70850935139694	154.5012129721155	15717.4831
67.34893675510656	155.3353884731886	15740.292
67.99364037210603	156.16179234798136	15800.0487
68.64244734622547	156.98069011586378	15897.4065
69.29518894536457	157.79234570140352	16033.8389
69.95170042163069	158.59702126489356	16211.5402
70.61182087020094	159.39497706184335	16433.2779
71.2753930874019	160.1864713291706	16702.2019
71.94226342843773	160.9717601959578	17021.619
72.61228166514054	161.7510976167656	17394.7437
73.28530084406377	162.52473532561788	17824.4353
73.96117714519126	163.29292280889817	18312.9341
74.63976974149092	164.05590729551355	18861.6074
75.32094065950206	164.8139337627975	19470.7185
76.00455464110858	165.56724495673262	20139.2287
76.6904790066185	166.31608142517842	20864.6418
77.37858351923944	167.06068156288816	21642.9003
78.0687402510143	167.80128166719328	22468.3376
78.76082345025605	168.5381160033205	23333.6914
79.45470941050044	169.27141687839094	24230.1784
80.15027634097487	170.0014147232256	25147.6297
80.84740423856572	170.72833818115458	26074.6836
81.54597476125012	171.45241420309307	26999.0286
82.24587110294536	172.17386814820765	27907.6893
82.94697786971682	172.8929238895535	28787.3456
83.64918095727445	173.60980392411287	29624.6727
84.3523674296794	174.32472948671335	30406.691
85.05642539917308	175.03792066734437	31121.113
85.76124390703502	175.7495965314293	31756.6738
86.4667128053692	176.45997524264365	32303.4344
87.17272263971289	177.16927418789817	32753.0461
87.87916453235917	177.87771010413212	33098.9664
88.58593006627854	178.58549920658245	33336.6203
89.29291116952395	179.29285731821275	33463.4992
90.0	180.0	33479.1965
90.70708883047607	180.70714268178725	33385.378
91.41406993372146	181.41450079341755	33185.6896
92.12083546764083	182.12228989586788	32885.606
92.82727736028711	182.83072581210183	32492.228
93.5332871946308	183.54002475735635	32014.0349
94.23875609296496	184.2504034685707	31460.604
94.94357460082692	184.96207933265563	30842.3066
95.64763257032061	185.67527051328665	30169.9932
96.35081904272555	186.39019607588713	29454.68
97.05302213028318	187.1070761104465	28707.2469
97.75412889705464	187.82613185179233	27938.1602
98.45402523874989	188.54758579690696	27157.228
99.15259576143428	189.27166181884542	26373.3963
99.84972365902512	189.9985852767744	25594.5942
100.54529058949956	190.72858312160906	24827.6293
101.23917654974393	191.4618839966795	24078.138
101.93125974898571	192.19871833280675	23350.5881
102.62141648076054	192.93931843711184	22648.3332
103.30952099338153	193.68391857482158	21973.7115
103.99544535889142	194.43275504326738	21328.1854
104.67905934049796	195.18606623720254	20712.5116
105.36023025850908	195.94409270448645	20126.9329
106.03882285480874	196.7070771911018	19571.382
106.71469915593623	197.4752646743821	19045.6872
107.38771833485946	198.2489023832344	18549.7684
108.05773657156229	199.0282398040422	18083.8156
108.7246069125981	199.8135286708294	17648.439
109.38817912979906	200.60502293815665	17244.7858
110.04829957836931	201.40297873510644	16874.6161
110.70481105463544	202.20765429859648	16540.3354
111.35755265377453	203.01930988413622	16244.9809
112.00635962789397	203.83820765201864	15992.163
112.65106324489344	204.6646115268114	15785.9637
113.29149064860306	205.49878702788448	15630.7965
113.92746472075892	206.34100106858588	15531.2342
114.55880394545001	207.191521721553	15491.8112
115.18532227675053	208.05061794753064	15516.8103
115.8068290103348	208.91855928495542	15610.0421
116.42312865996352	209.79561549746856	15774.6279
117.03402083982486	210.68205617643343	16012.7945
117.63930015381712	211.5781502954692	16325.6917
118.23875609296496	212.48416571396876	16713.2383
118.83217294227461	213.40036862655413	17174.0071
119.41932969844842	214.32702295544232	17705.1503
120.00000000000001	215.26438968275463	18302.3732
120.573952071433	216.2127261199089	18959.9544
121.14094868327061	217.17228511139535	19670.8156
121.70074712984672	218.14331417046245	20426.6367
122.25309922689084	219.12605454453248	21218.0137
122.79775133105717	220.12074020854297	22034.6537
123.33444438365854	221.1275967848719	22865.6001
123.86291398096766	222.1468403890659	23699.4799
124.38289047353629	223.17867640125502	24524.7653
124.89409909705513	224.2232981639185	25330.0388
125.39626013732791	225.28088560756103	26104.2555
125.88908913195978	226.35160380688492	26836.9906
126.37229711135494	227.43560147119416	27518.6672
126.84559088158062	228.53300937404572	28140.7553
127.30867335157278	229.64393872856982	28695.9373
127.76124390703504	230.7684795164077	29178.2357
128.20299883320317	231.90669877984988	29583.0998
128.6336317884152	233.05863888848748	29907.4515
129.05283433013093	234.2243157934907	30149.6897
129.460296494684	235.40371728447298	30309.6567
129.85570743161875	236.59680126575802	30388.5687
130.23875609296496	237.80349407069136	30388.9173
130.60913197722795	239.0236888343902	30314.345
130.96652592722884	240.25724394694157	30169.5039
131.31063098021812	241.50398161048972	29959.9017
131.6411432679098	242.7636865248293	29691.7429
131.95776296325596	244.03610472697835	29371.772
132.26019526990768	245.32094261067616	29007.1221
132.54815144940486	246.6178661517692	28605.1764
132.8213498802206	247.92650036495786	28173.4442
133.07951714187095	249.2464290163152	27719.4556
133.32238911641656	250.5771946143248	27250.6745
133.5497120988417	251.91829869987816	26774.4319
133.76124390703504	253.26920245272458	26297.8761
133.9567549814302	254.62932762827677	25827.9394
134.13602946382477	255.99805783448306	25371.3172
134.2988662445046	257.374740153737	24934.4562
134.44507996657927	258.75868710958434	24523.5458
134.57450197640154	260.14917897242117	24144.5115
134.68698120911597	261.5454663925662	23803.0017
134.78238499876502	262.94677334320136	23504.3681
134.8605998029806	264.3523003498448	23253.6342
134.92153183310086	265.7612279774355	23055.4494
134.96510758156856	267.17272054092643	22914.0293
134.99127423966527	268.5859300006715	22833.0799
135.0	270.0	22815.7093
134.99127423966527	271.4140699993285	22864.3271
134.96510758156856	272.82727945907357	22980.5365
134.92153183310086	274.2387720225645	23165.0235
134.8605998029806	275.6476996501551	23417.4486
134.78238499876502	277.0532266567986	23736.3468
134.68698120911597	278.45453360743375	24119.0426
134.57450197640154	279.85082102757883	24561.5861
134.44507996657927	281.2413128904156	25058.716
134.2988662445046	282.625259846263	25603.8553
134.13602946382477	284.0019421655169	26189.1427
133.9567549814302	285.37067237172323	26805.5048
133.76124390703504	286.7307975472754	27442.7681
133.5497120988417	288.08170130012184	28089.8128
133.32238911641656	289.42280538567513	28734.765
133.07951714187095	290.75357098368477	29365.2258
132.82134988022057	292.0734996350422	29968.5288
132.54815144940488	293.38213384823075	30532.0233
132.26019526990768	294.6790573893238	31043.3713
131.95776296325596	295.9638952730216	31490.8519
131.6411432679098	297.23631347517073	31863.6622
131.31063098021812	298.49601838951025	32152.2046
130.96652592722884	299.7427560530584	32348.3504
130.60913197722795	300.9763111656098	32445.6707
130.23875609296496	302.1965059293086	32439.6252
129.85570743161873	303.403198734242	32327.7016
129.46029649468403	304.59628271552697	32109.5005
129.05283433013096	305.7756842065093	31786.7608
128.6336317884152	306.9413611115125	31363.3241
128.20299883320317	308.0933012201501	30845.0389
127.76124390703505	309.23152048359225	30239.6058
127.3086733515728	310.3560612714301	29556.3702
126.84559088158062	311.4669906259543	28806.0667
126.37229711135495	312.5643985288058	28000.5267
125.88908913195978	313.6483961931151	27152.3563
125.39626013732794	314.71911439243894	26274.5971
124.89409909705515	315.77670183608143	25380.3814
124.38289047353632	316.821323598745	24482.5939
123.86291398096766	317.85315961093414	23593.5511
123.33444438365856	318.8724032151281	22724.7095
122.7977513310572	319.879259791457	21886.4136
122.25309922689087	320.8739454554675	21087.6907
121.70074712984675	321.8566858295375	20336.0996
121.14094868327061	322.82771488860465	19637.6376
120.57395207143298	323.7872738800911	18996.7081
120.00000000000001	324.73561031724535	18416.1474
119.41932969844845	325.6729770445577	17897.3097
118.83217294227461	326.59963137344585	17440.2035
118.23875609296496	327.51583428603124	17043.674
117.63930015381712	328.4218497045308	16705.6205
117.03402083982486	329.31794382356657	16423.2418
116.42312865996352	330.2043845025314	16193.2944
115.8068290103348	331.08144071504455	16012.3553
115.18532227675053	331.9493820524694	15877.0751
114.55880394545002	332.808478278447	15784.4119
113.92746472075895	333.6589989314141	15731.8339
113.29149064860304	334.5012129721155	15717.4831
112.65106324489344	335.3353884731886	15740.292
112.00635962789399	336.16179234798136	15800.0487
111.35755265377455	336.98069011586375	15897.4065
110.70481105463546	337.79234570140346	16033.8389
110.04829957836931	338.59702126489356	16211.5402
109.38817912979906	339.39497706184335	16433.2779
108.7246069125981	340.18647132917056	16702.2019
108.05773657156229	340.9717601959578	17021.619
107.38771833485946	341.7510976167656	17394.7437
106.71469915593623	342.5247353256179	17824.4353
106.03882285480876	343.2929228088982	18312.9341
105.36023025850909	344.0559072955135	18861.6074
104.67905934049797	344.8139337627975	19470.7185
103.99544535889142	345.5672449567326	20139.2287
103.30952099338151	346.3160814251784	20864.6418
102.62141648076056	347.06068156288813	21642.9003
101.93125974898572	347.8012816671932	22468.3376
101.23917654974393	348.5381160033205	23333.6914
100.54529058949956	349.27141687839094	24230.1784
99.84972365902513	350.0014147232256	25147.6297
99.15259576143428	350.7283381811546	26074.6836
98.4540252387499	351.45241420309304	26999.0286
97.75412889705464	352.17386814820765	27907.6893
97.05302213028318	352.89292388955346	28787.3456
96.35081904272556	353.60980392411284	29624.6727
95.64763257032062	354.32472948671335	30406.691
94.94357460082692	355.03792066734434	31121.113
94.23875609296496	355.7495965314293	31756.6738
93.53328719463082	356.4599752426436	32303.4344
92.82727736028713	357.16927418789817	32753.0461
92.12083546764086	357.8777101041321	33098.9664
91.41406993372146	358.5854992065825	33336.6203
90.70708883047607	359.2928573182127	33463.4992
90.0	90.0	16506.3906
89.29291116952395	89.29285731821274	16389.6744
88.58593006627854	88.58549920658245	16282.8652
87.87916453235917	87.87771010413212	16189.0724
87.1727226397129	87.16927418789815	16111.1696
86.4667128053692	86.45997524264364	16051.7043
85.76124390703504	85.74959653142929	16012.8213
85.05642539917308	85.03792066734437	15996.2014
84.3523674296794	84.32472948671335	16003.0176
83.64918095727445	83.60980392411285	16033.9106
82.94697786971682	82.89292388955346	16088.9838
82.24587110294536	82.17386814820766	16167.8187
81.54597476125012	81.45241420309306	16269.5077
80.84740423856572	80.72833818115458	16392.7064
80.15027634097487	80.0014147232256	16535.6993
79.45470941050044	79.27141687839094	16696.479
78.76082345025607	78.5381160033205	16872.8353
78.0687402510143	77.80128166719327	17062.4487
77.37858351923944	77.06068156288816	17262.9875
76.69047900661849	76.31608142517841	17472.2028
76.00455464110858	75.56724495673262	17688.0178
75.32094065950206	74.81393376279749	17908.6088
74.63976974149092	74.05590729551355	18132.4739
73.96117714519126	73.29292280889818	18358.4868
73.28530084406378	72.52473532561788	18585.9345
72.61228166514054	71.7510976167656	18814.5358
71.94226342843773	70.97176019595781	19044.4415
71.27539308740191	70.18647132917059	19276.2148
70.61182087020094	69.39497706184336	19510.7939
69.95170042163069	68.59702126489356	19749.4366
69.29518894536457	67.79234570140352	19993.6514
68.64244734622547	66.98069011586378	20245.1144
67.99364037210603	66.16179234798135	20505.5777
67.34893675510656	65.33538847318859	20776.7722
66.70850935139694	64.50121297211548	21060.3074
66.07253527924108	63.65899893141411	21357.5727
65.44119605454999	62.808478278447	21669.6441
64.81467772324949	61.94938205246937	21997.1995
64.19317098966519	61.081440715044565	22340.4452
63.57687134003648	60.20438450253143	22699.058
62.965979160175145	59.31794382356658	23072.1432
62.36069984618289	58.4218497045308	23458.2114
61.761243907035045	57.515834286031215	23855.1747
61.16782705772538	56.59963137344585	24260.3628
60.58067030155157	55.67297704455769	24670.5584
59.99999999999999	54.735610317245346	25082.0508
59.42604792856702	53.787273880091085	25490.7061
58.8590513167294	52.827714888604646	25892.053
58.29925287015328	51.85668582953758	26281.3784
57.74690077310915	50.87394545546753	26653.8339
57.20224866894282	49.87925979145702	27004.5468
56.66555561634145	48.87240321512806	27328.733
56.13708601903233	47.85315961093413	27621.8097
55.61710952646371	46.821323598745	27879.5026
55.10590090294487	45.776701836081465	28097.9458
54.60373986267208	44.71911439243896	28273.7719
54.11091086804023	43.6483961931151	28404.1882
53.62770288864506	42.564398528805846	28487.0398
53.154409118419395	41.46699062595427	28520.8555
52.691326648427214	40.356061271430136	28504.8776
52.23875609296496	39.23152048359226	28439.0748
51.79700116679687	38.09330122015014	28324.1382
51.36636821158484	36.941361111512535	28161.4611
50.94716566986906	35.77568420650932	27953.1046
50.539703505316	34.59628271552699	27701.7501
50.14429256838126	33.40319873424199	27410.6404
49.76124390703504	32.19650592930866	27083.512
49.390868022772075	30.976311165609783	26724.5204
49.03347407277117	29.742756053058372	26338.1616
48.68936901978189	28.496018389510258	25929.1913
48.35885673209022	27.236313475170732	25502.5437
48.04223703674405	25.963895273021652	25063.2532
47.73980473009234	24.679057389323834	24616.379
47.45184855059514	23.382133848230776	24166.9359
47.178650119779434	22.07349963504216	23719.8307
46.920482858129056	20.753570983684796	23279.8058
46.677610883583455	19.422805385675183	22851.391
46.450287901158305	18.08170130012181	22438.8622
46.23875609296496	16.730797547275397	22046.2081
46.043245018569806	15.370672371723243	21677.104
45.86397053617525	14.001942165516926	21334.8923
45.701133755495384	12.625259846263035	21022.5683
45.554920033420714	11.241312890415616	20742.7717
45.42549802359849	9.850821027578828	20497.7816
45.31301879088406	8.454533607433808	20289.5149
45.21761500123496	7.053226656798624	20119.5271
45.1394001970194	5.647699650155149	19989.0153
45.07846816689916	4.238772022564465	19898.8215
45.03489241843145	2.8272794590735852	19849.4374
45.00872576033472	1.414069999328503	19841.0092
45.0	4.961562726608714e-15	19873.3434
45.00872576033472	358.5859300006715	19945.9128
45.03489241843145	357.17272054092643	20057.8628
45.07846816689916	355.76122797743557	20208.0197
45.1394001970194	354.3523003498448	20394.8995
45.21761500123496	352.94677334320136	20616.7191
45.31301879088406	351.5454663925662	20871.409
45.42549802359848	350.14917897242117	21156.6296
45.554920033420714	348.7586871095844	21469.7896
45.701133755495384	347.374740153737	21808.0674
45.86397053617525	345.99805783448306	22168.4359
46.043245018569806	344.62932762827677	22547.6903
46.238756092964955	343.26920245272464	22942.4784
46.450287901158305	341.91829869987816	23349.3331
46.677610883583455	340.5771946143248	23764.707
46.920482858129056	339.2464290163152	24185.0079
47.178650119779434	337.92650036495786	24606.635
47.45184855059512	336.61786615176925	25026.0144
47.73980473009234	335.3209426106762	25439.6333
48.04223703674405	334.03610472697835	25844.073
48.3588567320902	332.76368652482927	26236.0381
48.68936901978189	331.50398161048975	26612.3837
49.03347407277117	330.2572439469416	26970.1377
49.39086802277208	329.0236888343902	27306.5204
49.76124390703504	327.80349407069133	27618.9581
50.14429256838125	326.596801265758	27905.095
50.539703505316005	325.40371728447303	28162.7988
50.94716566986905	324.2243157934907	28390.1648
51.36636821158484	323.05863888848745	28585.5161
51.79700116679685	321.9066987798499	28747.4021
52.23875609296496	320.76847951640775	28874.5949
52.691326648427214	319.6439387285699	28966.0864
53.154409118419395	318.5330093740457	29021.084
53.62770288864506	317.43560147119416	29039.0089
54.11091086804023	316.3516038068849	29019.4944
54.60373986267208	315.28088560756106	28962.3876
55.10590090294487	314.2232981639185	28867.7525
55.617109526463715	313.17867640125496	28735.8764
56.13708601903233	312.14684038906586	28567.2778
56.66555561634144	311.12759678487197	28362.7169
57.20224866894282	310.120740208543	28123.2072
57.74690077310915	309.1260545445325	27850.0274
58.29925287015328	308.1433141704624	27544.7332
58.8590513167294	307.17228511139535	27209.1671
59.42604792856702	306.2127261199089	26845.4654
59.99999999999999	305.26438968275465	26456.061
60.58067030155157	304.3270229554423	26043.681
61.16782705772538	303.40036862655415	25611.3374
61.76124390703503	302.4841657139688	25162.3107
62.36069984618289	301.5781502954692	24700.1248
62.96597916017513	300.68205617643343	24228.5135
63.57687134003648	299.7956154974686	23751.3783
64.19317098966519	298.91855928495545	23272.7376
64.81467772324949	298.0506179475306	22796.6679
65.44119605454999	297.191521721553	22327.2382
66.0725352792411	296.3410010685859	21868.4394
66.70850935139694	295.49878702788453	21424.1092
67.34893675510656	294.6646115268114	20997.856
67.99364037210603	293.83820765201864	20592.9833
68.64244734622547	293.0193098841362	20212.4168
69.29518894536457	292.2076542985965	19858.6375
69.95170042163069	291.40297873510644	19533.6223
70.61182087020094	290.60502293815665	19238.7954
71.2753930874019	289.81352867082944	18974.9912
71.94226342843773	289.0282398040422	18742.4325
72.61228166514054	288.2489023832344	18540.7233
73.28530084406377	287.4752646743821	18368.8582
73.96117714519126	286.7070771911018	18225.2492
74.63976974149092	285.9440927044865	18107.7684
75.32094065950206	285.1860662372025	18013.8069
76.00455464110858	284.4327550432674	17940.3484
76.6904790066185	283.6839185748216	17884.0553
77.37858351923944	282.93931843711187	17841.3649
78.0687402510143	282.1987183328067	17808.5934
78.76082345025605	281.4618839966795	17782.0444
79.45470941050044	280.72858312160906	17758.1182
80.15027634097487	279.9985852767744	17733.4184
80.84740423856572	279.2716618188454	17704.8535
81.54597476125012	278.54758579690696	17669.7282
82.24587110294536	277.82613185179235	17625.8232
82.94697786971682	277.10707611044654	17571.4595
83.64918095727445	276.39019607588716	17505.5461
84.3523674296794	275.67527051328665	17427.6082
85.05642539917308	274.96207933265566	17337.796
85.76124390703502	274.2504034685707	17236.8727
86.4667128053692	273.5400247573564	17126.1838
87.17272263971289	272.83072581210183	17007.6059
87.87916453235917	272.1222898958679	16883.4803
88.58593006627854	271.4145007934176	16756.5304
89.29291116952395	270.7071426817872	16629.7679
90.0	270.0	16506.3906
90.70708883047607	269.2928573182127	16389.6744
91.41406993372146	268.5854992065824	16282.8652
92.12083546764083	267.8777101041321	16189.0724
92.82727736028711	267.16927418789817	16111.1696
93.5332871946308	266.4599752426436	16051.7043
94.23875609296496	265.7495965314293	16012.8213
94.94357460082692	265.03792066734434	15996.2014
95.64763257032061	264.32472948671335	16003.0176
96.35081904272555	263.60980392411284	16033.9106
97.05302213028318	262.89292388955346	16088.9838
97.75412889705464	262.17386814820765	16167.8187
98.45402523874989	261.45241420309304	16269.5077
99.15259576143428	260.7283381811546	16392.7064
99.84972365902512	260.0014147232256	16535.6993
100.54529058949956	259.27141687839094	16696.479
101.23917654974393	258.5381160033205	16872.8353
101.93125974898571	257.8012816671933	17062.4487
102.62141648076054	257.06068156288813	17262.9875
103.30952099338153	256.31608142517837	17472.2028
103.99544535889142	255.56724495673262	17688.0178
104.67905934049796	254.8139337627975	17908.6088
105.36023025850908	254.05590729551355	18132.4739
106.03882285480874	253.2929228088982	18358.4868
106.71469915593623	252.52473532561788	18585.9345
107.38771833485946	251.7510976167656	18814.5358
108.05773657156229	250.9717601959578	19044.4415
108.7246069125981	250.18647132917056	19276.2148
109.38817912979906	249.39497706184335	19510.7939
110.04829957836931	248.59702126489356	19749.4366
110.70481105463544	247.79234570140352	19993.6514
111.35755265377453	246.98069011586378	20245.1144
112.00635962789397	246.16179234798136	20505.5777
112.65106324489344	245.33538847318857	20776.7722
113.29149064860306	244.50121297211547	21060.3074
113.92746472075892	243.6589989314141	21357.5727
114.55880394545001	242.808478278447	21669.6441
115.18532227675053	241.9493820524694	21997.1995
115.8068290103348	241.08144071504458	22340.4452
116.42312865996352	240.2043845025314	22699.058
117.03402083982486	239.31794382356657	23072.1432
117.63930015381712	238.4218497045308	23458.2114
118.23875609296496	237.5158342860312	23855.1747
118.83217294227461	236.59963137344585	24260.3628
119.41932969844842	235.67297704455768	24670.5584
120.00000000000001	234.73561031724535	25082.0508
120.573952071433	233.78727388009108	25490.7061
121.14094868327061	232.82771488860465	25892.053
121.70074712984672	231.85668582953755	26281.3784
122.25309922689084	230.87394545546752	26653.8339
122.79775133105717	229.879259791457	27004.5468
123.33444438365854	228.8724032151281	27328.733
123.86291398096766	227.8531596109341	27621.8097
124.38289047353629	226.82132359874498	27879.5026
124.89409909705513	225.7767018360815	28097.9458
125.39626013732791	224.71911439243897	28273.7719
125.88908913195978	223.64839619311508	28404.1882
126.37229711135494	222.56439852880584	28487.0398
126.84559088158062	221.46699062595428	28520.8555
127.30867335157278	220.35606127143015	28504.8776
127.76124390703504	219.23152048359228	28439.0748
128.20299883320317	218.0933012201501	28324.1382
128.6336317884152	216.94136111151252	28161.4611
129.05283433013093	215.7756842065093	27953.1046
129.460296494684	214.59628271552702	27701.7501
129.85570743161875	213.40319873424195	27410.6404
130.23875609296496	212.19650592930864	27083.512
130.60913197722795	210.9763111656098	26724.5204
130.96652592722884	209.74275605305837	26338.1616
131.31063098021812	208.49601838951028	25929.1913
131.6411432679098	207.2363134751707	25502.5437
131.95776296325596	205.96389527302162	25063.2532
132.26019526990768	204.67905738932384	24616.379
132.54815144940486	203.38213384823078	24166.9359
132.8213498802206	202.07349963504214	23719.8307
133.07951714187095	200.75357098368477	23279.8058
133.32238911641656	199.4228053856752	22851.391
133.5497120988417	198.08170130012184	22438.8622
133.76124390703504	196.73079754727542	22046.2081
133.9567549814302	195.3706723717232	21677.104
134.13602946382477	194.0019421655169	21334.8923
134.2988662445046	192.62525984626305	21022.5683
134.44507996657927	191.24131289041563	20742.7717
134.57450197640154	189.8508210275788	20497.7816
134.68698120911597	188.4545336074338	20289.5149
134.78238499876502	187.0532266567986	20119.5271
134.8605998029806	185.64769965015518	19989.0153
134.92153183310086	184.2387720225645	19898.8215
134.96510758156856	182.82727945907357	19849.4374
134.99127423966527	181.4140699993285	19841.0092
135.0	180.0	19873.3434
134.99127423966527	178.58593000067157	19945.9128
134.96510758156856	177.1727205409264	20057.8628
134.92153183310086	175.76122797743554	20208.0197
134.8605998029806	174.35230034984485	20394.8995
134.78238499876502	172.94677334320141	20616.7191
134.68698120911597	171.54546639256625	20871.409
134.57450197640154	170.14917897242117	21156.6296
134.44507996657927	168.7586871095844	21469.7896
134.2988662445046	167.37474015373698	21808.0674
134.13602946382477	165.9980578344831	22168.4359
133.9567549814302	164.62932762827674	22547.6903
133.76124390703504	163.2692024527246	22942.4784
133.5497120988417	161.9182986998782	23349.3331
133.32238911641656	160.57719461432484	23764.707
133.07951714187095	159.24642901631526	24185.0079
132.82134988022057	157.92650036495783	24606.635
132.54815144940488	156.61786615176925	25026.0144
132.26019526990768	155.32094261067618	25439.6333
131.95776296325596	154.03610472697838	25844.073
131.6411432679098	152.76368652482927	26236.0381
131.31063098021812	151.50398161048975	26612.3837
130.96652592722884	150.25724394694163	26970.1377
130.60913197722795	149.02368883439024	27306.5204
130.23875609296496	147.80349407069139	27618.9581
129.85570743161873	146.596801265758	27905.095
129.46029649468403	145.403717284473	28162.7988
129.05283433013096	144.22431579349072	28390.1648
128.6336317884152	143.0586388884875	28585.5161
128.20299883320317	141.90669877984988	28747.4021
127.76124390703505	140.76847951640775	28874.5949
127.3086733515728	139.64393872856988	28966.0864
126.84559088158062	138.53300937404575	29021.084
126.37229711135495	137.4356014711942	29039.0089
125.88908913195978	136.35160380688492	29019.4944
125.39626013732794	135.28088560756106	28962.3876
124.89409909705515	134.22329816391854	28867.7525
124.38289047353632	133.17867640125502	28735.8764
123.86291398096766	132.14684038906586	28567.2778
123.33444438365856	131.12759678487194	28362.7169
122.7977513310572	130.120740208543	28123.2072
122.25309922689087	129.12605454453248	27850.0274
121.70074712984675	128.14331417046245	27544.7332
121.14094868327061	127.17228511139534	27209.1671
120.57395207143298	126.21272611990892	26845.4654
120.00000000000001	125.26438968275468	26456.061
119.41932969844845	124.32702295544235	26043.681
118.83217294227461	123.40036862655414	25611.3374
118.23875609296496	122.48416571396879	25162.3107
117.63930015381712	121.57815029546921	24700.1248
117.03402083982486	120.68205617643345	24228.5135
116.42312865996352	119.79561549746859	23751.3783
115.8068290103348	118.91855928495542	23272.7376
115.18532227675053	118.05061794753063	22796.6679
114.55880394545002	117.19152172155302	22327.2382
113.92746472075895	116.34100106858591	21868.4394
113.29149064860304	115.49878702788452	21424.1092
112.65106324489344	114.66461152681141	20997.856
112.00635962789399	113.83820765201867	20592.9833
111.35755265377455	113.01930988413625	20212.4168
110.70481105463546	112.20765429859652	19858.6375
110.04829957836931	111.40297873510644	19533.6223
109.38817912979906	110.60502293815665	19238.7954
108.7246069125981	109.81352867082943	18974.9912
108.05773657156229	109.02823980404222	18742.4325
107.38771833485946	108.2489023832344	18540.7233
106.71469915593623	107.47526467438213	18368.8582
106.03882285480876	106.70707719110183	18225.2492
105.36023025850909	105.94409270448648	18107.7684
104.67905934049797	105.18606623720254	18013.8069
103.99544535889142	104.43275504326738	17940.3484
103.30952099338151	103.68391857482159	17884.0553
102.62141648076056	102.93931843711185	17841.3649
101.93125974898572	102.19871833280676	17808.5934
101.23917654974393	101.4618839966795	17782.0444
100.54529058949956	100.72858312160906	17758.1182
99.84972365902513	99.99858527677442	17733.4184
99.15259576143428	99.27166181884544	17704.8535
98.4540252387499	98.54758579690696	17669.7282
97.75412889705464	97.82613185179234	17625.8232
97.05302213028318	97.10707611044654	17571.4595
96.35081904272556	96.39019607588716	17505.5461
95.64763257032062	95.67527051328666	17427.6082
94.94357460082692	94.96207933265563	17337.796
94.23875609296496	94.25040346857071	17236.8727
93.53328719463082	93.54002475735638	17126.1838
92.82727736028713	92.83072581210186	17007.6059
92.12083546764086	92.12228989586791	16883.4803
91.41406993372146	91.41450079341756	16756.5304
90.70708883047607	90.70714268178726	16629.7679
90.0	0.0	35598.4495
90.0	1.0	35276.8515
90.0	2.0	34985.4146
90.0	3.0000000000000004	34732.3417
90.0	4.0	34525.4065
90.0	5.0	34371.6466
90.0	6.000000000000001	34277.0631
90.0	7.0	34246.3396
90.0	8.0	34282.5923
90.0	9.0	34387.1641
90.0	10.0	34559.4708
90.0	11.0	34796.9093
90.0	12.0	35094.8315
90.0	13.0	35446.5895
90.0	14.0	35843.651
90.0	14.999999999999998	36275.7835
90.0	16.0	36731.3018
90.0	17.000000000000004	37197.3719
90.0	18.0	37660.3615
90.0	19.0	38106.2246
90.0	20.0	38520.9079
90.0	21.0	38890.7639
90.0	22.0	39202.9572
90.0	23.0	39445.8479
90.0	24.000000000000004	39609.3401
90.0	25.0	39685.1816
90.0	26.0	39667.2042
90.0	26.999999999999996	39551.4975
90.0	28.0	39336.5071
90.0	29.000000000000004	39023.0575
90.0	29.999999999999996	38614.2962
90.0	31.0	38115.5637
90.0	32.0	37534.1928
90.0	33.0	36879.2465
90.0	34.00000000000001	36161.2044
90.0	35.0	35391.608
90.0	36.0	34582.6807
90.0	37.0	33746.9344
90.0	38.0	32896.7787
90.0	39.0	32044.146
90.0	40.0	31200.1456
90.0	41.0	30374.7597
90.0	42.0	29576.5905
90.0	43.0	28812.6668
90.0	44.0	28088.3151
90.0	45.0	27407.0987
90.0	46.00000000000001	26770.8242
90.0	47.0	26179.613
90.0	48.00000000000001	25632.0336
90.0	49.00000000000001	25125.2854
90.0	50.0	24655.4271
90.0	51.0	24217.6373
90.0	52.0	23806.4959
90.0	53.0	23416.2745
90.0	54.0	23041.2229
90.0	55.0	22675.8407
90.0	56.0	22315.1226
90.0	57.00000000000001	21954.7684
90.0	58.00000000000001	21591.3498
90.0	59.00000000000001	21222.43
90.0	59.99999999999999	20846.6304
90.0	61.0	20463.6467
90.0	62.0	20074.2124
90.0	63.0	19680.017
90.0	64.0	19283.5814
90.0	65.0	18888.1003
90.0	66.0	18497.258
90.0	67.0	18115.0297
90.0	68.0	17745.4758
90.0	69.0	17392.5408
90.0	70.0	17059.8658
90.0	71.0	16750.6234
90.0	72.0	16467.3814
90.0	73.0	16212.0027
90.0	74.0	15985.5836
90.0	75.0	15788.4339
90.0	76.0	15620.0973
90.0	77.0	15479.4109
90.0	78.0	15364.6
90.0	79.0	15273.4016
90.0	80.0	15203.2105
90.0	81.0	15151.2399
90.0	82.0	15114.6875
90.0	83.0	15090.8983
90.0	84.0	15077.5167
90.0	85.0	15072.6181
90.0	86.0	15074.815
90.0	87.0	15083.3303
90.0	88.0	15098.036
90.0	89.0	15119.4529
90.0	90.0	15148.7132
90.0	91.0	15187.4863
90.0	92.0	15237.872
90.0	93.0	15302.2664
90.0	94.0	15383.2073
90.0	95.0	15483.206
90.0	96.00000000000001	15604.5755
90.0	97.0	15749.2628
90.0	98.0	15918.6946
90.0	99.0	16113.6443
90.0	100.0	16334.1288
90.0	101.0	16579.3398
90.0	102.0	16847.6146
90.0	103.0	17136.4501
90.0	104.0	17442.5589
90.0	105.00000000000001	17761.9684
90.0	106.0	18090.1574
90.0	107.0	18422.2274
90.0	108.0	18753.0993
90.0	109.0	19077.7293
90.0	110.0	19391.334
90.0	111.0	19689.6143
90.0	112.0	19968.9687
90.0	113.0	20226.6861
90.0	114.00000000000001	20461.1083
90.0	115.0	20671.7552
90.0	116.00000000000001	20859.4049
90.0	117.0	21026.1249
90.0	118.00000000000001	21175.2514
90.0	119.0	21311.3155
90.0	119.99999999999999	21439.9192
90.0	121.0	21567.5633
90.0	122.0	21701.4354
90.0	123.00000000000001	21849.1628
90.0	124.0	22018.5425
90.0	125.00000000000001	22217.2565
90.0	126.0	22452.5845
90.0	127.00000000000001	22731.1248
90.0	128.0	23058.5348
90.0	129.0	23439.3016
90.0	130.0	23876.5512
90.0	131.0	24371.9051
90.0	132.0	24925.3889
90.0	133.0	25535.3978
90.0	134.0	26198.7195
90.0	135.0	26910.6143
90.0	136.0	27664.9488
90.0	137.0	28454.3782
90.0	138.0	29270.5687
90.0	139.0	30104.4538
90.0	140.0	30946.5105
90.0	141.0	31787.0483
90.0	142.0	32616.4964
90.0	143.0	33425.6804
90.0	144.0	34206.0757
90.0	145.0	34950.0308
90.0	146.0	35650.9488
90.0	147.0	36303.4247
90.0	148.0	36903.3317
90.0	149.0	37447.8549
90.0	150.0	37935.4736
90.0	151.0	38365.8944
90.0	152.0	38739.9387
90.0	153.0	39059.3932
90.0	154.0	39326.8298
90.0	155.0	39545.4049
90.0	156.0	39718.6483
90.0	157.0	39850.2529
90.0	158.0	39943.8735
90.0	159.0	40002.9465
90.0	160.0	40030.538
90.0	161.0	40029.2274
90.0	162.0	40001.0319
90.0	163.0	39947.3756
90.0	164.0	39869.1035
90.0	165.0	39766.5395
90.0	166.0	39639.5852
90.0	167.0	39487.8534
90.0	168.0	39310.8299
90.0	169.0	39108.0541
90.0	170.0	38879.3084
90.0	171.0	38624.8067
90.0	172.0	38345.3706
90.0	173.0	38042.5838
90.0	174.0	37718.9137
90.0	175.0	37377.794
90.0	176.0	37023.6605
90.0	177.0	36661.9361
90.0	178.0	36298.9623
90.0	179.0	35941.8782
90.0	180.0	35598.4495
90.0	181.0	35276.8515
90.0	181.99999999999997	34985.4146
90.0	182.99999999999997	34732.3417
90.0	183.99999999999997	34525.4065
90.0	184.99999999999997	34371.6466
90.0	185.99999999999997	34277.0631
90.0	186.99999999999997	34246.3396
90.0	188.0	34282.5923
90.0	188.99999999999997	34387.1641
90.0	190.0	34559.4708
90.0	190.99999999999997	34796.9093
90.0	192.0	35094.8315
90.0	192.99999999999997	35446.5895
90.0	193.99999999999997	35843.651
90.0	194.99999999999997	36275.7835
90.0	195.99999999999997	36731.3018
90.0	197.0	37197.3719
90.0	197.99999999999997	37660.3615
90.0	199.0	38106.2246
90.0	199.99999999999997	38520.9079
90.0	201.0	38890.7639
90.0	201.99999999999997	39202.9572
90.0	203.0	39445.8479
90.0	203.99999999999997	39609.3401
90.0	204.99999999999997	39685.1816
90.0	206.0	39667.2042
90.0	206.99999999999997	39551.4975
90.0	208.0	39336.5071
90.0	208.99999999999997	39023.0575
90.0	210.0	38614.2962
90.0	210.99999999999997	38115.5637
90.0	212.0	37534.1928
90.0	212.99999999999997	36879.2465
90.0	214.0	36161.2044
90.0	215.0	35391.608
90.0	216.0	34582.6807
90.0	217.0	33746.9344
90.0	217.99999999999997	32896.7787
90.0	219.00000000000003	32044.146
90.0	219.99999999999997	31200.1456
90.0	220.99999999999997	30374.7597
90.0	221.99999999999997	29576.5905
90.0	223.0	28812.6668
90.0	224.0	28088.3151
90.0	224.99999999999997	27407.0987
90.0	226.0	26770.8242
90.0	227.0	26179.613
90.0	228.0	25632.0336
90.0	229.0	25125.2854
90.0	230.0	24655.4271
90.0	230.99999999999997	24217.6373
90.0	232.00000000000003	23806.4959
90.0	233.0	23416.2745
90.0	233.99999999999997	23041.2229
90.0	234.99999999999994	22675.8407
90.0	236.0	22315.1226
90.0	237.0	21954.7684
90.0	238.0	21591.3498
90.0	239.0	21222.43
90.0	239.99999999999994	20846.6304
90.0	241.0	20463.6467
90.0	242.0	20074.2124
90.0	242.99999999999997	19680.017
90.0	243.99999999999994	19283.5814
90.0	245.0	18888.1003
90.0	246.0	18497.258
90.0	247.0	18115.0297
90.0	248.0	17745.4758
90.0	248.99999999999997	17392.5408
90.0	250.0	17059.8658
90.0	251.0	16750.6234
90.0	252.0	16467.3814
90.0	252.99999999999997	16212.0027
90.0	254.0	15985.5836
90.0	255.0	15788.4339
90.0	256.0	15620.0973
90.0	257.0	15479.4109
90.0	258.0	15364.6
90.0	259.0	15273.4016
90.0	260.0	15203.2105
90.0	261.0	15151.2399
90.0	262.0	15114.6875
90.0	263.0	15090.8983
90.0	264.0	15077.5167
90.0	265.0	15072.6181
90.0	266.0	15074.815
90.0	267.0	15083.3303
90.0	268.0	15098.036
90.0	269.0	15119.4529
90.0	270.0	15148.7132
90.0	271.0	15187.4863
90.0	272.0	15237.872
90.0	273.0	15302.2664
90.0	274.0	15383.2073
90.0	275.0	15483.206
90.0	276.0	15604.5755
90.0	277.0	15749.2628
90.0	278.0	15918.6946
90.0	279.0	16113.6443
90.0	280.0	16334.1288
90.0	281.0	16579.3398
90.0	282.0	16847.6146
90.0	283.0	17136.4501
90.0	284.0	17442.5589
90.0	285.0	17761.9684
90.0	286.0	18090.1574
90.0	287.0	18422.2274
90.0	288.0	18753.0993
90.0	289.0	19077.7293
90.0	290.0	19391.334
90.0	291.0	19689.6143
90.0	292.0	19968.9687
90.0	293.0	20226.6861
90.0	294.0	20461.1083
90.0	295.0	20671.7552
90.0	296.0	20859.4049
90.0	297.0	21026.1249
90.0	298.0	21175.2514
90.0	299.0	21311.3155
90.0	300.0	21439.9192
90.0	301.0	21567.5633
90.0	302.0	21701.4354
90.0	303.0	21849.1628
90.0	304.0	22018.5425
90.0	305.0	22217.2565
90.0	306.0	22452.5845
90.0	307.0	22731.1248
90.0	308.0	23058.5348
90.0	309.0	23439.3016
90.0	310.0	23876.5512
90.0	311.0	24371.9051
90.0	311.99999999999994	24925.3889
90.0	313.0	25535.3978
90.0	314.0	26198.7195
90.0	315.0	26910.6143
90.0	316.0	27664.9488
90.0	317.0	28454.3782
90.0	318.0	29270.5687
90.0	319.0	30104.4538
90.0	320.0	30946.5105
90.0	321.0	31787.0483
90.0	322.0	32616.4964
90.0	323.0	33425.6804
90.0	324.0	34206.0757
90.0	325.0	34950.0308
90.0	326.0	35650.9488
90.0	327.0	36303.4247
90.0	328.0	36903.3317
90.0	329.0	37447.8549
90.0	330.0	37935.4736
90.0	331.0	38365.8944
90.0	332.0	38739.9387
90.0	333.0	39059.3932
90.0	334.0	39326.8298
90.0	335.0	39545.4049
90.0	336.0	39718.6483
90.0	337.0	39850.2529
90.0	338.0	39943.8735
90.0	338.99999999999994	40002.9465
90.0	340.0	40030.538
90.0	341.0	40029.2274
90.0	342.0	40001.0319
90.0	343.0	39947.3756
90.0	344.0	39869.1035
90.0	345.0	39766.5395
90.0	346.0	39639.5852
90.0	347.0	39487.8534
90.0	347.99999999999994	39310.8299
90.0	349.0	39108.0541
90.0	350.0	38879.3084
90.0	351.0	38624.8067
90.0	352.0	38345.3706
90.0	353.0	38042.5838
90.0	354.0	37718.9137
90.0	355.0	37377.794
90.0	356.0	37023.6605
90.0	356.99999999999994	36661.9361
90.0	358.0	36298.9623
90.0	359.0	35941.8782
90.0	0.0	35609.2571
89.0	0.0	35398.5092
88.0	0.0	34933.019
87.00000000000001	0.0	34225.3547
86.0	0.0	33294.5396
85.0	0.0	32165.3566
84.0	0.0	30867.4461
83.0	0.0	29434.2331
82.0	0.0	27901.7301
81.0	0.0	26307.2637
80.0	0.0	24688.178
79.0	0.0	23080.5678
78.00000000000001	0.0	21518.0935
77.0	0.0	20030.9252
76.0	0.0	18644.8571
75.0	0.0	17380.6287
74.0	0.0	16253.4747
73.0	0.0	15272.9208
72.0	0.0	14442.8295
71.0	0.0	13761.6872
70.0	0.0	13223.1174
69.00000000000001	0.0	12816.5911
68.0	0.0	12528.2998
67.0	0.0	12342.1483
66.0	0.0	12240.8185
65.0	0.0	12206.8549
64.0	0.0	12223.7201
63.0	0.0	12276.7706
62.0	0.0	12354.1066
61.0	0.0	12447.2573
60.00000000000001	0.0	12551.6681
59.00000000000001	0.0	12666.9674
58.00000000000001	0.0	12796.9998
57.00000000000001	0.0	12949.6233
55.99999999999999	0.0	13136.2798
55.00000000000001	0.0	13371.3574
54.0	0.0	13671.3734
53.00000000000001	0.0	14054.0158
52.0	0.0	14537.0862
51.00000000000001	0.0	15137.3944
50.00000000000001	0.0	15869.6554
49.00000000000001	0.0	16745.4397
48.0	0.0	17772.2301
47.0	0.0	18952.6267
46.00000000000001	0.0	20283.7438
45.0	0.0	21756.8276
44.0	0.0	23357.1189
43.0	0.0	25063.9712
42.0	0.0	26851.2263
41.0	0.0	28687.8365
40.00000000000001	0.0	30538.7118
39.0	0.0	32365.762
37.99999999999999	0.0	34129.0935
37.0	0.0	35788.3133
36.0	0.0	37303.8902
35.0	0.0	38638.5169
34.0	0.0	39758.4188
33.0	0.0	40634.5555
31.99999999999999	0.0	41243.6674
31.0	0.0	41569.1218
30.000000000000004	0.0	41601.5268
29.00000000000001	0.0	41339.0842
28.000000000000007	0.0	40787.6699
27.00000000000001	0.0	39960.6361
25.999999999999996	0.0	38878.3445
25.000000000000004	0.0	37567.4487
24.000000000000004	0.0	36059.9561
22.999999999999993	0.0	34392.1071
21.999999999999996	0.0	32603.1168
21.0	0.0	30733.8322
20.00000000000001	0.0	28825.3568
19.000000000000014	0.0	26917.7
18.00000000000001	0.0	25048.5045
17.000000000000007	0.0	23251.9011
15.999999999999995	0.0	21557.5368
14.999999999999996	0.0	19989.8112
14.0	0.0	18567.35
12.999999999999996	0.0	17302.7309
12.000000000000018	0.0	16202.4702
10.999999999999993	0.0	15267.2626
10.000000000000012	0.0	14492.4592
8.999999999999984	0.0	13868.7572
7.999999999999981	0.0	13383.0664
7.000000000000025	0.0	13019.5082
6.000000000000026	0.0	12760.5017
4.999999999999992	0.0	12587.8825
4.000000000000042	0.0	12484.005
3.0000000000000444	0.0	12432.7736
1.9999999999999472	0.0	12420.5581
0.9999999999999002	0.0	12436.9505
0.0	0.0	12475.3273
0.9999999999999002	180.0	12533.1947
1.9999999999999472	180.0	12612.2985
3.0000000000000444	180.0	12718.4965
4.000000000000042	180.0	12861.398
4.999999999999992	180.0	13053.789
6.000000000000026	180.0	13310.8686
6.9999999999999725	180.0	13649.3334
7.999999999999981	180.0	14086.3526
8.999999999999984	180.0	14638.4806
10.000000000000012	180.0	15320.5597
10.999999999999993	180.0	16144.6635
11.999999999999988	180.0	17119.1327
12.999999999999996	180.0	18247.7479
14.0	180.0	19529.0828
14.999999999999996	180.0	20956.0686
15.999999999999995	180.0	22515.7951
16.99999999999999	180.0	24189.5621
17.999999999999986	180.0	25953.183
18.999999999999996	180.0	27777.5344
19.999999999999993	180.0	29629.3308
21.0	180.0	31472.0971
21.999999999999996	180.0	33267.3005
23.00000000000001	180.0	34975.5976
24.000000000000004	180.0	36558.1459
24.99999999999999	180.0	37977.928
26.000000000000007	180.0	39201.0328
26.999999999999996	180.0	40197.8431
28.000000000000007	180.0	40944.0791
28.999999999999996	180.0	41421.6572
29.999999999999993	180.0	41619.3258
31.0	180.0	41533.0552
31.99999999999999	180.0	41166.1639
33.0	180.0	40529.177
34.0	180.0	39639.4229
35.000000000000014	180.0	38520.3864
36.0	180.0	37200.844
37.000000000000014	180.0	35713.8187
37.99999999999999	180.0	34095.3974
38.99999999999999	180.0	32383.4603
40.00000000000001	180.0	30616.3741
40.999999999999986	180.0	28831.7023
42.0	180.0	27064.9856
43.0	180.0	25348.6404
44.00000000000001	180.0	23711.0184
45.0	180.0	22175.6638
46.000000000000014	180.0	20760.7945
47.0	180.0	19479.0242
47.999999999999986	180.0	18337.3322
49.00000000000001	180.0	17337.2753
49.99999999999999	180.0	16475.4277
51.00000000000001	180.0	15744.0236
51.99999999999999	180.0	15131.7679
53.000000000000014	180.0	14624.7756
53.99999999999999	180.0	14207.5924
55.000000000000014	180.0	13864.2483
55.99999999999999	180.0	13579.293
56.999999999999986	180.0	13338.7645
58.00000000000001	180.0	13131.0454
58.99999999999999	180.0	12947.5662
60.00000000000001	180.0	12783.3237
61.0	180.0	12637.1897
62.000000000000014	180.0	12511.9955
63.0	180.0	12414.39
64.00000000000001	180.0	12354.4755
65.0	180.0	12345.2408
65.99999999999999	180.0	12401.817
67.0	180.0	12540.5905
68.0	180.0	12778.2164
69.00000000000001	180.0	13130.5769
70.0	180.0	13611.7365
71.00000000000001	180.0	14232.9418
72.0	180.0	15001.7158
73.00000000000001	180.0	15921.091
74.0	180.0	16989.0195
74.99999999999999	180.0	18197.9919
76.0	180.0	19534.8872
77.0	180.0	20981.0648
78.00000000000001	180.0	22512.7018
79.0	180.0	24101.3644
80.00000000000001	180.0	25714.7949
81.0	180.0	27317.8846
82.00000000000001	180.0	28873.7941
83.0	180.0	30345.1783
83.99999999999999	180.0	31695.4639
85.0	180.0	32890.1297
86.0	180.0	33897.9359
87.00000000000001	180.0	34692.0514
88.0	180.0	35251.032
89.00000000000001	180.0	35559.6094
90.0	180.0	35609.2571
91.00000000000001	180.0	35398.5092
92.0	180.0	34933.019
92.99999999999999	180.0	34225.3547
94.0	180.0	33294.5396
95.0	180.0	32165.3566
96.00000000000001	180.0	30867.4461
97.0	180.0	29434.2331
98.00000000000001	180.0	27901.7301
99.0	180.0	26307.2637
100.00000000000001	180.0	24688.178
101.0	180.0	23080.5678
102.00000000000001	180.0	21518.0935
103.0	180.0	20030.9252
104.0	180.0	18644.8571
105.00000000000001	180.0	17380.6287
106.0	180.0	16253.4747
107.00000000000001	180.0	15272.9208
108.0	180.0	14442.8295
109.00000000000001	180.0	13761.6872
110.0	180.0	13223.1174
111.00000000000001	180.0	12816.5911
112.0	180.0	12528.2998
113.0	180.0	12342.1483
114.00000000000001	180.0	12240.8185
115.0	180.0	12206.8549
116.00000000000001	180.0	12223.7201
117.0	180.0	12276.7706
118.00000000000001	180.0	12354.1066
119.0	180.0	12447.2573
120.00000000000001	180.0	12551.6681
121.0	180.0	12666.9674
122.0	180.0	12796.9998
123.00000000000001	180.0	12949.6233
124.0	180.0	13136.2798
125.00000000000001	180.0	13371.3574
126.0	180.0	13671.3734
127.00000000000001	180.0	14054.0158
128.0	180.0	14537.0862
129.00000000000003	180.0	15137.3944
130.0	180.0	15869.6554
131.0	180.0	16745.4397
132.0	180.0	17772.2301
133.0	180.0	18952.6267
134.0	180.0	20283.7438
135.0	180.0	21756.8276
136.0	180.0	23357.1189
137.0	180.0	25063.9712
138.00000000000003	180.0	26851.2263
139.0	180.0	28687.8365
140.0	180.0	30538.7118
140.99999999999997	180.0	32365.762
142.00000000000003	180.0	34129.0935
143.0	180.0	35788.3133
144.0	180.0	37303.8902
145.0	180.0	38638.5169
146.00000000000003	180.0	39758.4188
147.00000000000003	180.0	40634.5555
148.0	180.0	41243.6674
149.0	180.0	41569.1218
149.99999999999997	180.0	41601.5268
151.00000000000003	180.0	41339.0842
152.0	180.0	40787.6699
153.0	180.0	39960.6361
154.0	180.0	38878.3445
155.00000000000003	180.0	37567.4487
156.00000000000003	180.0	36059.9561
157.0	180.0	34392.1071
158.0	180.0	32603.1168
158.99999999999997	180.0	30733.8322
160.00000000000003	180.0	28825.3568
161.0	180.0	26917.7
162.0	180.0	25048.5045
163.0	180.0	23251.9011
164.00000000000003	180.0	21557.5368
165.00000000000003	180.0	19989.8112
166.0	180.0	18567.35
167.0	180.0	17302.7309
167.99999999999997	180.0	16202.4702
169.00000000000003	180.0	15267.2626
169.99999999999997	180.0	14492.4592
170.99999999999997	180.0	13868.7572
172.0	180.0	13383.0664
173.00000000000003	180.0	13019.5082
174.00000000000003	180.0	12760.5017
175.0	180.0	12587.8825
175.99999999999997	180.0	12484.005
176.99999999999994	180.0	12432.7736
178.00000000000006	180.0	12420.5581
179.0000000000001	180.0	12436.9505
180.0	180.0	12475.3273
179.0000000000001	0.0	12533.1947
178.00000000000006	0.0	12612.2985
176.99999999999994	0.0	12718.4965
176.00000000000006	0.0	12861.398
175.0	0.0	13053.789
174.00000000000003	0.0	13310.8686
172.99999999999997	0.0	13649.3334
172.0	0.0	14086.3526
171.00000000000003	0.0	14638.4806
170.00000000000003	0.0	15320.5597
168.99999999999997	0.0	16144.6635
167.99999999999997	0.0	17119.1327
167.00000000000003	0.0	18247.7479
166.00000000000003	0.0	19529.0828
165.00000000000003	0.0	20956.0686
163.99999999999997	0.0	22515.7951
163.0	0.0	24189.5621
162.00000000000003	0.0	25953.183
161.00000000000003	0.0	27777.5344
160.0	0.0	29629.3308
159.0	0.0	31472.0971
158.00000000000003	0.0	33267.3005
157.00000000000003	0.0	34975.5976
156.00000000000003	0.0	36558.1459
154.99999999999997	0.0	37977.928
154.0	0.0	39201.0328
153.00000000000003	0.0	40197.8431
152.0	0.0	40944.0791
150.99999999999997	0.0	41421.6572
150.0	0.0	41619.3258
149.0	0.0	41533.0552
148.0	0.0	41166.1639
147.00000000000003	0.0	40529.177
146.0	0.0	39639.4229
145.0	0.0	38520.3864
144.00000000000003	0.0	37200.844
143.0	0.0	35713.8187
142.0	0.0	34095.3974
140.99999999999997	0.0	32383.4603
140.00000000000003	0.0	30616.3741
139.00000000000003	0.0	28831.7023
138.00000000000003	0.0	27064.9856
137.0	0.0	25348.6404
136.0	0.0	23711.0184
135.00000000000003	0.0	22175.6638
134.00000000000003	0.0	20760.7945
132.99999999999997	0.0	19479.0242
131.99999999999997	0.0	18337.3322
131.00000000000003	0.0	17337.2753
130.00000000000003	0.0	16475.4277
129.00000000000003	0.0	15744.0236
128.0	0.0	15131.7679
126.99999999999999	0.0	14624.7756
126.00000000000003	0.0	14207.5924
125.00000000000004	0.0	13864.2483
123.99999999999997	0.0	13579.293
122.99999999999999	0.0	13338.7645
122.0	0.0	13131.0454
121.0	0.0	12947.5662
120.00000000000001	0.0	12783.3237
119.0	0.0	12637.1897
118.00000000000001	0.0	12511.9955
117.00000000000003	0.0	12414.39
116.00000000000004	0.0	12354.4755
115.0	0.0	12345.2408
114.00000000000001	0.0	12401.817
113.00000000000001	0.0	12540.5905
112.00000000000003	0.0	12778.2164
111.00000000000004	0.0	13130.5769
110.0	0.0	13611.7365
109.00000000000001	0.0	14232.9418
108.00000000000003	0.0	15001.7158
107.00000000000004	0.0	15921.091
106.0	0.0	16989.0195
105.0	0.0	18197.9919
104.00000000000001	0.0	19534.8872
103.00000000000001	0.0	20981.0648
102.00000000000003	0.0	22512.7018
100.99999999999999	0.0	24101.3644
100.0	0.0	25714.7949
99.00000000000001	0.0	27317.8846
98.00000000000003	0.0	28873.7941
96.99999999999999	0.0	30345.1783
96.0	0.0	31695.4639
95.0	0.0	32890.1297
94.00000000000001	0.0	33897.9359
93.00000000000003	0.0	34692.0514
91.99999999999999	0.0	35251.032
91.0	0.0	35559.6094
90.0	90.0	15769.4386
89.0	90.0	15724.8228
88.0	90.0	15708.7139
87.00000000000001	90.0	15721.5914
86.0	90.0	15763.0507
85.0	90.0	15831.8401
84.0	90.0	15925.9351
83.0	90.0	16042.6443
82.0	90.0	16178.7445
81.0	90.0	16330.6366
80.0	90.0	16494.5168
79.0	90.0	16666.5546
78.00000000000001	90.0	16843.0698
77.0	90.0	17020.7013
76.0	90.0	17196.5593
75.0	90.0	17368.3541
74.0	90.0	17534.4969
73.0	90.0	17694.1671
72.0	90.0	17847.3423
71.0	90.0	17994.7918
70.0	90.0	18138.031
69.00000000000001	90.0	18279.2405
68.0	90.0	18421.1519
67.0	90.0	18566.906
66.0	90.0	18719.888
65.0	90.0	18883.5486
64.0	90.0	19061.216
63.0	90.0	19255.9096
62.0	90.0	19470.16
61.0	90.0	19705.8468
60.00000000000001	90.0	19964.0578
59.00000000000001	90.0	20244.9776
58.00000000000001	90.0	20547.8102
57.00000000000001	90.0	20870.7393
55.99999999999999	90.0	21210.927
55.00000000000001	90.0	21564.5543
54.0	90.0	21926.8985
53.00000000000001	90.0	22292.4483
52.0	90.0	22655.0501
51.00000000000001	90.0	23008.0805
50.00000000000001	90.0	23344.6401
49.00000000000001	90.0	23657.7587
48.0	90.0	23940.6065
47.0	90.0	24186.7025
46.00000000000001	90.0	24390.1119
45.0	90.0	24545.626
44.0	90.0	24648.9183
43.0	90.0	24696.6699
42.0	90.0	24686.6623
41.0	90.0	24617.8315
40.00000000000001	90.0	24490.2861
39.0	90.0	24305.2847
37.99999999999999	90.0	24065.1792
37.0	90.0	23773.3224
36.0	90.0	23433.9472
35.0	90.0	23052.022
34.0	90.0	22633.0868
33.0	90.0	22183.0793
31.99999999999999	90.0	21708.1552
31.0	90.0	21214.5115
30.000000000000004	90.0	20708.219
29.00000000000001	90.0	20195.0685
28.000000000000007	90.0	19680.4383
27.00000000000001	90.0	19169.1856
25.999999999999996	90.0	18665.564
25.000000000000004	90.0	18173.1723
24.000000000000004	90.0	17694.9303
22.999999999999993	90.0	17233.0852
21.999999999999996	90.0	16789.2436
21.0	90.0	16364.4279
20.00000000000001	90.0	15959.1521
19.000000000000014	90.0	15573.5123
18.00000000000001	90.0	15207.2878
17.000000000000007	90.0	14860.0463
15.999999999999995	90.0	14531.2486
14.999999999999996	90.0	14220.347
14.0	90.0	13926.874
12.999999999999996	90.0	13650.516
12.000000000000018	90.0	13391.1704
10.999999999999993	90.0	13148.9826
10.000000000000012	90.0	12924.3637
8.999999999999984	90.0	12717.9866
7.999999999999981	90.0	12530.7643
7.000000000000025	90.0	12363.8102
6.000000000000026	90.0	12218.384
4.999999999999992	90.0	12095.8276
4.000000000000042	90.0	11997.4937
3.0000000000000444	90.0	11924.6715
1.9999999999999472	90.0	11878.5155
0.9999999999999002	90.0	11859.9783
0.0	90.0	11869.7545
0.9999999999999002	270.0	11908.2365
1.9999999999999472	270.0	11975.486
3.0000000000000444	270.0	12071.2211
4.000000000000042	270.0	12194.8217
4.999999999999992	270.0	12345.3512
6.000000000000026	270.0	12521.5939
6.9999999999999725	270.0	12722.1059
7.999999999999981	270.0	12945.2763
8.999999999999984	270.0	13189.3958
10.000000000000012	270.0	13452.7277
10.999999999999993	270.0	13733.5785
11.999999999999988	270.0	14030.3623
12.999999999999996	270.0	14341.6569
14.0	270.0	14666.2463
14.999999999999996	270.0	15003.1477
15.999999999999995	270.0	15351.6207
16.99999999999999	270.0	15711.1578
17.999999999999986	270.0	16081.4548
18.999999999999996	270.0	16462.3633
19.999999999999993	270.0	16853.8267
21.0	270.0	17255.8021
21.999999999999996	270.0	17668.1721
23.00000000000001	270.0	18090.6513
24.000000000000004	270.0	18522.691
24.99999999999999	270.0	18963.389
26.000000000000007	270.0	19411.4082
26.999999999999996	270.0	19864.9101
28.000000000000007	270.0	20321.5064
28.999999999999996	270.0	20778.2341
29.999999999999993	270.0	21231.5557
31.0	270.0	21677.3872
31.99999999999999	270.0	22111.1542
33.0	270.0	22527.8754
34.0	270.0	22922.2728
35.000000000000014	270.0	23288.9035
36.0	270.0	23622.3111
37.000000000000014	270.0	23917.1898
37.99999999999999	270.0	24168.5561
38.99999999999999	270.0	24371.9214
40.00000000000001	270.0	24523.4581
40.999999999999986	270.0	24620.1535
42.0	270.0	24659.9433
43.0	270.0	24641.8198
44.00000000000001	270.0	24565.9097
45.0	270.0	24433.5162
46.000000000000014	270.0	24247.124
47.0	270.0	24010.3644
47.999999999999986	270.0	23727.942
49.00000000000001	270.0	23405.523
49.99999999999999	270.0	23049.5898
51.00000000000001	270.0	22667.2655
51.99999999999999	270.0	22266.1141
53.000000000000014	270.0	21853.9238
53.99999999999999	270.0	21438.4808
55.000000000000014	270.0	21027.341
55.99999999999999	270.0	20627.6093
56.999999999999986	270.0	20245.7335
58.00000000000001	270.0	19887.3206
58.99999999999999	270.0	19556.9832
60.00000000000001	270.0	19258.2202
61.0	270.0	18993.3379
62.000000000000014	270.0	18763.4136
63.0	270.0	18568.3028
64.00000000000001	270.0	18406.6905
65.0	270.0	18276.1835
65.99999999999999	270.0	18173.4408
67.0	270.0	18094.3368
68.0	270.0	18034.15
69.00000000000001	270.0	17987.7718
70.0	270.0	17949.9242
71.00000000000001	270.0	17915.3816
72.0	270.0	17879.1842
73.00000000000001	270.0	17836.8379
74.0	270.0	17784.4913
74.99999999999999	270.0	17719.083
76.0	270.0	17638.4553
77.0	270.0	17541.4282
78.00000000000001	270.0	17427.8324
79.0	270.0	17298.5007
80.00000000000001	270.0	17155.2175
81.0	270.0	17000.6305
82.00000000000001	270.0	16838.1277
83.0	270.0	16671.6855
83.99999999999999	270.0	16505.6948
85.0	270.0	16344.7726
86.0	270.0	16193.5666
87.00000000000001	270.0	16056.5619
88.0	270.0	15937.8971
89.00000000000001	270.0	15841.1987
90.0	270.0	15769.4386
91.00000000000001	270.0	15724.8228
92.0	270.0	15708.7139
92.99999999999999	270.0	15721.5914
94.0	270.0	15763.0507
95.0	270.0	15831.8401
96.00000000000001	270.0	15925.9351
97.0	270.0	16042.6443
98.00000000000001	270.0	16178.7445
99.0	270.0	16330.6366
100.00000000000001	270.0	16494.5168
101.0	270.0	16666.5546
102.00000000000001	270.0	16843.0698
103.0	270.0	17020.7013
104.0	270.0	17196.5593
105.00000000000001	270.0	17368.3541
106.0	270.0	17534.4969
107.00000000000001	270.0	17694.1671
108.0	270.0	17847.3423
109.00000000000001	270.0	17994.7918
110.0	270.0	18138.031
111.00000000000001	270.0	18279.2405
112.0	270.0	18421.1519
113.0	270.0	18566.906
114.00000000000001	270.0	18719.888
115.0	270.0	18883.5486
116.00000000000001	270.0	19061.216
117.0	270.0	19255.9096
118.00000000000001	270.0	19470.16
119.0	270.0	19705.8468
120.00000000000001	270.0	19964.0578
121.0	270.0	20244.9776
122.0	270.0	20547.8102
123.00000000000001	270.0	20870.7393
124.0	270.0	21210.927
125.00000000000001	270.0	21564.5543
126.0	270.0	21926.8985
127.00000000000001	270.0	22292.4483
128.0	270.0	22655.0501
129.00000000000003	270.0	23008.0805
130.0	270.0	23344.6401
131.0	270.0	23657.7587
132.0	270.0	23940.6065
133.0	270.0	24186.7025
134.0	270.0	24390.1119
135.0	270.0	24545.626
136.0	270.0	24648.9183
137.0	270.0	24696.6699
138.00000000000003	270.0	24686.6623
139.0	270.0	24617.8315
140.0	270.0	24490.2861
140.99999999999997	270.0	24305.2847
142.00000000000003	270.0	24065.1792
143.0	270.0	23773.3224
144.0	270.0	23433.9472
145.0	270.0	23052.022
146.00000000000003	270.0	22633.0868
147.00000000000003	270.0	22183.0793
148.0	270.0	21708.1552
149.0	270.0	21214.5115
149.99999999999997	270.0	20708.219
151.00000000000003	270.0	20195.0685
152.0	270.0	19680.4383
153.0	270.0	19169.1856
154.0	270.0	18665.564
155.00000000000003	270.0	18173.1723
156.00000000000003	270.0	17694.9303
157.0	270.0	17233.0852
158.0	270.0	16789.2436
158.99999999999997	270.0	16364.4279
160.00000000000003	270.0	15959.1521
161.0	270.0	15573.5123
162.0	270.0	15207.2878
163.0	270.0	14860.0463
164.00000000000003	270.0	14531.2486
165.00000000000003	270.0	14220.347
166.0	270.0	13926.874
167.0	270.0	13650.516
167.99999999999997	270.0	13391.1704
169.00000000000003	270.0	13148.9826
169.99999999999997	270.0	12924.3637
170.99999999999997	270.0	12717.9866
172.0	270.0	12530.7643
173.00000000000003	270.0	12363.8102
174.00000000000003	270.0	12218.384
175.0	270.0	12095.8276
175.99999999999997	270.0	11997.4937
176.99999999999994	270.0	11924.6715
178.00000000000006	270.0	11878.5155
179.0000000000001	270.0	11859.9783
180.0	270.0	11869.7545
179.0000000000001	90.0	11908.2365
178.00000000000006	90.0	11975.486
176.99999999999994	90.0	12071.2211
176.00000000000006	90.0	12194.8217
175.0	90.0	12345.3512
174.00000000000003	90.0	12521.5939
172.99999999999997	90.0	12722.1059
172.0	90.0	12945.2763
171.00000000000003	90.0	13189.3958
170.00000000000003	90.0	13452.7277
168.99999999999997	90.0	13733.5785
167.99999999999997	90.0	14030.3623
167.00000000000003	90.0	14341.6569
166.00000000000003	90.0	14666.2463
165.00000000000003	90.0	15003.1477
163.99999999999997	90.0	15351.6207
163.0	90.0	15711.1578
162.00000000000003	90.0	16081.4548
161.00000000000003	90.0	16462.3633
160.0	90.0	16853.8267
159.0	90.0	17255.8021
158.00000000000003	90.0	17668.1721
157.00000000000003	90.0	18090.6513
156.00000000000003	90.0	18522.691
154.99999999999997	90.0	18963.389
154.0	90.0	19411.4082
153.00000000000003	90.0	19864.9101
152.0	90.0	20321.5064
150.99999999999997	90.0	20778.2341
150.0	90.0	21231.5557
149.0	90.0	21677.3872
148.0	90.0	22111.1542
147.00000000000003	90.0	22527.8754
146.0	90.0	22922.2728
145.0	90.0	23288.9035
144.00000000000003	90.0	23622.3111
143.0	90.0	23917.1898
142.0	90.0	24168.5561
140.99999999999997	90.0	24371.9214
140.00000000000003	90.0	24523.4581
139.00000000000003	90.0	24620.1535
138.00000000000003	90.0	24659.9433
137.0	90.0	24641.8198
136.0	90.0	24565.9097
135.00000000000003	90.0	24433.5162
134.00000000000003	90.0	24247.124
132.99999999999997	90.0	24010.3644
131.99999999999997	90.0	23727.942
131.00000000000003	90.0	23405.523
130.00000000000003	90.0	23049.5898
129.00000000000003	90.0	22667.2655
128.0	90.0	22266.1141
126.99999999999999	90.0	21853.9238
126.00000000000003	90.0	21438.4808
125.00000000000004	90.0	21027.341
123.99999999999997	90.0	20627.6093
122.99999999999999	90.0	20245.7335
122.0	90.0	19887.3206
121.0	90.0	19556.9832
120.00000000000001	90.0	19258.2202
119.0	90.0	18993.3379
118.00000000000001	90.0	18763.4136
117.00000000000003	90.0	18568.3028
116.00000000000004	90.0	18406.6905
115.0	90.0	18276.1835
114.00000000000001	90.0	18173.4408
113.00000000000001	90.0	18094.3368
112.00000000000003	90.0	18034.15
111.00000000000004	90.0	17987.7718
110.0	90.0	17949.9242
109.00000000000001	90.0	17915.3816
108.00000000000003	90.0	17879.1842
107.00000000000004	90.0	17836.8379
106.0	90.0	17784.4913
105.0	90.0	17719.083
104.00000000000001	90.0	17638.4553
103.00000000000001	90.0	17541.4282
102.00000000000003	90.0	17427.8324
100.99999999999999	90.0	17298.5007
100.0	90.0	17155.2175
99.00000000000001	90.0	17000.6305
98.00000000000003	90.0	16838.1277
96.99999999999999	90.0	16671.6855
96.0	90.0	16505.6948
95.0	90.0	16344.7726
94.00000000000001	90.0	16193.5666
93.00000000000003	90.0	16056.5619
91.99999999999999	90.0	15937.8971
91.0	90.0	15841.1987
