Polar Angle 	 Azimuth Angle 	 Intensity 
90.0	90.0	2505.081
89.29291116952395	89.29285731821274	2493.1923
88.58593006627854	88.58549920658245	2465.0532
87.87916453235917	87.87771010413212	2421.2847
87.1727226397129	87.16927418789815	2362.847
86.4667128053692	86.45997524264364	2291.0096
85.76124390703504	85.74959653142929	2207.3122
85.05642539917308	85.03792066734437	2113.5173
84.3523674296794	84.32472948671335	2011.5566
83.64918095727445	83.60980392411285	1903.4727
82.94697786971682	82.89292388955346	1791.3593
82.24587110294536	82.17386814820766	1677.2995
81.54597476125012	81.45241420309306	1563.308
80.84740423856572	80.72833818115458	1451.2753
80.15027634097487	80.0014147232256	1342.9189
79.45470941050044	79.27141687839094	1239.7409
78.76082345025607	78.5381160033205	1142.9948
78.0687402510143	77.80128166719327	1053.6616
77.37858351923944	77.06068156288816	972.4359
76.69047900661849	76.31608142517841	899.7226
76.00455464110858	75.56724495673262	835.6435
75.32094065950206	74.81393376279749	780.0535
74.63976974149092	74.05590729551355	732.5655
73.96117714519126	73.29292280889818	692.5828
73.28530084406378	72.52473532561788	659.337
72.61228166514054	71.7510976167656	631.9305
71.94226342843773	70.97176019595781	609.3815
71.27539308740191	70.18647132917059	590.6693
70.61182087020094	69.39497706184336	574.7784
69.95170042163069	68.59702126489356	560.7404
69.29518894536457	67.79234570140352	547.6708
68.64244734622547	66.98069011586378	534.8
67.99364037210603	66.16179234798135	521.4983
67.34893675510656	65.33538847318859	507.2928
66.70850935139694	64.50121297211548	491.8765
66.07253527924108	63.65899893141411	475.1099
65.44119605454999	62.808478278447	457.0144
64.81467772324949	61.94938205246937	437.7594
64.19317098966519	61.081440715044565	417.6424
63.57687134003648	60.20438450253143	397.0648
62.965979160175145	59.31794382356658	376.5034
62.36069984618289	58.4218497045308	356.48
61.761243907035045	57.515834286031215	337.5297
61.16782705772538	56.59963137344585	320.1703
60.58067030155157	55.67297704455769	304.8732
59.99999999999999	54.735610317245346	292.0376
59.42604792856702	53.787273880091085	281.9696
58.8590513167294	52.827714888604646	274.8659
58.29925287015328	51.85668582953758	270.8032
57.74690077310915	50.87394545546753	269.7347
57.20224866894282	49.87925979145702	271.4911
56.66555561634145	48.87240321512806	275.7894
56.13708601903233	47.85315961093413	282.2456
55.61710952646371	46.821323598745	290.3929
55.10590090294487	45.776701836081465	299.703
54.60373986267208	44.71911439243896	309.611
54.11091086804023	43.6483961931151	319.5405
53.62770288864506	42.564398528805846	328.9296
53.154409118419395	41.46699062595427	337.2563
52.691326648427214	40.356061271430136	344.0606
52.23875609296496	39.23152048359226	348.9643
51.79700116679687	38.09330122015014	351.6865
51.36636821158484	36.941361111512535	352.0542
50.94716566986906	35.77568420650932	350.008
50.539703505316	34.59628271552699	345.6026
50.14429256838126	33.40319873424199	339.0012
49.76124390703504	32.19650592930866	330.4665
49.390868022772075	30.976311165609783	320.3454
49.03347407277117	29.742756053058372	309.0518
48.68936901978189	28.496018389510258	297.0453
48.35885673209022	27.236313475170732	284.8091
48.04223703674405	25.963895273021652	272.8264
47.73980473009234	24.679057389323834	261.558
47.45184855059514	23.382133848230776	251.4206
47.178650119779434	22.07349963504216	242.7684
46.920482858129056	20.753570983684796	235.8775
46.677610883583455	19.422805385675183	230.9342
46.450287901158305	18.08170130012181	228.0284
46.23875609296496	16.730797547275397	227.1511
46.043245018569806	15.370672371723243	228.1973
45.86397053617525	14.001942165516926	230.9732
45.701133755495384	12.625259846263035	235.2073
45.554920033420714	11.241312890415616	240.5663
45.42549802359849	9.850821027578828	246.6724
45.31301879088406	8.454533607433808	253.1233
45.21761500123496	7.053226656798624	259.5136
45.1394001970194	5.647699650155149	265.4549
45.07846816689916	4.238772022564465	270.5962
45.03489241843145	2.8272794590735852	274.6412
45.00872576033472	1.414069999328503	277.3632
45.0	4.961562726608714e-15	278.6166
45.00872576033472	358.5859300006715	278.3438
45.03489241843145	357.17272054092643	276.5779
45.07846816689916	355.76122797743557	273.4406
45.1394001970194	354.3523003498448	269.1363
45.21761500123496	352.94677334320136	263.9408
45.31301879088406	351.5454663925662	258.1879
45.42549802359848	350.14917897242117	252.2517
45.554920033420714	348.7586871095844	246.5278
45.701133755495384	347.374740153737	241.4127
45.86397053617525	345.99805783448306	237.2835
46.043245018569806	344.62932762827677	234.4781
46.238756092964955	343.26920245272464	233.2775
46.450287901158305	341.91829869987816	233.8909
46.677610883583455	340.5771946143248	236.4439
46.920482858129056	339.2464290163152	240.9708
47.178650119779434	337.92650036495786	247.412
47.45184855059512	336.61786615176925	255.6153
47.73980473009234	335.3209426106762	265.3421
48.04223703674405	334.03610472697835	276.278
48.3588567320902	332.76368652482927	288.047
48.68936901978189	331.50398161048975	300.2295
49.03347407277117	330.2572439469416	312.3818
49.39086802277208	329.0236888343902	324.058
49.76124390703504	327.80349407069133	334.8311
50.14429256838125	326.596801265758	344.3151
50.539703505316005	325.40371728447303	352.1836
50.94716566986905	324.2243157934907	358.1869
51.36636821158484	323.05863888848745	362.1655
51.79700116679685	321.9066987798499	364.059
52.23875609296496	320.76847951640775	363.9106
52.691326648427214	319.6439387285699	361.8664
53.154409118419395	318.5330093740457	358.1702
53.62770288864506	317.43560147119416	353.1528
54.11091086804023	316.3516038068849	347.2178
54.60373986267208	315.28088560756106	340.8228
55.10590090294487	314.2232981639185	334.4585
55.617109526463715	313.17867640125496	328.6253
56.13708601903233	312.14684038906586	323.8099
56.66555561634144	311.12759678487197	320.4615
57.20224866894282	310.120740208543	318.9702
57.74690077310915	309.1260545445325	319.6475
58.29925287015328	308.1433141704624	322.7114
58.8590513167294	307.17228511139535	328.2751
59.42604792856702	306.2127261199089	336.3414
59.99999999999999	305.26438968275465	346.8027
60.58067030155157	304.3270229554423	359.4467
61.16782705772538	303.40036862655415	373.9679
61.76124390703503	302.4841657139688	389.9844
62.36069984618289	301.5781502954692	407.0592
62.96597916017513	300.68205617643343	424.7252
63.57687134003648	299.7956154974686	442.5138
64.19317098966519	298.91855928495545	459.9833
64.81467772324949	298.0506179475306	476.7489
65.44119605454999	297.191521721553	492.5104
66.0725352792411	296.3410010685859	507.0777
66.70850935139694	295.49878702788453	520.3922
67.34893675510656	294.6646115268114	532.542
67.99364037210603	293.83820765201864	543.7727
68.64244734622547	293.0193098841362	554.4891
69.29518894536457	292.2076542985965	565.2511
69.95170042163069	291.40297873510644	576.761
70.61182087020094	290.60502293815665	589.8437
71.2753930874019	289.81352867082944	605.4199
71.94226342843773	289.0282398040422	624.473
72.61228166514054	288.2489023832344	648.0108
73.28530084406377	287.4752646743821	677.0242
73.96117714519126	286.7070771911018	712.4431
74.63976974149092	285.9440927044865	755.0919
75.32094065950206	285.1860662372025	805.6466
76.00455464110858	284.4327550432674	864.5951
76.6904790066185	283.6839185748216	932.202
77.37858351923944	282.93931843711187	1008.4799
78.0687402510143	282.1987183328067	1093.1691
78.76082345025605	281.4618839966795	1185.7248
79.45470941050044	280.72858312160906	1285.316
80.15027634097487	279.9985852767744	1390.8325
80.84740423856572	279.2716618188454	1500.9032
81.54597476125012	278.54758579690696	1613.924
82.24587110294536	277.82613185179235	1728.0949
82.94697786971682	277.10707611044654	1841.4647
83.64918095727445	276.39019607588716	1951.9827
84.3523674296794	275.67527051328665	2057.5551
85.05642539917308	274.96207933265566	2156.1046
85.76124390703502	274.2504034685707	2245.6313
86.4667128053692	273.5400247573564	2324.2713
87.17272263971289	272.83072581210183	2390.3537
87.87916453235917	272.1222898958679	2442.4513
88.58593006627854	271.4145007934176	2479.4245
89.29291116952395	270.7071426817872	2500.4569
90.0	270.0	2505.081
90.70708883047607	269.2928573182127	2493.1923
91.41406993372146	268.5854992065824	2465.0532
92.12083546764083	267.8777101041321	2421.2847
92.82727736028711	267.16927418789817	2362.847
93.5332871946308	266.4599752426436	2291.0096
94.23875609296496	265.7495965314293	2207.3122
94.94357460082692	265.03792066734434	2113.5173
95.64763257032061	264.32472948671335	2011.5566
96.35081904272555	263.60980392411284	1903.4727
97.05302213028318	262.89292388955346	1791.3593
97.75412889705464	262.17386814820765	1677.2995
98.45402523874989	261.45241420309304	1563.308
99.15259576143428	260.7283381811546	1451.2753
99.84972365902512	260.0014147232256	1342.9189
100.54529058949956	259.27141687839094	1239.7409
101.23917654974393	258.5381160033205	1142.9948
101.93125974898571	257.8012816671933	1053.6616
102.62141648076054	257.06068156288813	972.4359
103.30952099338153	256.31608142517837	899.7226
103.99544535889142	255.56724495673262	835.6435
104.67905934049796	254.8139337627975	780.0535
105.36023025850908	254.05590729551355	732.5655
106.03882285480874	253.2929228088982	692.5828
106.71469915593623	252.52473532561788	659.337
107.38771833485946	251.7510976167656	631.9305
108.05773657156229	250.9717601959578	609.3815
108.7246069125981	250.18647132917056	590.6693
109.38817912979906	249.39497706184335	574.7784
110.04829957836931	248.59702126489356	560.7404
110.70481105463544	247.79234570140352	547.6708
111.35755265377453	246.98069011586378	534.8
112.00635962789397	246.16179234798136	521.4983
112.65106324489344	245.33538847318857	507.2928
113.29149064860306	244.50121297211547	491.8765
113.92746472075892	243.6589989314141	475.1099
114.55880394545001	242.808478278447	457.0144
115.18532227675053	241.9493820524694	437.7594
115.8068290103348	241.08144071504458	417.6424
116.42312865996352	240.2043845025314	397.0648
117.03402083982486	239.31794382356657	376.5034
117.63930015381712	238.4218497045308	356.48
118.23875609296496	237.5158342860312	337.5297
118.83217294227461	236.59963137344585	320.1703
119.41932969844842	235.67297704455768	304.8732
120.00000000000001	234.73561031724535	292.0376
120.573952071433	233.78727388009108	281.9696
121.14094868327061	232.82771488860465	274.8659
121.70074712984672	231.85668582953755	270.8032
122.25309922689084	230.87394545546752	269.7347
122.79775133105717	229.879259791457	271.4911
123.33444438365854	228.8724032151281	275.7894
123.86291398096766	227.8531596109341	282.2456
124.38289047353629	226.82132359874498	290.3929
124.89409909705513	225.7767018360815	299.703
125.39626013732791	224.71911439243897	309.611
125.88908913195978	223.64839619311508	319.5405
126.37229711135494	222.56439852880584	328.9296
126.84559088158062	221.46699062595428	337.2563
127.30867335157278	220.35606127143015	344.0606
127.76124390703504	219.23152048359228	348.9643
128.20299883320317	218.0933012201501	351.6865
128.6336317884152	216.94136111151252	352.0542
129.05283433013093	215.7756842065093	350.008
129.460296494684	214.59628271552702	345.6026
129.85570743161875	213.40319873424195	339.0012
130.23875609296496	212.19650592930864	330.4665
130.60913197722795	210.9763111656098	320.3454
130.96652592722884	209.74275605305837	309.0518
131.31063098021812	208.49601838951028	297.0453
131.6411432679098	207.2363134751707	284.8091
131.95776296325596	205.96389527302162	272.8264
132.26019526990768	204.67905738932384	261.558
132.54815144940486	203.38213384823078	251.4206
132.8213498802206	202.07349963504214	242.7684
133.07951714187095	200.75357098368477	235.8775
133.32238911641656	199.4228053856752	230.9342
133.5497120988417	198.08170130012184	228.0284
133.76124390703504	196.73079754727542	227.1511
133.9567549814302	195.3706723717232	228.1973
134.13602946382477	194.0019421655169	230.9732
134.2988662445046	192.62525984626305	235.2073
134.44507996657927	191.24131289041563	240.5663
134.57450197640154	189.8508210275788	246.6724
134.68698120911597	188.4545336074338	253.1233
134.78238499876502	187.0532266567986	259.5136
134.8605998029806	185.64769965015518	265.4549
134.92153183310086	184.2387720225645	270.5962
134.96510758156856	182.82727945907357	274.6412
134.99127423966527	181.4140699993285	277.3632
135.0	180.0	278.6166
134.99127423966527	178.58593000067157	278.3438
134.96510758156856	177.1727205409264	276.5779
134.92153183310086	175.76122797743554	273.4406
134.8605998029806	174.35230034984485	269.1363
134.78238499876502	172.94677334320141	263.9408
134.68698120911597	171.54546639256625	258.1879
134.57450197640154	170.14917897242117	252.2517
134.44507996657927	168.7586871095844	246.5278
134.2988662445046	167.37474015373698	241.4127
134.13602946382477	165.9980578344831	237.2835
133.9567549814302	164.62932762827674	234.4781
133.76124390703504	163.2692024527246	233.2775
133.5497120988417	161.9182986998782	233.8909
133.32238911641656	160.57719461432484	236.4439
133.07951714187095	159.24642901631526	240.9708
132.82134988022057	157.92650036495783	247.412
132.54815144940488	156.61786615176925	255.6153
132.26019526990768	155.32094261067618	265.3421
131.95776296325596	154.03610472697838	276.278
131.6411432679098	152.76368652482927	288.047
131.31063098021812	151.50398161048975	300.2295
130.96652592722884	150.25724394694163	312.3818
130.60913197722795	149.02368883439024	324.058
130.23875609296496	147.80349407069139	334.8311
129.85570743161873	146.596801265758	344.3151
129.46029649468403	145.403717284473	352.1836
129.05283433013096	144.22431579349072	358.1869
128.6336317884152	143.0586388884875	362.1655
128.20299883320317	141.90669877984988	364.059
127.76124390703505	140.76847951640775	363.9106
127.3086733515728	139.64393872856988	361.8664
126.84559088158062	138.53300937404575	358.1702
126.37229711135495	137.4356014711942	353.1528
125.88908913195978	136.35160380688492	347.2178
125.39626013732794	135.28088560756106	340.8228
124.89409909705515	134.22329816391854	334.4585
124.38289047353632	133.17867640125502	328.6253
123.86291398096766	132.14684038906586	323.8099
123.33444438365856	131.12759678487194	320.4615
122.7977513310572	130.120740208543	318.9702
122.25309922689087	129.12605454453248	319.6475
121.70074712984675	128.14331417046245	322.7114
121.14094868327061	127.17228511139534	328.2751
120.57395207143298	126.21272611990892	336.3414
120.00000000000001	125.26438968275468	346.8027
119.41932969844845	124.32702295544235	359.4467
118.83217294227461	123.40036862655414	373.9679
118.23875609296496	122.48416571396879	389.9844
117.63930015381712	121.57815029546921	407.0592
117.03402083982486	120.68205617643345	424.7252
116.42312865996352	119.79561549746859	442.5138
115.8068290103348	118.91855928495542	459.9833
115.18532227675053	118.05061794753063	476.7489
114.55880394545002	117.19152172155302	492.5104
113.92746472075895	116.34100106858591	507.0777
113.29149064860304	115.49878702788452	520.3922
112.65106324489344	114.66461152681141	532.542
112.00635962789399	113.83820765201867	543.7727
111.35755265377455	113.01930988413625	554.4891
110.70481105463546	112.20765429859652	565.2511
110.04829957836931	111.40297873510644	576.761
109.38817912979906	110.60502293815665	589.8437
108.7246069125981	109.81352867082943	605.4199
108.05773657156229	109.02823980404222	624.473
107.38771833485946	108.2489023832344	648.0108
106.71469915593623	107.47526467438213	677.0242
106.03882285480876	106.70707719110183	712.4431
105.36023025850909	105.94409270448648	755.0919
104.67905934049797	105.18606623720254	805.6466
103.99544535889142	104.43275504326738	864.5951
103.30952099338151	103.68391857482159	932.202
102.62141648076056	102.93931843711185	1008.4799
101.93125974898572	102.19871833280676	1093.1691
101.23917654974393	101.4618839966795	1185.7248
100.54529058949956	100.72858312160906	1285.316
99.84972365902513	99.99858527677442	1390.8325
99.15259576143428	99.27166181884544	1500.9032
98.4540252387499	98.54758579690696	1613.924
97.75412889705464	97.82613185179234	1728.0949
97.05302213028318	97.10707611044654	1841.4647
96.35081904272556	96.39019607588716	1951.9827
95.64763257032062	95.67527051328666	2057.5551
94.94357460082692	94.96207933265563	2156.1046
94.23875609296496	94.25040346857071	2245.6313
93.53328719463082	93.54002475735638	2324.2713
92.82727736028713	92.83072581210186	2390.3537
92.12083546764086	92.12228989586791	2442.4513
91.41406993372146	91.41450079341756	2479.4245
90.70708883047607	90.70714268178726	2500.4569
