Polar Angle 	 Azimuth Angle 	 Intensity 
90.0	45.0	3499.3244
89.0	45.0	3487.5391
88.0	45.0	3469.5598
87.00000000000001	45.0	3445.6627
86.0	45.0	3416.2199
85.0	45.0	3381.6941
84.0	45.0	3342.633
83.0	45.0	3299.663
82.0	45.0	3253.4824
81.0	45.0	3204.8545
80.0	45.0	3154.6003
79.0	45.0	3103.5911
78.00000000000001	45.0	3052.74
77.0	45.0	3002.9942
76.0	45.0	2955.326
75.0	45.0	2910.7237
74.0	45.0	2870.1817
73.0	45.0	2834.6903
72.0	45.0	2805.2243
71.0	45.0	2782.7314
70.0	45.0	2768.1189
69.00000000000001	45.0	2762.2408
68.0	45.0	2765.883
67.0	45.0	2779.7482
66.0	45.0	2804.4405
65.0	45.0	2840.4496
64.0	45.0	2888.1342
63.0	45.0	2947.7068
62.0	45.0	3019.2185
61.0	45.0	3102.5448
60.00000000000001	45.0	3197.3733
59.00000000000001	45.0	3303.1934
58.00000000000001	45.0	3419.2887
57.00000000000001	45.0	3544.7322
55.99999999999999	45.0	3678.3855
55.00000000000001	45.0	3818.9019
54.0	45.0	3964.7342
53.00000000000001	45.0	4114.1467
52.0	45.0	4265.2327
51.00000000000001	45.0	4415.9368
50.00000000000001	45.0	4564.0819
49.00000000000001	45.0	4707.401
48.0	45.0	4843.5732
47.0	45.0	4970.2635
46.00000000000001	45.0	5085.1654
45.0	45.0	5186.0456
44.0	45.0	5270.7904
43.0	45.0	5337.4509
42.0	45.0	5384.2887
41.0	45.0	5409.8181
40.00000000000001	45.0	5412.8453
39.0	45.0	5392.5026
37.99999999999999	45.0	5348.2772
37.0	45.0	5280.0328
36.0	45.0	5188.0233
35.0	45.0	5072.8991
34.0	45.0	4935.703
33.0	45.0	4777.858
31.99999999999999	45.0	4601.146
31.0	45.0	4407.6767
30.000000000000004	45.0	4199.849
29.00000000000001	45.0	3980.3044
28.000000000000007	45.0	3751.8739
27.00000000000001	45.0	3517.5193
25.999999999999996	45.0	3280.2711
25.000000000000004	45.0	3043.1637
24.000000000000004	45.0	2809.1699
22.999999999999993	45.0	2581.1371
21.999999999999996	45.0	2361.7254
21.0	45.0	2153.3513
20.00000000000001	45.0	1958.137
19.000000000000014	45.0	1777.8676
18.00000000000001	45.0	1613.9569
17.000000000000007	45.0	1467.4239
15.999999999999995	45.0	1338.8789
14.999999999999996	45.0	1228.5215
14.0	45.0	1136.1496
12.999999999999996	45.0	1061.1792
12.000000000000018	45.0	1002.6748
10.999999999999993	45.0	959.3892
10.000000000000012	45.0	929.8118
8.999999999999984	45.0	912.2238
7.999999999999981	45.0	904.7587
7.000000000000025	45.0	905.4661
6.000000000000026	45.0	912.3776
4.999999999999992	45.0	923.5714
4.000000000000042	45.0	937.2358
3.0000000000000444	45.0	951.7271
1.9999999999999472	45.0	965.6225
0.9999999999999002	45.0	977.7644
0.0	45.0	987.2972
0.9999999999999002	225.0	993.6923
1.9999999999999472	225.0	996.7636
3.0000000000000444	225.0	996.6713
4.000000000000042	225.0	993.9143
4.999999999999992	225.0	989.312
6.000000000000026	225.0	983.9749
6.9999999999999725	225.0	979.2668
7.999999999999981	225.0	976.7574
8.999999999999984	225.0	978.1694
10.000000000000012	225.0	985.3191
10.999999999999993	225.0	1000.0549
11.999999999999988	225.0	1024.1933
12.999999999999996	225.0	1059.456
14.0	225.0	1107.4091
14.999999999999996	225.0	1169.4066
15.999999999999995	225.0	1246.5399
16.99999999999999	225.0	1339.5939
17.999999999999986	225.0	1449.013
18.999999999999996	225.0	1574.875
19.999999999999993	225.0	1716.8772
21.0	225.0	1874.331
21.999999999999996	225.0	2046.1688
23.00000000000001	225.0	2230.9608
24.000000000000004	225.0	2426.9411
24.99999999999999	225.0	2632.0435
26.000000000000007	225.0	2843.9449
26.999999999999996	225.0	3060.1156
28.000000000000007	225.0	3277.8741
28.999999999999996	225.0	3494.4465
29.999999999999993	225.0	3707.0271
31.0	225.0	3912.8395
31.99999999999999	225.0	4109.1968
33.0	225.0	4293.5584
34.0	225.0	4463.5828
35.000000000000014	225.0	4617.1754
36.0	225.0	4752.5286
37.000000000000014	225.0	4868.1556
37.99999999999999	225.0	4962.9157
38.99999999999999	225.0	5036.0311
40.00000000000001	225.0	5087.0951
40.999999999999986	225.0	5116.0724
42.0	225.0	5123.2903
43.0	225.0	5109.4232
44.00000000000001	225.0	5075.4695
45.0	225.0	5022.7226
46.000000000000014	225.0	4952.7368
47.0	225.0	4867.289
47.999999999999986	225.0	4768.3371
49.00000000000001	225.0	4657.9771
49.99999999999999	225.0	4538.3987
51.00000000000001	225.0	4411.8411
51.99999999999999	225.0	4280.5508
53.000000000000014	225.0	4146.74
53.99999999999999	225.0	4012.5493
55.000000000000014	225.0	3880.0128
55.99999999999999	225.0	3751.0276
56.999999999999986	225.0	3627.3277
58.00000000000001	225.0	3510.4624
58.99999999999999	225.0	3401.7795
60.00000000000001	225.0	3302.4133
61.0	225.0	3213.2773
62.000000000000014	225.0	3135.0611
63.0	225.0	3068.2318
64.00000000000001	225.0	3013.0395
65.0	225.0	2969.5252
65.99999999999999	225.0	2937.533
67.0	225.0	2916.7244
68.0	225.0	2906.5941
69.00000000000001	225.0	2906.4886
70.0	225.0	2915.6249
71.00000000000001	225.0	2933.1111
72.0	225.0	2957.9663
73.00000000000001	225.0	2989.1416
74.0	225.0	3025.5402
74.99999999999999	225.0	3066.0367
76.0	225.0	3109.4966
77.0	225.0	3154.7938
78.00000000000001	225.0	3200.8274
79.0	225.0	3246.5372
80.00000000000001	225.0	3290.9171
81.0	225.0	3333.0282
82.00000000000001	225.0	3372.0091
83.0	225.0	3407.0855
83.99999999999999	225.0	3437.5777
85.0	225.0	3462.9064
86.0	225.0	3482.5977
87.00000000000001	225.0	3496.2859
88.0	225.0	3503.7153
89.00000000000001	225.0	3504.7402
90.0	225.0	3499.3244
91.00000000000001	225.0	3487.5391
92.0	225.0	3469.5598
92.99999999999999	225.0	3445.6627
94.0	225.0	3416.2199
95.0	225.0	3381.6941
96.00000000000001	225.0	3342.633
97.0	225.0	3299.663
98.00000000000001	225.0	3253.4824
99.0	225.0	3204.8545
100.00000000000001	225.0	3154.6003
101.0	225.0	3103.5911
102.00000000000001	225.0	3052.74
103.0	225.0	3002.9942
104.0	225.0	2955.326
105.00000000000001	225.0	2910.7237
106.0	225.0	2870.1817
107.00000000000001	225.0	2834.6903
108.0	225.0	2805.2243
109.00000000000001	225.0	2782.7314
110.0	225.0	2768.1189
111.00000000000001	225.0	2762.2408
112.0	225.0	2765.883
113.0	225.0	2779.7482
114.00000000000001	225.0	2804.4405
115.0	225.0	2840.4496
116.00000000000001	225.0	2888.1342
117.0	225.0	2947.7068
118.00000000000001	225.0	3019.2185
119.0	225.0	3102.5448
120.00000000000001	225.0	3197.3733
121.0	225.0	3303.1934
122.0	225.0	3419.2887
123.00000000000001	225.0	3544.7322
124.0	225.0	3678.3855
125.00000000000001	225.0	3818.9019
126.0	225.0	3964.7342
127.00000000000001	225.0	4114.1467
128.0	225.0	4265.2327
129.00000000000003	225.0	4415.9368
130.0	225.0	4564.0819
131.0	225.0	4707.401
132.0	225.0	4843.5732
133.0	225.0	4970.2635
134.0	225.0	5085.1654
135.0	225.0	5186.0456
136.0	225.0	5270.7904
137.0	225.0	5337.4509
138.00000000000003	225.0	5384.2887
139.0	225.0	5409.8181
140.0	225.0	5412.8453
140.99999999999997	225.0	5392.5026
142.00000000000003	225.0	5348.2772
143.0	225.0	5280.0328
144.0	225.0	5188.0233
145.0	225.0	5072.8991
146.00000000000003	225.0	4935.703
147.00000000000003	225.0	4777.858
148.0	225.0	4601.146
149.0	225.0	4407.6767
149.99999999999997	225.0	4199.849
151.00000000000003	225.0	3980.3044
152.0	225.0	3751.8739
153.0	225.0	3517.5193
154.0	225.0	3280.2711
155.00000000000003	225.0	3043.1637
156.00000000000003	225.0	2809.1699
157.0	225.0	2581.1371
158.0	225.0	2361.7254
158.99999999999997	225.0	2153.3513
160.00000000000003	225.0	1958.137
161.0	225.0	1777.8676
162.0	225.0	1613.9569
163.0	225.0	1467.4239
164.00000000000003	225.0	1338.8789
165.00000000000003	225.0	1228.5215
166.0	225.0	1136.1496
167.0	225.0	1061.1792
167.99999999999997	225.0	1002.6748
169.00000000000003	225.0	959.3892
169.99999999999997	225.0	929.8118
170.99999999999997	225.0	912.2238
172.0	225.0	904.7587
173.00000000000003	225.0	905.4661
174.00000000000003	225.0	912.3776
175.0	225.0	923.5714
175.99999999999997	225.0	937.2358
176.99999999999994	225.0	951.7271
178.00000000000006	225.0	965.6225
179.0000000000001	225.0	977.7644
180.0	225.0	987.2972
179.0000000000001	45.0	993.6923
178.00000000000006	45.0	996.7636
176.99999999999994	45.0	996.6713
176.00000000000006	45.0	993.9143
175.0	45.0	989.312
174.00000000000003	45.0	983.9749
172.99999999999997	45.0	979.2668
172.0	45.0	976.7574
171.00000000000003	45.0	978.1694
170.00000000000003	45.0	985.3191
168.99999999999997	45.0	1000.0549
167.99999999999997	45.0	1024.1933
167.00000000000003	45.0	1059.456
166.00000000000003	45.0	1107.4091
165.00000000000003	45.0	1169.4066
163.99999999999997	45.0	1246.5399
163.0	45.0	1339.5939
162.00000000000003	45.0	1449.013
161.00000000000003	45.0	1574.875
160.0	45.0	1716.8772
159.0	45.0	1874.331
158.00000000000003	45.0	2046.1688
157.00000000000003	45.0	2230.9608
156.00000000000003	45.0	2426.9411
154.99999999999997	45.0	2632.0435
154.0	45.0	2843.9449
153.00000000000003	45.0	3060.1156
152.0	45.0	3277.8741
150.99999999999997	45.0	3494.4465
150.0	45.0	3707.0271
149.0	45.0	3912.8395
148.0	45.0	4109.1968
147.00000000000003	45.0	4293.5584
146.0	45.0	4463.5828
145.0	45.0	4617.1754
144.00000000000003	45.0	4752.5286
143.0	45.0	4868.1556
142.0	45.0	4962.9157
140.99999999999997	45.0	5036.0311
140.00000000000003	45.0	5087.0951
139.00000000000003	45.0	5116.0724
138.00000000000003	45.0	5123.2903
137.0	45.0	5109.4232
136.0	45.0	5075.4695
135.00000000000003	45.0	5022.7226
134.00000000000003	45.0	4952.7368
132.99999999999997	45.0	4867.289
131.99999999999997	45.0	4768.3371
131.00000000000003	45.0	4657.9771
130.00000000000003	45.0	4538.3987
129.00000000000003	45.0	4411.8411
128.0	45.0	4280.5508
126.99999999999999	45.0	4146.74
126.00000000000003	45.0	4012.5493
125.00000000000004	45.0	3880.0128
123.99999999999997	45.0	3751.0276
122.99999999999999	45.0	3627.3277
122.0	45.0	3510.4624
121.0	45.0	3401.7795
120.00000000000001	45.0	3302.4133
119.0	45.0	3213.2773
118.00000000000001	45.0	3135.0611
117.00000000000003	45.0	3068.2318
116.00000000000004	45.0	3013.0395
115.0	45.0	2969.5252
114.00000000000001	45.0	2937.533
113.00000000000001	45.0	2916.7244
112.00000000000003	45.0	2906.5941
111.00000000000004	45.0	2906.4886
110.0	45.0	2915.6249
109.00000000000001	45.0	2933.1111
108.00000000000003	45.0	2957.9663
107.00000000000004	45.0	2989.1416
106.0	45.0	3025.5402
105.0	45.0	3066.0367
104.00000000000001	45.0	3109.4966
103.00000000000001	45.0	3154.7938
102.00000000000003	45.0	3200.8274
100.99999999999999	45.0	3246.5372
100.0	45.0	3290.9171
99.00000000000001	45.0	3333.0282
98.00000000000003	45.0	3372.0091
96.99999999999999	45.0	3407.0855
96.0	45.0	3437.5777
95.0	45.0	3462.9064
94.00000000000001	45.0	3482.5977
93.00000000000003	45.0	3496.2859
91.99999999999999	45.0	3503.7153
91.0	45.0	3504.7402
