[
  {
    "FitProperties": {
      "ChiSq": 4559743377.107105,
      "degree-of-freedom": 22834,
      "n-points": 22856,
      "time-elapsed": 43.92251229286194
    },
    "background": [
      [
        266.6442587781327
      ],
      [
        387.14515426659926
      ]
    ],
    "background_err": [
      [
        7.560167536509944
      ],
      [
        46.82040692579056
      ]
    ],
    "peak": [
      {
        "d-space": [
          2.5317976124405575,
          -9.997182613355909e-05,
          -0.0006816204143867782,
          0.0007343336450716408,
          1.4749669097715112e-05
        ],
        "d-space_err": [
          3.9517365716049934e-05,
          6.042519827980675e-05,
          2.390639097205362e-05,
          4.810675739911344e-05,
          4.424631632399701e-05
        ],
        "height": [
          6421.458651650857,
          -100.66153800555496,
          5121.882065750334,
          -37.83421215457353,
          3450.7456566443466,
          -105.65312655965013,
          1574.9539736670263,
          -107.6710850694178,
          873.6748283637702,
          -142.89257287402287,
          629.9349015405679,
          -114.99708091961233,
          441.2545917797499
        ],
        "height_err": [
          12.7766194662694,
          12.515685771368947,
          12.97837122893596,
          12.162259332564222,
          12.840074299064783,
          12.65226749557354,
          12.067111110558365,
          12.337810549316108,
          12.329494862895759,
          12.289780343312238,
          12.397066692939394,
          12.218774700849805,
          12.46052513393928
        ],
        "profile": [
          1.1145742340888996
        ],
        "profile_err": [
          0.00796036058670917
        ],
        "symmetry": 2,
        "width": [
          0.019061865828714785
        ],
        "width_err": [
          3.286519167188713e-05
        ]
      }
    ],
    "range": [
      [
        2.7000217888349396,
        2.929978924610043
      ],
      [
        2.4295841377400147,
        2.636465146033419
      ]
    ]
  },
  {
    "FitProperties": {
      "ChiSq": 105649040700.42722,
      "degree-of-freedom": 47682,
      "n-points": 47744,
      "time-elapsed": 343.033620595932
    },
    "background": [
      [
        737.2615382901896
      ],
      [
        -695.3686088690727
      ]
    ],
    "background_err": [
      [
        25.887504783542727
      ],
      [
        77.30334421618852
      ]
    ],
    "peak": [
      {
        "d-space": [
          2.336878154127836,
          0.00022368559090114791,
          -2.2488678137649644e-05,
          0.000495657760582087,
          0.0007777718414264609
        ],
        "d-space_err": [
          2.9603984511845235e-05,
          3.4483633961861714e-05,
          3.852222431566545e-05,
          5.244743979059851e-05,
          3.0123797315852856e-05
        ],
        "height": [
          16392.83539998089,
          -443.7361758847497,
          -228.94559144666454,
          -141.2581679141722,
          9649.932152768602,
          -862.5496257138748,
          556.4814336809937,
          -479.575856390562,
          2991.7255352354405,
          -493.6077902067506,
          347.49134324018473,
          -252.53159579172794,
          1049.7887575474056
        ],
        "height_err": [
          53.36361816661878,
          40.34476256900966,
          44.394128870361264,
          39.32263401381978,
          46.459939305849204,
          41.17908900327751,
          40.38757438670064,
          39.8307696833469,
          41.42122489353103,
          40.79672853499062,
          40.09500062309742,
          39.20943101114103,
          41.672055777821065
        ],
        "profile": [
          1.4100620587057546
        ],
        "profile_err": [
          0.01650372664369135
        ],
        "symmetry": 2,
        "width": [
          0.01828620357581806
        ],
        "width_err": [
          4.628856298475875e-05
        ]
      },
      {
        "d-space": [
          2.2809864947109126,
          -1.0576297404818463e-05,
          -0.0015176673540262594,
          0.0004289340255557647,
          -0.0012269217223394488
        ],
        "d-space_err": [
          0.00012388069408712985,
          0.0001732824561999734,
          0.00011952274226970315,
          0.00017485112760030368,
          0.00013374181612932554
        ],
        "height": [
          5754.533162303571,
          -153.69755548824023,
          2947.3512232310795,
          -133.42293220627428,
          2942.305236456476,
          -386.22062943248903,
          1097.0228493296722,
          -322.26024359093225,
          707.8806009967379,
          -192.57664826183708,
          259.70578337111596,
          -140.55973585805836,
          237.29191588323542
        ],
        "height_err": [
          44.765558219087765,
          35.402052894119144,
          40.96210374917901,
          35.303542196013,
          42.233440378462255,
          37.36043090067979,
          36.38698775323117,
          36.97046320996193,
          36.62050880029846,
          37.76134915816174,
          35.32322676118329,
          36.19355425770549,
          36.46979712002246
        ],
        "profile": [
          0.6717708156226293
        ],
        "profile_err": [
          0.05786125136136482
        ],
        "symmetry": 2,
        "width": [
          0.023761981570558817
        ],
        "width_err": [
          0.00021772687847735229
        ]
      },
      {
        "d-space": [
          2.2263050133294553,
          -0.00015923889245562808,
          -0.0005385739878928931,
          0.00045304911450939976,
          -3.353413882069422e-05
        ],
        "d-space_err": [
          1.8538940922695428e-05,
          2.5682820700797268e-05,
          1.7697586496379962e-05,
          2.0192745607155765e-05,
          2.4595816067505246e-05
        ],
        "height": [
          27791.160052694133,
          -360.26437452121246,
          12396.738209937574,
          -35.37861622621551,
          -1365.3912135760647,
          -993.46248832175,
          -2302.2473269249576,
          -402.60552177622355,
          -1524.9411038109693,
          -384.95587656962465,
          130.37726663323562,
          -436.4766213407808,
          472.7536553031653
        ],
        "height_err": [
          49.82860690568164,
          40.10308950715697,
          45.32373817477192,
          40.06683730389409,
          45.2760570118606,
          41.905671680087536,
          39.43574915292791,
          40.59495703063255,
          40.16820705065009,
          40.14263266619506,
          40.23603199466315,
          39.125988780788354,
          41.15426302130017
        ],
        "profile": [
          1.1181971241438222
        ],
        "profile_err": [
          0.008955012844160226
        ],
        "symmetry": 2,
        "width": [
          0.01798285265101055
        ],
        "width_err": [
          3.133658753328353e-05
        ]
      }
    ],
    "range": [
      [
        2.9300049675872644,
        3.359997762757276
      ],
      [
        2.118714125541792,
        2.429562547396094
      ]
    ]
  },
  {
    "FitProperties": {
      "ChiSq": 1777058241.6985385,
      "degree-of-freedom": 29367,
      "n-points": 29389,
      "time-elapsed": 45.67661261558533
    },
    "background": [
      [
        227.60757906188684
      ],
      [
        18.59138536981093
      ]
    ],
    "background_err": [
      [
        4.715680929136109
      ],
      [
        26.831241652337475
      ]
    ],
    "peak": [
      {
        "d-space": [
          1.7167723007885678,
          -1.571822267157361e-05,
          0.00022801726706992678,
          0.00017146275217932392,
          -0.000442157179236032
        ],
        "d-space_err": [
          1.0755456249982993e-05,
          1.3093766266962969e-05,
          1.5682323696764515e-05,
          1.2577320261194072e-05,
          1.7483349270702595e-05
        ],
        "height": [
          3631.338543950243,
          -7.004858115073656,
          -752.150810646144,
          -23.533837790165713,
          -1172.5970775994213,
          -28.094833171597575,
          118.78336473155176,
          -34.29931185842275,
          263.7335369470838,
          -22.741614028281248,
          60.17552071374966,
          52.69968950001396,
          -101.1088322375678
        ],
        "height_err": [
          7.352994697235205,
          5.648574127998271,
          5.496939890683478,
          5.586304435001479,
          5.6338662167018825,
          5.425997270091871,
          5.701746843775255,
          5.733138135737335,
          5.399995943375496,
          5.63196754508045,
          5.497633131316331,
          5.4460904373418755,
          5.691530623532214
        ],
        "profile": [
          1.1076827483096041
        ],
        "profile_err": [
          0.010706087621798388
        ],
        "symmetry": 2,
        "width": [
          0.019652519311947808
        ],
        "width_err": [
          3.254166850964309e-05
        ]
      }
    ],
    "range": [
      [
        4.050001008105674,
        4.249998730883455
      ],
      [
        1.6751738562698382,
        1.7578604884205289
      ]
    ]
  },
  {
    "FitProperties": {
      "ChiSq": 97355850.14046621,
      "degree-of-freedom": 40791,
      "n-points": 40813,
      "time-elapsed": 38.41219711303711
    },
    "background": [
      [
        181.4327010403796
      ],
      [
        -18.187186553958178
      ]
    ],
    "background_err": [
      [
        0.904259958128259
      ],
      [
        3.6245035727775248
      ]
    ],
    "peak": [
      {
        "d-space": [
          1.6117926646492806,
          4.544854092988565e-06,
          8.751552734179177e-05,
          0.00016772093792491227,
          -8.360989866078005e-05
        ],
        "d-space_err": [
          1.8305818957526694e-05,
          2.5298937847138376e-05,
          2.4435143767998543e-05,
          2.1186258166891057e-05,
          3.1497672530890285e-05
        ],
        "height": [
          450.7144593890053,
          -2.76581649030986,
          26.137976495480153,
          6.592308647962064,
          -192.05532759690186,
          -6.472912036598817,
          7.751695523133635,
          -39.91612010084842,
          51.73798953507652,
          -0.38969023766140015,
          5.641811796272977,
          21.27626481484641,
          -13.177374643087553
        ],
        "height_err": [
          1.2582208976534384,
          0.9021206758394058,
          0.8672013204174714,
          0.8758702763317064,
          0.9271426829031204,
          0.881682272399084,
          0.8896584999071238,
          0.9013925705769732,
          0.8736399375021187,
          0.8875942994238581,
          0.8824358981574713,
          0.8963028523893761,
          0.8742715003204574
        ],
        "profile": [
          0.6768897994888418
        ],
        "profile_err": [
          0.013731174241721983
        ],
        "symmetry": 2,
        "width": [
          0.028341469416173146
        ],
        "width_err": [
          7.481792310560087e-05
        ]
      }
    ],
    "range": [
      [
        4.300000183723023,
        4.559982919275677
      ],
      [
        1.561350929593316,
        1.6557035102539395
      ]
    ]
  },
  {
    "FitProperties": {
      "ChiSq": 704728424.4696352,
      "degree-of-freedom": 55193,
      "n-points": 55215,
      "time-elapsed": 45.99163055419922
    },
    "background": [
      [
        190.9189774258199
      ],
      [
        -0.7637356443719673
      ]
    ],
    "background_err": [
      [
        1.2057440218976725
      ],
      [
        5.577948140992553
      ]
    ],
    "peak": [
      {
        "d-space": [
          1.4622613125294526,
          -3.328156342435089e-05,
          0.00027850699969305233,
          0.0002693607936578328,
          0.000531055819427805
        ],
        "d-space_err": [
          7.381980846233921e-06,
          6.970909405280141e-06,
          1.1222702897213504e-05,
          8.976335788722074e-06,
          9.754462994970037e-06
        ],
        "height": [
          2022.810327116843,
          29.04485931692059,
          -1036.5114314480695,
          -54.64545830541263,
          275.1093112532911,
          56.18064835039946,
          -169.25383897145227,
          -94.97510948582782,
          140.34411857715085,
          22.84128426726527,
          -25.20789417305755,
          -11.196837326602166,
          49.949534303687294
        ],
        "height_err": [
          2.5095081580518297,
          2.2736865222109435,
          2.4129561767118686,
          2.2061878608188885,
          2.391088268711196,
          2.2758874451130566,
          2.315985114974683,
          2.224586553895873,
          2.3628571930909965,
          2.3346439270852404,
          2.2526079140036264,
          2.2718502286211826,
          2.3151458949048784
        ],
        "profile": [
          0.9448987160540604
        ],
        "profile_err": [
          0.005906545986348358
        ],
        "symmetry": 2,
        "width": [
          0.0212803188422626
        ],
        "width_err": [
          2.731885303577255e-05
        ]
      }
    ],
    "range": [
      [
        4.700000514361695,
        5.019997135710833
      ],
      [
        1.4183537706221458,
        1.5148616957570278
      ]
    ]
  },
  {
    "FitProperties": {
      "ChiSq": 4091934679.5388913,
      "degree-of-freedom": 62993,
      "n-points": 63015,
      "time-elapsed": 49.57683563232422
    },
    "background": [
      [
        145.98842875911305
      ],
      [
        398.2416402938472
      ]
    ],
    "background_err": [
      [
        2.661876721345381
      ],
      [
        11.333508921370388
      ]
    ],
    "peak": [
      {
        "d-space": [
          1.326156203278445,
          -6.499632634590924e-05,
          0.00020097145949882537,
          0.00023435571349174358,
          -0.00017275274688559978
        ],
        "d-space_err": [
          5.5713026165497215e-06,
          5.720936848572983e-06,
          8.27577433121815e-06,
          6.38151366426763e-06,
          8.169835675896357e-06
        ],
        "height": [
          4686.482703169367,
          -118.04747167799884,
          -1951.31503457431,
          13.164306115391794,
          -686.1641313169605,
          55.47845744136941,
          328.75800881343304,
          43.801542627504276,
          -139.9063144010123,
          -125.60859135056097,
          -10.333437439706021,
          75.07341930784374,
          86.9086702766937
        ],
        "height_err": [
          5.382592341081965,
          4.814596821181661,
          4.880096260330076,
          4.830810002771262,
          4.737446604690225,
          4.801145033837556,
          4.751126741680283,
          4.651915066979932,
          4.891230436865761,
          4.815288313577462,
          4.730101432243223,
          4.937991582366163,
          4.623120449834785
        ],
        "profile": [
          0.7333475215732279
        ],
        "profile_err": [
          0.005540492583162389
        ],
        "symmetry": 2,
        "width": [
          0.02202256962666627
        ],
        "width_err": [
          2.8596648468548412e-05
        ]
      }
    ],
    "range": [
      [
        5.200012587166741,
        5.529999687236946
      ],
      [
        1.2876344666063648,
        1.3692847916118438
      ]
    ]
  },
  {
    "FitProperties": {
      "ChiSq": 3643683893.8695965,
      "degree-of-freedom": 90110,
      "n-points": 90172,
      "time-elapsed": 222.91774988174438
    },
    "background": [
      [
        249.44261532689077
      ],
      [
        -20.490841121208277
      ]
    ],
    "background_err": [
      [
        3.0009126982767764
      ],
      [
        9.050384017058041
      ]
    ],
    "peak": [
      {
        "d-space": [
          1.2656996653860109,
          2.1902906188673126e-05,
          -1.2629752660525694e-05,
          0.000394039181177729,
          -0.00045870499423486375
        ],
        "d-space_err": [
          4.335941037313832e-05,
          6.607583308874655e-05,
          2.9854941276114557e-05,
          5.5131714363242196e-05,
          4.862356121636799e-05
        ],
        "height": [
          504.28910536654257,
          -16.933858244326863,
          342.7441725440869,
          -4.997567974751575,
          230.9379026818376,
          -10.06460081731157,
          110.27971467936344,
          -5.6595282669392954,
          69.08841173206258,
          -21.440858063102187,
          43.52225293663358,
          -5.549003412905259,
          36.83212246503521
        ],
        "height_err": [
          4.292170104698193,
          3.517152342591919,
          3.6527672881666025,
          3.494689317537798,
          3.557984356938718,
          3.4233395469571026,
          3.548612639664913,
          3.4812496655702647,
          3.4757277745656956,
          3.5033864215138046,
          3.4507812682209718,
          3.5159344956148946,
          3.4380225461683342
        ],
        "profile": [
          1.0053588701606668
        ],
        "profile_err": [
          0.03585458894867593
        ],
        "symmetry": 2,
        "width": [
          0.024405827583017767
        ],
        "width_err": [
          0.00017295437519706814
        ]
      },
      {
        "d-space": [
          1.239167805031402,
          -0.0001258746264559852,
          0.00012640643915910602,
          0.00021327146153092303,
          -0.00010885939433951652
        ],
        "d-space_err": [
          5.286732896812356e-06,
          6.907517594234981e-06,
          6.92411097453634e-06,
          6.36101243977485e-06,
          7.810416771192246e-06
        ],
        "height": [
          2990.2092036309464,
          -64.1375953126536,
          0.9408252330618887,
          59.29033674612606,
          -626.3783270390275,
          -5.62075691588151,
          52.886026838505366,
          20.871343603888647,
          38.819541560231556,
          -18.36388332340944,
          21.68929672397448,
          18.0279833760853,
          56.16663033063138
        ],
        "height_err": [
          4.049225659877625,
          3.623893263662579,
          3.8541827926552616,
          3.5896901272523607,
          3.6769602458296027,
          3.5254946507477705,
          3.643422926494538,
          3.6185760599582855,
          3.5450377395091053,
          3.5702214829013634,
          3.596277965512069,
          3.6223006645834745,
          3.544250963056975
        ],
        "profile": [
          0.9834456976444194
        ],
        "profile_err": [
          0.00808872066950003
        ],
        "symmetry": 2,
        "width": [
          0.022340433508230114
        ],
        "width_err": [
          3.4101537332877504e-05
        ]
      },
      {
        "d-space": [
          1.2217635111922134,
          -8.758502057067016e-05,
          0.00010520345212545283,
          0.00025152992176576876,
          -0.0003300667500261059
        ],
        "d-space_err": [
          7.642321602482366e-06,
          1.0578652129940339e-05,
          5.7795257559816034e-06,
          8.384104898612632e-06,
          8.889695682397644e-06
        ],
        "height": [
          2682.6318736458925,
          -69.84737268383078,
          1560.2592153366022,
          -20.959305440246723,
          590.6387540669333,
          -51.038538950513214,
          74.87923487721564,
          6.659969783305098,
          -111.37899656020595,
          5.842899430817263,
          -86.85279063740533,
          53.0809734976637,
          -39.156916141332
        ],
        "height_err": [
          4.079248947104799,
          3.451773943053281,
          3.601246329763058,
          3.4141943594467725,
          3.501537549822148,
          3.3605311891783924,
          3.461659949467745,
          3.462106966874378,
          3.359859747219202,
          3.37544730583724,
          3.451230434836671,
          3.462633089023353,
          3.3660087968379004
        ],
        "profile": [
          0.9322331925532571
        ],
        "profile_err": [
          0.008087074000846888
        ],
        "symmetry": 2,
        "width": [
          0.024176491984047095
        ],
        "width_err": [
          3.671123896889085e-05
        ]
      }
    ],
    "range": [
      [
        5.530011181437562,
        5.969993354394588
      ],
      [
        1.1928113099415727,
        1.2876317923192326
      ]
    ]
  },
  {
    "FitProperties": {
      "ChiSq": 783287127.1426547,
      "degree-of-freedom": 134385,
      "n-points": 134447,
      "time-elapsed": 427.77746748924255
    },
    "background": [
      [
        245.8483888174227
      ],
      [
        -117.60077516463636
      ]
    ],
    "background_err": [
      [
        0.8776523159671634
      ],
      [
        1.936938452777881
      ]
    ],
    "peak": [
      {
        "d-space": [
          1.1681382174748391,
          -2.0497320667920308e-05,
          0.00010927472633745939,
          0.00025754789269977056,
          -0.00019140251383821988
        ],
        "d-space_err": [
          3.372741564361077e-06,
          4.224726863025658e-06,
          5.088013561307486e-06,
          6.6451955951970755e-06,
          3.819645975598737e-06
        ],
        "height": [
          1318.8330151453456,
          -50.092732870965406,
          -187.12788863579567,
          -22.468297169019962,
          708.5533661832476,
          -65.73248369308536,
          -16.703726853885996,
          -39.20605751921598,
          208.067211693073,
          -42.68138894305582,
          8.97007167291232,
          -21.29518313892255,
          83.92351993141642
        ],
        "height_err": [
          1.5364013075366427,
          1.319548675302489,
          1.2997094244591583,
          1.303714741914505,
          1.370231013539434,
          1.2925540498100319,
          1.3197612972170567,
          1.3274745576450488,
          1.2900208605528831,
          1.2806065879572053,
          1.3309598296119733,
          1.3334338444270133,
          1.2806789545975832
        ],
        "profile": [
          1.099242613348866
        ],
        "profile_err": [
          0.005697604258191531
        ],
        "symmetry": 2,
        "width": [
          0.022513275191518738
        ],
        "width_err": [
          2.2988751632534195e-05
        ]
      },
      {
        "d-space": [
          1.140309407797863,
          -0.00015487607049191946,
          0.00013920277169609177,
          0.00021875760126599,
          -0.000496836015440454
        ],
        "d-space_err": [
          3.033265184875039e-05,
          4.830328040777466e-05,
          2.824746840551747e-05,
          4.806261525393028e-05,
          3.4482855542887585e-05
        ],
        "height": [
          216.06718436117995,
          -15.635597384688085,
          92.49097955829377,
          -7.714578193437097,
          101.44769122322779,
          -18.25428112221715,
          39.866117457284695,
          -13.366958315391155,
          24.252392440233443,
          -10.188607502485368,
          9.408068211590072,
          -6.892255869768918,
          14.144140258488047
        ],
        "height_err": [
          1.1845094378728287,
          1.0891201009376579,
          1.139296813923496,
          1.0741151627036551,
          1.1651006982616186,
          1.0706957769588226,
          1.1100622430218359,
          1.0938755031579546,
          1.084435476954708,
          1.061248187172271,
          1.1120402485342331,
          1.1008514645083307,
          1.0740740246067397
        ],
        "profile": [
          0.4852109569405415
        ],
        "profile_err": [
          0.026142158542046656
        ],
        "symmetry": 2,
        "width": [
          0.032048495031293554
        ],
        "width_err": [
          0.00022841514029027868
        ]
      },
      {
        "d-space": [
          1.1131207319897165,
          -0.00016845037514910186,
          0.00017667882720965274,
          0.0002105384855542484,
          5.5027460249815487e-05
        ],
        "d-space_err": [
          8.603709297988288e-06,
          1.2717884353736575e-05,
          8.478838173674695e-06,
          9.627800124388702e-06,
          1.2534697819799012e-05
        ],
        "height": [
          609.8735226356503,
          -23.015385515587855,
          254.97870660606858,
          -8.87141295971337,
          -53.07706463390445,
          -20.96493960292982,
          -38.79645576564248,
          -8.92838226251789,
          -42.49119871423571,
          -8.953794405401426,
          18.048960737617467,
          -7.2428474209873155,
          23.762647516577882
        ],
        "height_err": [
          1.4415550780459343,
          1.235414926805014,
          1.3884831662323767,
          1.2416007094302566,
          1.3471052606360598,
          1.2627165929181534,
          1.3141710637632167,
          1.2947517299722828,
          1.2768860443700636,
          1.2840782820952699,
          1.2812396835438034,
          1.3065197864816933,
          1.2536898610835032
        ],
        "profile": [
          1.0193921970428814
        ],
        "profile_err": [
          0.01181555319694274
        ],
        "symmetry": 2,
        "width": [
          0.02466073534712542
        ],
        "width_err": [
          5.616672507281849e-05
        ]
      }
    ],
    "range": [
      [
        5.970001245486107,
        6.569999955682181
      ],
      [
        1.083981105399633,
        1.1928097347215036
      ]
    ]
  },
  {
    "FitProperties": {
      "ChiSq": 180448200.33416247,
      "degree-of-freedom": 74419,
      "n-points": 74441,
      "time-elapsed": 51.2919340133667
    },
    "background": [
      [
        180.1023704331933
      ],
      [
        -5.056838966488466
      ]
    ],
    "background_err": [
      [
        0.480328807119946
      ],
      [
        2.16775869509281
      ]
    ],
    "peak": [
      {
        "d-space": [
          1.0607293604324342,
          -5.178662342379582e-05,
          0.00022710710473729665,
          0.0001659989485188153,
          1.0169096029308104e-05
        ],
        "d-space_err": [
          4.6159478088919985e-06,
          4.6614338433774125e-06,
          6.95596150351299e-06,
          5.574443291776333e-06,
          6.341594510263944e-06
        ],
        "height": [
          624.2918909257398,
          -23.80905481141674,
          -265.4771525931712,
          5.361399875554661,
          -1.6500726000159407,
          7.351398882522075,
          27.224365449012662,
          8.06894168015506,
          -53.184207244896534,
          -1.2335586449477842,
          -0.37368217455146907,
          2.671457770961588,
          12.473897959532431
        ],
        "height_err": [
          0.9247489206151032,
          0.7951184341316482,
          0.8148308155467732,
          0.8049003010630836,
          0.7817253903495973,
          0.8028799082880649,
          0.7845944357351401,
          0.7842639156273056,
          0.803964021869971,
          0.7845383684320075,
          0.8027872755667967,
          0.7878039657938914,
          0.7997259167561223
        ],
        "profile": [
          1.004466885296169
        ],
        "profile_err": [
          0.007486175698761056
        ],
        "symmetry": 2,
        "width": [
          0.02363533479831648
        ],
        "width_err": [
          3.3716347058161026e-05
        ]
      }
    ],
    "range": [
      [
        6.550005518327945,
        6.859999139473227
      ],
      [
        1.0382082866443176,
        1.0872864270205862
      ]
    ]
  },
  {
    "FitProperties": {
      "ChiSq": 72736461.89617516,
      "degree-of-freedom": 75296,
      "n-points": 75318,
      "time-elapsed": 50.57989311218262
    },
    "background": [
      [
        166.18164179020047
      ],
      [
        52.88067923029062
      ]
    ],
    "background_err": [
      [
        0.531855458650079
      ],
      [
        1.5419529179286329
      ]
    ],
    "peak": [
      {
        "d-space": [
          1.0195645175439898,
          -8.762748971400686e-05,
          0.00027233736076207054,
          8.188710573626596e-05,
          0.00010988690062398827
        ],
        "d-space_err": [
          1.5331749875929695e-05,
          2.0725335424127315e-05,
          1.9237519659952424e-05,
          1.746059416570127e-05,
          2.4119082439810957e-05
        ],
        "height": [
          139.44475733428416,
          -9.763023510925928,
          13.421835630958045,
          2.7895105337526287,
          -46.149207891215944,
          1.516369995409166,
          2.163711963757192,
          1.5532142707303227,
          -0.05764771048614402,
          0.41910024819560643,
          -8.58814726597566,
          -1.968870038948522,
          3.756983358960955
        ],
        "height_err": [
          0.6513832547357772,
          0.38121466667770987,
          0.37669373606158063,
          0.38313087283816954,
          0.3880194805866602,
          0.37643706682864225,
          0.3796683192956833,
          0.3724231763232343,
          0.3839015575921865,
          0.38555604851875214,
          0.3716205411403823,
          0.3752061499873962,
          0.38177759228300284
        ],
        "profile": [
          0.33781251011888414
        ],
        "profile_err": [
          0.021918812961057608
        ],
        "symmetry": 2,
        "width": [
          0.03874178063018689
        ],
        "width_err": [
          0.0001795986914724714
        ]
      }
    ],
    "range": [
      [
        6.850009996842741,
        7.149998220257907
      ],
      [
        0.9961506430739334,
        1.0397204636764306
      ]
    ]
  },
  {
    "FitProperties": {
      "ChiSq": 1198330157.2831163,
      "degree-of-freedom": 222474,
      "n-points": 222556,
      "time-elapsed": 1099.0078597068787
    },
    "background": [
      [
        183.3145392499837
      ],
      [
        25.31565409659401
      ]
    ],
    "background_err": [
      [
        0.9871987709101155
      ],
      [
        1.5444511269010024
      ]
    ],
    "peak": [
      {
        "d-space": [
          0.9823884160932926,
          -0.0001244706733103256,
          0.0002518429897231482,
          9.602442729923467e-05,
          5.4218786955056745e-05
        ],
        "d-space_err": [
          3.1601406914778324e-06,
          4.542219467675289e-06,
          4.297773758426968e-06,
          3.886043205467476e-06,
          5.265369058236565e-06
        ],
        "height": [
          1010.1028305815195,
          -25.072845838136594,
          67.88813598758809,
          -6.86036825308868,
          -308.99739095192126,
          -9.624246687699332,
          -47.212499395338604,
          -4.979247693761765,
          59.553843829179065,
          -18.7554311364661,
          18.26442804682871,
          7.333549799178648,
          -4.712393374744084
        ],
        "height_err": [
          1.492173129920173,
          1.0852612059611826,
          1.0694054473534707,
          1.0851800726789913,
          1.0856593899257803,
          1.065713994207647,
          1.088124883746065,
          1.0717408394731298,
          1.0834183216961382,
          1.0959299480628963,
          1.0579487252429898,
          1.0558348625547491,
          1.0994688610938734
        ],
        "profile": [
          0.9122869026954907
        ],
        "profile_err": [
          0.007650722150085493
        ],
        "symmetry": 2,
        "width": [
          0.02572969048344975
        ],
        "width_err": [
          3.301229470562502e-05
        ]
      },
      {
        "d-space": [
          0.957205247178348,
          9.070435716342243e-06,
          0.00028492663114872813,
          0.00011088202482482952,
          0.00031631435544002664
        ],
        "d-space_err": [
          2.129002856760747e-05,
          2.3583015106245083e-05,
          3.2574100660279994e-05,
          2.877111421543511e-05,
          2.820850022241134e-05
        ],
        "height": [
          162.91750434677527,
          -2.8295090544238746,
          -48.07524518854293,
          -8.02904014923962,
          10.29619804410779,
          3.1621111402643547,
          -5.7055308511061575,
          0.6780423553551945,
          8.873850819980293,
          -5.350548849114149,
          -3.3093260412988883,
          -0.07854134957232631,
          4.262812311423654
        ],
        "height_err": [
          1.1643022610295222,
          1.031444376310204,
          1.0329241994984804,
          1.0285405228194322,
          1.0190333523218693,
          1.010693128582997,
          1.0345188102264076,
          1.024233823981206,
          1.0213107525307468,
          1.0315048863765763,
          1.0136551029129923,
          1.008091282077697,
          1.0374134725313773
        ],
        "profile": [
          0.7477173330727359
        ],
        "profile_err": [
          0.03379824456288693
        ],
        "symmetry": 2,
        "width": [
          0.027681332451656465
        ],
        "width_err": [
          0.00023014163008693998
        ]
      },
      {
        "d-space": [
          0.9377773439866214,
          -7.047664734318374e-06,
          0.00026680336946289065,
          9.001994393722733e-05,
          0.00029509400915276847
        ],
        "d-space_err": [
          3.255764897441482e-06,
          4.054167486135147e-06,
          4.875580459730349e-06,
          4.524597956619576e-06,
          4.448820609405875e-06
        ],
        "height": [
          950.3474180355236,
          -2.163217919924034,
          -157.00701870163084,
          -26.709416368734246,
          17.234608847375313,
          13.535991095855442,
          -42.33072481279519,
          14.472042224624039,
          -17.473877415484342,
          -14.457091500406143,
          -14.395056893982824,
          7.2849678967138285,
          -26.24671197068156
        ],
        "height_err": [
          1.1502666465204183,
          1.0258677606149964,
          1.0202774017891905,
          1.020558678608283,
          1.0150768658496219,
          1.0079666057400003,
          1.026924525850357,
          1.021487011423504,
          1.0129760886979886,
          1.0178337032012974,
          1.0167664478534861,
          1.0136118220658326,
          1.0208416063908232
        ],
        "profile": [
          0.7962256742204987
        ],
        "profile_err": [
          0.005949829627248293
        ],
        "symmetry": 2,
        "width": [
          0.027267397651177496
        ],
        "width_err": [
          3.82352646154177e-05
        ]
      },
      {
        "d-space": [
          0.9125966170375683,
          -2.1050875710184146e-05,
          0.00031928489467194403,
          7.357169317472445e-05,
          2.5040351557582542e-05
        ],
        "d-space_err": [
          3.17911518947269e-06,
          3.992932679921436e-06,
          4.699388597338139e-06,
          3.7495027683455693e-06,
          5.398434309732134e-06
        ],
        "height": [
          885.2014636417335,
          -8.807239798611885,
          -218.79363781755615,
          -8.467633243175422,
          -242.60542719710253,
          17.40185999824875,
          53.52113869120879,
          11.061005262969244,
          14.959878218895543,
          -9.787035451115528,
          -8.499102371249545,
          -15.151193507421306,
          11.855222640293368
        ],
        "height_err": [
          1.3302214128853593,
          1.0431374632303838,
          1.141225549467144,
          1.0491482455059535,
          1.1348811675928296,
          1.059140667436051,
          1.109097979777651,
          1.082018787085266,
          1.0815557752808331,
          1.079090257897649,
          1.0798923519345145,
          1.0957881027251732,
          1.058824320418432
        ],
        "profile": [
          0.8773270053459483
        ],
        "profile_err": [
          0.007486394576414431
        ],
        "symmetry": 2,
        "width": [
          0.025771618331741287
        ],
        "width_err": [
          3.730839064613255e-05
        ]
      }
    ],
    "range": [
      [
        7.130001009782926,
        7.949996257086732
      ],
      [
        0.8960466822374674,
        0.9989408828529602
      ]
    ]
  },
  {
    "FitProperties": {
      "ChiSq": 778931803.7867763,
      "degree-of-freedom": 199918,
      "n-points": 200000,
      "time-elapsed": 1146.1625566482544
    },
    "background": [
      [
        209.03658472987675
      ],
      [
        -13.698746177134165
      ]
    ],
    "background_err": [
      [
        1.0317967174521478
      ],
      [
        1.7425528638219183
      ]
    ],
    "peak": [
      {
        "d-space": [
          0.885852791775663,
          4.216607892202898e-05,
          0.0003206741616419557,
          6.706126950012171e-05,
          5.672002487291081e-05
        ],
        "d-space_err": [
          9.29491534153603e-06,
          1.144178529515077e-05,
          1.1096161822957666e-05,
          1.062873843081985e-05,
          1.2342412867958015e-05
        ],
        "height": [
          275.87512621656685,
          -2.726636441956165,
          4.911120819580787,
          -5.635978894453286,
          -37.192455497778965,
          2.962079772967288,
          -9.396432796908309,
          14.653023932403608,
          -16.779078806965153,
          -8.474213313068343,
          -1.9152589809280414,
          0.8943333581596443,
          5.795866657654015
        ],
        "height_err": [
          1.3757009565840737,
          0.8646755947820076,
          0.9190221066999125,
          0.8710264560829687,
          0.8676978758646334,
          0.8767737326814675,
          0.8478158241056015,
          0.8695121268367972,
          0.8580459537610268,
          0.8479698636328598,
          0.8780910771233363,
          0.8613276093617029,
          0.8647016772606289
        ],
        "profile": [
          0.943946828019015
        ],
        "profile_err": [
          0.03160506225509726
        ],
        "symmetry": 2,
        "width": [
          0.026804422156993593
        ],
        "width_err": [
          0.00011141012656173357
        ]
      },
      {
        "d-space": [
          0.876945803560069,
          2.097900909824365e-05,
          0.000335904076435515,
          6.787786593257581e-05,
          0.0001331075581857849
        ],
        "d-space_err": [
          3.339564613515175e-06,
          2.7752294851976766e-06,
          4.228218237144863e-06,
          3.6099279469870525e-06,
          3.674831003225935e-06
        ],
        "height": [
          885.2901844664937,
          -14.865733220715468,
          -365.8621561740151,
          -10.902730816431392,
          116.72887619877255,
          -0.949292037815492,
          -5.620877159969502,
          35.28595757042323,
          -45.698810792862865,
          -14.040909630448022,
          -2.8937190805252158,
          14.57799910453403,
          -5.331024538425188
        ],
        "height_err": [
          1.034233746551843,
          0.8711305913927906,
          0.9084316677920482,
          0.875787529511824,
          0.880086346744922,
          0.8772419841742929,
          0.8546254633419198,
          0.8653247231717305,
          0.8720228914187719,
          0.8485731898971561,
          0.8847386559572719,
          0.8724171700939773,
          0.8607232409176772
        ],
        "profile": [
          0.8976453844277528
        ],
        "profile_err": [
          0.0070086091835097454
        ],
        "symmetry": 2,
        "width": [
          0.026171110238885367
        ],
        "width_err": [
          3.359027987553783e-05
        ]
      },
      {
        "d-space": [
          0.8594417130724459,
          -2.1316565898035335e-05,
          0.00034646405574904735,
          5.961078755381429e-05,
          -0.00015603475334277384
        ],
        "d-space_err": [
          1.1369626952743152e-05,
          1.3338610737426342e-05,
          1.641060411776281e-05,
          1.3483866737120646e-05,
          1.7307085302248848e-05
        ],
        "height": [
          229.49550058332443,
          -1.9183353391931872,
          -53.499735431533146,
          -7.007034693315074,
          -46.15365147804219,
          -1.0321919128126296,
          9.389769438126722,
          11.45389471642091,
          12.712110632568953,
          -10.138239342782779,
          -4.673625276089513,
          3.525737982843137,
          -1.864514677680415
        ],
        "height_err": [
          0.9105117804068318,
          0.7336639858375557,
          0.7664859322204813,
          0.7388988349547667,
          0.7435498248649556,
          0.7352433501689477,
          0.7287698833740319,
          0.7213442273091374,
          0.7420197909763473,
          0.7240715323219845,
          0.7383517923195545,
          0.7462745410938914,
          0.716458316491599
        ],
        "profile": [
          0.5314300529959683
        ],
        "profile_err": [
          0.020823392615896646
        ],
        "symmetry": 2,
        "width": [
          0.035219418338788305
        ],
        "width_err": [
          0.00017193266678445354
        ]
      },
      {
        "d-space": [
          0.8439999131139762,
          4.178214294920085e-05,
          0.0002528428542916264,
          0.00013755674155200515,
          -0.00018175117467161107
        ],
        "d-space_err": [
          1.0023639971541637e-05,
          1.5110841328969267e-05,
          7.175084430231466e-06,
          1.2664139995872436e-05,
          1.1342357820497796e-05
        ],
        "height": [
          265.4352741687233,
          -2.670855947118381,
          172.6148986251548,
          -5.388430709744513,
          114.63508110372685,
          -6.787488803330979,
          52.21267015959502,
          6.796847526605512,
          27.948535328166088,
          -11.703791914950818,
          11.83717502911586,
          -4.144957985384596,
          5.560040601674795
        ],
        "height_err": [
          0.9131269851730522,
          0.7742680387906041,
          0.8128836360165556,
          0.777522573693636,
          0.7858305411212725,
          0.7708361720545823,
          0.7732520300410871,
          0.7582845517497963,
          0.7827733798831233,
          0.7724935071599458,
          0.7686829677229668,
          0.7839228472082169,
          0.7574782991334774
        ],
        "profile": [
          1.1345846243462034
        ],
        "profile_err": [
          0.015337349717971738
        ],
        "symmetry": 2,
        "width": [
          0.031118831164285397
        ],
        "width_err": [
          8.92217565063153e-05
        ]
      }
    ],
    "range": [
      [
        7.9200028071298325,
        8.589996513709437
      ],
      [
        0.8293979228244885,
        0.8994346204877122
      ]
    ]
  },
  {
    "FitProperties": {
      "ChiSq": 293144916.7904903,
      "degree-of-freedom": 98103,
      "n-points": 98125,
      "time-elapsed": 64.74370288848877
    },
    "background": [
      [
        198.3652709871527
      ],
      [
        11.612989586862724
      ]
    ],
    "background_err": [
      [
        0.5191503970001439
      ],
      [
        2.105143279502076
      ]
    ],
    "peak": [
      {
        "d-space": [
          0.8155413320522273,
          -6.9101085930390875e-06,
          0.0003640468841044045,
          3.880733350967771e-05,
          8.224490116482123e-05
        ],
        "d-space_err": [
          2.5589289532478644e-06,
          3.649251049429201e-06,
          3.3965366286109262e-06,
          3.2285867770161644e-06,
          3.921988849614886e-06
        ],
        "height": [
          630.7954034184601,
          6.401028973400357,
          54.51221022406723,
          -2.252917795239484,
          -127.147177732815,
          -12.662675611613746,
          -1.717629596657124,
          15.951393480775227,
          5.413127820881638,
          -12.856659337865954,
          -5.111185371581672,
          -5.423484891206268,
          -7.069306153077518
        ],
        "height_err": [
          0.9322785838837822,
          0.6918792173888343,
          0.6826231662595469,
          0.6914247289722593,
          0.6873778093364605,
          0.6840096614428223,
          0.6896881045818941,
          0.6810069151213253,
          0.6928539767647632,
          0.6946823249325268,
          0.6792045747968881,
          0.6837177712457265,
          0.6902168206690779
        ],
        "profile": [
          0.9158209663197616
        ],
        "profile_err": [
          0.008003622260925223
        ],
        "symmetry": 2,
        "width": [
          0.028757802611731505
        ],
        "width_err": [
          3.787359296318563e-05
        ]
      }
    ],
    "range": [
      [
        8.570000151138396,
        8.879995148563456
      ],
      [
        0.8023634549345302,
        0.8313295331820011
      ]
    ]
  }
]